recording_id,s0,s1,s2,s3,s4,s5,s6,s7,s8,s9,s10,s11,s12,s13,s14,s15,s16,s17,s18,s19,s20,s21,s22,s23
000316da7,-1.6906160116195679,-1.8823401927947998,-1.7830665111541748,2.8810949325561523,-2.852753162384033,-3.09254789352417,-6.107695579528809,-4.24330472946167,-4.126847743988037,-2.7962300777435303,-5.003229141235352,-7.334659576416016,3.8569633960723877,-1.936424970626831,-3.4306845664978027,-2.6635453701019287,-3.201022148132324,-4.480439186096191,1.0550159215927124,-4.679625511169434,-5.441503047943115,-2.537036418914795,-4.130338668823242,-0.7997614145278931
003bc2cb2,-3.413628578186035,-1.396366834640503,-2.910536766052246,1.7903541326522827,-4.116189956665039,-4.340559959411621,-2.918761968612671,-2.739816665649414,-4.551731109619141,-3.317963123321533,-3.6896746158599854,-4.895556449890137,0.3818776309490204,-3.3327443599700928,-2.947092056274414,-3.0433249473571777,12.495649337768555,-1.3246681690216064,-1.5411115884780884,-3.7497503757476807,-1.8986835479736328,-2.226426839828491,-3.9714601039886475,-3.2743382453918457
0061c037e,-5.118117809295654,-6.2225518226623535,-1.1708385944366455,-4.472200870513916,-3.6253600120544434,-1.3230814933776855,-3.680145740509033,-4.785717010498047,-4.075104713439941,-2.018721103668213,-2.106192111968994,0.38840392231941223,-3.242105007171631,-3.035757064819336,-6.242430210113525,-4.546945095062256,-5.967864513397217,-2.13265061378479,-5.627097129821777,2.3102612495422363,-0.1567554771900177,-3.9913549423217773,-3.9599146842956543,-2.234689235687256
010eb14d3,7.814537525177002,-3.433133125305176,-4.685896396636963,1.1728579998016357,-2.0981874465942383,-5.334338188171387,-7.864532947540283,-7.098264694213867,6.676619529724121,-4.035208225250244,-4.689718246459961,-7.86077880859375,2.690843105316162,-2.752612590789795,-3.6655330657958984,-5.006838321685791,-5.481901168823242,-5.840725421905518,2.850064992904663,-6.992456912994385,-2.8202967643737793,-4.707039833068848,-5.284628391265869,-1.0063132047653198
011318064,-4.3517279624938965,-3.4147119522094727,-3.7044827938079834,2.517516613006592,-3.3227901458740234,-3.1161487102508545,-4.644701957702637,-0.8466331958770752,-5.102176189422607,-3.342611789703369,-4.341161727905273,-5.08120059967041,-2.564030647277832,-3.3763298988342285,6.532805442810059,-1.4286608695983887,-4.896930694580078,-3.0614213943481445,-1.7266201972961426,-5.5103583335876465,-3.902022123336792,-2.2082786560058594,-3.1073665618896484,-1.8369828462600708
01307e693,-1.9351837635040283,-1.7462064027786255,-4.022585868835449,3.1916794776916504,-0.47600889205932617,-4.45648717880249,-3.22381329536438,5.300687313079834,-3.939650535583496,-1.2330632209777832,-3.128934860229492,-2.2480342388153076,1.5872985124588013,-2.232970714569092,-2.9104080200195312,1.4897229671478271,-2.8673830032348633,-2.7531280517578125,-0.8669869303703308,-5.7365007400512695,-4.946113586425781,-2.3327207565307617,-2.7718889713287354,-0.9693552851676941
013bd8b85,-2.8913025856018066,-2.367219924926758,-5.541298866271973,3.50429105758667,4.116684913635254,-4.850817680358887,-7.913808345794678,-4.901296615600586,-3.8284807205200195,-2.3081202507019043,-3.9256303310394287,-7.371864318847656,9.349281311035156,-0.8854021430015564,-2.4348771572113037,-4.066267490386963,-4.7168145179748535,-7.9500579833984375,2.810699939727783,-10.079683303833008,-8.464094161987305,-1.5681283473968506,-4.913154125213623,-1.212583065032959
01812f522,-1.8752477169036865,-2.234049081802368,-1.9474762678146362,-0.12233196198940277,-4.518246173858643,-3.572061061859131,-5.033237934112549,-5.292215347290039,-5.290194511413574,-1.0246137380599976,-3.5014209747314453,-3.984261989593506,-2.379575729370117,-2.6258130073547363,-5.336463928222656,-5.815366268157959,-5.483930587768555,-0.5034055709838867,-2.760314464569092,-4.609708309173584,15.860542297363281,-5.099453926086426,-4.877398490905762,-5.221301555633545
019db5220,-3.5724740028381348,-2.7948734760284424,-5.119404315948486,2.265141010284424,0.001032412052154541,1.6813828945159912,-3.759833812713623,-3.356781482696533,-2.546661376953125,-3.032449722290039,-3.096236228942871,-2.928149700164795,1.312812089920044,0.031773656606674194,-4.424179553985596,-3.530478000640869,-3.5550856590270996,-5.228813171386719,-1.2422599792480469,-5.830112934112549,-3.217681646347046,-1.5485141277313232,3.7685048580169678,3.02272629737854
01bd97dd6,-3.7885403633117676,-2.495009183883667,-6.619652271270752,3.4815239906311035,0.8209948539733887,-2.01173996925354,-7.007060527801514,-4.9756035804748535,-4.191027641296387,-4.395275592803955,-3.5804977416992188,-6.813442230224609,6.032622337341309,-1.333977460861206,-5.061020851135254,-4.333256721496582,-4.949817180633545,-7.660600662231445,1.5980325937271118,-7.703843593597412,-7.60348653793335,-2.10622239112854,-1.721315622329712,-0.4127398133277893
01d36def5,-8.59699821472168,-8.290201187133789,0.6575272083282471,-4.628913879394531,-7.135146141052246,-0.855311393737793,-5.537375450134277,-0.9533048868179321,-8.847497940063477,-3.0648856163024902,-5.31958532333374,-1.9278290271759033,-6.706935882568359,-6.3544511795043945,-2.257277011871338,-4.5984978675842285,-6.435508728027344,-4.873857498168945,-5.206243515014648,-3.9905335903167725,-0.8312328457832336,-7.303182601928711,-5.494437217712402,-6.190550804138184
01fefebcb,-3.7625675201416016,-0.9755176305770874,-2.7628583908081055,2.4952728748321533,-2.5122461318969727,-2.798600673675537,-6.074333667755127,-2.7920429706573486,-5.7609100341796875,-2.649712085723877,-3.966137409210205,-5.129940032958984,2.793430805206299,-1.7971510887145996,3.1496658325195312,-3.5977818965911865,-4.539092540740967,-3.711646795272827,1.5140166282653809,-3.9585654735565186,-4.337368488311768,-2.2341461181640625,-4.002080917358398,-1.3586680889129639
0208fec47,-4.900908470153809,-6.048320293426514,-1.9308907985687256,-0.9158305525779724,-6.542705535888672,-3.6173112392425537,-1.7404515743255615,0.8046880960464478,-6.489007949829102,-2.888838291168213,0.2694498598575592,4.495743274688721,-4.044300079345703,-3.3823766708374023,-3.7145426273345947,1.2418479919433594,-3.6738619804382324,-1.4934933185577393,-4.974644660949707,-3.2562942504882812,9.213277816772461,-6.809212684631348,-2.894144058227539,-4.011154651641846
0232841d4,-0.7394278049468994,-0.19965866208076477,-6.6727294921875,2.709468364715576,-0.07572659850120544,-4.138490676879883,-6.387114524841309,-2.702220916748047,-2.9345741271972656,-3.72878360748291,-4.630971908569336,-6.347357749938965,0.07924656569957733,-0.14589756727218628,9.2114896774292,-4.198427200317383,-4.360576629638672,-5.536438941955566,4.140787124633789,-6.459463119506836,-5.832340717315674,0.2868087589740753,-4.339391708374023,-1.5152148008346558
02c30604d,-4.953529357910156,-3.050774335861206,1.8859963417053223,1.8840715885162354,-3.8415703773498535,0.24161267280578613,-0.7922321557998657,2.53999400138855,-4.268369674682617,-1.4056463241577148,-2.1970059871673584,-1.352005124092102,-3.9157238006591797,-2.918017864227295,-2.7663512229919434,-3.154435396194458,-1.9340680837631226,-2.6747002601623535,-4.8013200759887695,-2.0679311752319336,-1.3841161727905273,-3.427137851715088,6.246923446655273,-1.3147971630096436
02dbcc383,-4.750216007232666,-9.124639511108398,-6.372199058532715,1.9378457069396973,-9.4209623336792,-5.722201824188232,-9.707813262939453,-4.832599639892578,-7.437887191772461,-4.751672744750977,-2.6274986267089844,-6.899882793426514,9.966302871704102,-5.935812950134277,-9.404617309570312,-6.269946098327637,-9.398160934448242,-9.612556457519531,1.6795756816864014,-12.176961898803711,-11.585165023803711,-9.542730331420898,-6.306199550628662,-5.910140514373779
0303dee3c,-3.7064573764801025,3.0866458415985107,-5.702577114105225,2.753943920135498,-0.5490202903747559,-4.118207931518555,-5.944075584411621,-2.0889768600463867,-2.973153591156006,-4.290444374084473,-4.4748854637146,-7.153282642364502,-0.7355564832687378,-0.21371755003929138,8.427261352539062,-3.7178635597229004,-2.5145087242126465,-3.9774234294891357,-2.119459629058838,-6.071699142456055,-5.455140113830566,0.9673170447349548,-3.9246459007263184,-1.8822109699249268
034f46152,-4.603743076324463,-0.9543962478637695,-2.2165472507476807,3.740314483642578,-3.2351531982421875,-0.08347208797931671,-2.9064295291900635,-2.982248306274414,-4.534897804260254,-2.2525601387023926,-2.4881820678710938,-0.3125828504562378,6.873391151428223,-0.8607030510902405,-4.334951400756836,-3.484020709991455,-4.447311878204346,-2.8887925148010254,-0.35233074426651,-1.450808048248291,-1.879213809967041,-2.7057292461395264,-0.43079710006713867,-0.15063367784023285
037460d90,-2.7797470092773438,4.4544243812561035,-4.968124866485596,3.882229804992676,0.6907579302787781,-4.051222324371338,-6.317083358764648,-4.621088981628418,-1.2334113121032715,-2.780564785003662,-3.933995246887207,-6.713479995727539,-0.576958417892456,0.49635452032089233,-1.4045886993408203,-3.7517523765563965,0.6514105796813965,-3.7475943565368652,-2.3746938705444336,-5.094605445861816,-6.098194122314453,3.443112373352051,-2.080472230911255,-1.9466831684112549
039395460,-2.5461063385009766,-2.3403708934783936,-0.4568850100040436,1.3469133377075195,-3.9546618461608887,-1.8762397766113281,-4.806625843048096,-3.9845170974731445,-6.3623738288879395,-3.550877094268799,-3.999324321746826,-3.106351375579834,-3.839759349822998,-3.330437183380127,-0.5186381340026855,-4.114828109741211,-4.656032562255859,-4.217521667480469,-1.4985156059265137,-2.4153499603271484,8.094354629516602,-3.6753838062286377,-3.490828037261963,-3.4372167587280273
039892ae3,-1.60198175907135,-1.1040585041046143,0.4206387996673584,1.772818684577942,-5.142777442932129,-2.9588518142700195,-4.544341087341309,6.243203163146973,-5.3163557052612305,-1.3581643104553223,-3.9674665927886963,-3.0913949012756348,-1.6678597927093506,-2.9480843544006348,-1.4369068145751953,-3.2877554893493652,-1.7156893014907837,-2.2267885208129883,-1.5959014892578125,-4.440394401550293,-1.805349588394165,-4.023072242736816,-4.2090559005737305,-1.9633041620254517
03a06a709,-5.7362542152404785,-5.050652503967285,-3.7858681678771973,-1.748093843460083,-3.604113817214966,-0.24924588203430176,-3.9622271060943604,-4.74296760559082,-5.4606170654296875,-1.6898131370544434,-2.6244828701019287,-0.19480383396148682,-3.689655065536499,-4.451432228088379,-5.792118072509766,-4.58413553237915,-6.6490349769592285,-3.3577535152435303,-5.509191036224365,-2.9592056274414062,-1.7546405792236328,-4.70020055770874,-0.33261269330978394,0.194957435131073
03a9a5b2a,-2.6753902435302734,-6.766378879547119,-8.147689819335938,3.258575916290283,-4.447610378265381,-5.621471405029297,-9.819318771362305,-5.721264839172363,-5.938572883605957,-5.584582328796387,-5.109496116638184,-8.916786193847656,10.570521354675293,-4.458160877227783,-5.496959686279297,-6.2972588539123535,-8.337610244750977,-10.847553253173828,3.5968010425567627,-13.2294282913208,-11.075112342834473,-4.91435432434082,-6.295784950256348,-3.5130414962768555
03d0c7428,-2.406850576400757,-1.950484275817871,-7.426014423370361,3.763326644897461,-1.3449010848999023,-4.741903305053711,-8.55093765258789,-4.094714164733887,-5.298063278198242,-3.8828721046447754,-5.1004719734191895,-8.642426490783691,7.102240085601807,-2.7384941577911377,-2.1958627700805664,-4.805459022521973,-5.353233337402344,-8.543076515197754,4.508961200714111,-10.001924514770508,-8.902402877807617,-1.9117546081542969,-5.342379093170166,-1.227933406829834
03f5a4505,-3.3234829902648926,-2.468101978302002,-4.32075309753418,1.4217138290405273,-2.4948387145996094,-1.3417534828186035,-4.013219356536865,-5.038165092468262,-2.8308916091918945,-3.2568225860595703,-0.13695815205574036,-2.6672420501708984,8.617836952209473,-0.22925573587417603,-6.6669769287109375,-3.9484446048736572,-5.138789176940918,-3.031039237976074,-1.2565600872039795,-1.1136279106140137,-3.6812891960144043,-3.6109046936035156,-0.6562520265579224,1.358094573020935
03f8931a1,-7.526926040649414,-5.7354817390441895,-4.266537666320801,-2.0999162197113037,-8.608409881591797,-5.590152263641357,-2.6090245246887207,4.874688148498535,-8.050088882446289,-3.118502140045166,0.08325850963592529,9.12387752532959,-5.158798694610596,-5.037281036376953,-5.337419509887695,-4.049002170562744,-2.0701451301574707,-4.083648681640625,-5.5440754890441895,-5.848363876342773,-4.767523288726807,-6.0238752365112305,-3.5536205768585205,-3.6166210174560547
04053cd3e,5.1616902351379395,-0.881430983543396,-5.455235481262207,2.4036993980407715,0.8054209351539612,-4.91970157623291,-8.544563293457031,-5.371138572692871,3.7288482189178467,-3.6791634559631348,-2.645145893096924,-6.659702777862549,8.533553123474121,-0.7340449690818787,-3.499903917312622,-4.5233635902404785,-4.9854512214660645,-6.788923263549805,2.617652177810669,-7.3702521324157715,-5.721473217010498,-4.536297798156738,-4.964581489562988,-1.4548474550247192
040d4f0d5,-0.8852999806404114,-1.0554938316345215,-3.2430310249328613,2.4882097244262695,2.561619520187378,-2.8055214881896973,-4.253871440887451,-2.1736772060394287,-2.192018508911133,1.5958828926086426,-2.9161036014556885,-3.4978291988372803,-0.18797609210014343,-1.5562454462051392,3.506619453430176,-3.363710880279541,-4.218998908996582,-0.8210674524307251,1.0354348421096802,-6.08882474899292,-3.942441701889038,-0.05715717375278473,-3.6552858352661133,-0.487201988697052
042a6c838,-2.2162482738494873,1.4269013404846191,-6.296959400177002,3.9113712310791016,4.187828063964844,-3.255627393722534,-6.535514831542969,-4.2434797286987305,-2.5835883617401123,-2.956146717071533,-4.581727027893066,-6.146711349487305,2.2890608310699463,0.4155401885509491,-2.5726866722106934,-3.8601226806640625,-3.325629234313965,-5.493333339691162,1.2498407363891602,-6.864673614501953,-7.267838954925537,1.902256965637207,0.6728795170783997,-0.152639701962471
044173e0d,-4.851269245147705,-3.150590419769287,-0.018988758325576782,-2.2860653400421143,-4.359877109527588,-2.341236114501953,-4.703167915344238,-4.596783638000488,-5.947519779205322,-3.28745698928833,-3.486921787261963,-4.124691963195801,-3.945716619491577,-1.8024927377700806,-2.3464245796203613,-3.743743896484375,-4.860580921173096,-2.379025459289551,-3.6039154529571533,-1.701215386390686,-0.42122703790664673,-4.666559219360352,-4.8089094161987305,-2.3332793712615967
04496d53a,-4.711094856262207,-5.549391746520996,0.4480768144130707,-2.486534595489502,-3.8070945739746094,-1.172922134399414,-3.1139721870422363,1.3714845180511475,-4.78554630279541,-1.9977850914001465,-2.800471067428589,1.2316946983337402,-3.947093963623047,-4.575469493865967,-1.1907339096069336,-4.181571006774902,-4.297667980194092,-2.9211983680725098,-4.92929744720459,-0.23708432912826538,-0.6407213807106018,-4.975645542144775,0.08116894960403442,0.6746848821640015
0465bce22,-5.023718357086182,-4.101784706115723,-8.385872840881348,2.688018321990967,-2.996453046798706,-5.711477279663086,-8.684532165527344,-2.4428958892822266,-6.5408430099487305,-7.096505165100098,-5.0288591384887695,-8.901100158691406,-1.4010981321334839,-5.501785755157471,7.776394844055176,-7.059096336364746,-7.936539649963379,-6.425044059753418,1.4798930883407593,-11.130120277404785,-3.285963535308838,-1.7570366859436035,-6.56156063079834,-4.947145462036133
047a7c4bf,-3.900704860687256,-0.5411658883094788,-3.6617064476013184,2.519636869430542,0.025479435920715332,1.873924732208252,-2.2340874671936035,-1.97653067111969,-3.5644021034240723,-2.5913097858428955,-2.561446189880371,0.484491229057312,-1.55148184299469,-1.042739748954773,-4.518802165985107,-3.6770849227905273,-3.743814706802368,-3.968076705932617,-2.9579906463623047,-2.8699002265930176,-2.161900281906128,-1.1270133256912231,1.8103567361831665,2.533005714416504
048b0a17d,-3.993821620941162,-2.495119094848633,-2.986217498779297,2.235747814178467,-0.9984266757965088,-1.1875416040420532,-3.9367940425872803,-3.716118335723877,-3.432346820831299,-2.7400262355804443,-3.34999942779541,1.3531229496002197,-0.1046694815158844,-1.5618233680725098,-3.3301544189453125,-3.6475234031677246,-4.7149553298950195,-3.6358628273010254,-1.573580265045166,0.8313258290290833,-1.8123481273651123,-2.064340114593506,-2.074213981628418,2.5199198722839355
048b8700d,-4.441697120666504,-4.639692783355713,-0.3107886016368866,-3.2038352489471436,-7.728007793426514,-2.937486171722412,-4.608835697174072,-5.0868449211120605,-7.903618335723877,-2.4804434776306152,-3.6190874576568604,-1.7906508445739746,-4.547248840332031,-4.079956531524658,-5.689965724945068,-5.108312606811523,-7.433536052703857,-2.5745410919189453,-5.495600700378418,-3.764373302459717,14.323295593261719,-8.281699180603027,-6.586508750915527,-5.514120101928711
04997b478,-2.1129629611968994,4.631937503814697,-6.966036796569824,4.024900436401367,-0.5466712117195129,-2.970489263534546,-5.525974750518799,-4.554398536682129,-0.23641031980514526,-3.045030355453491,-3.5634000301361084,-6.515542507171631,0.21685416996479034,-0.02018401026725769,-3.4732666015625,-4.337704181671143,9.272127151489258,-4.203693389892578,-1.5545916557312012,-2.9245247840881348,-7.287217140197754,2.4898295402526855,2.659698009490967,-0.7746589183807373
04aa83271,-2.651350498199463,4.624327659606934,-6.3176589012146,2.666818141937256,-3.9100356101989746,-6.054331302642822,-4.351120948791504,-2.2345128059387207,-5.307972431182861,-3.649796724319458,-3.956028938293457,-7.647298812866211,0.8079209923744202,-0.8227005004882812,-3.8695569038391113,-4.798027992248535,18.403324127197266,-1.9572808742523193,-1.1469320058822632,-5.913939476013184,-7.905361652374268,-0.4346572160720825,-3.4270777702331543,-2.468369960784912
04aef0297,-3.8658766746520996,-0.9543294906616211,-7.957249641418457,2.900646924972534,4.022051811218262,-4.396568298339844,-6.871356010437012,-4.401542663574219,-1.764639973640442,-5.475798606872559,-5.187651634216309,-6.972555160522461,0.18650513887405396,-1.1933984756469727,6.0102219581604,-3.581991672515869,-4.298069000244141,-5.266684532165527,2.5410618782043457,-8.356016159057617,-6.0287675857543945,2.6673831939697266,-4.87244987487793,-0.7790912985801697
04e21ba1b,-4.658735275268555,-7.26963996887207,-2.036043882369995,-3.827561378479004,-4.817932605743408,-0.22675204277038574,-5.2879133224487305,-6.351649284362793,-4.955733299255371,-2.0167088508605957,-3.986785888671875,-0.7080947160720825,-4.265178203582764,-5.715869903564453,-3.4083023071289062,-3.284348726272583,-5.709672927856445,-3.205284357070923,-3.8226990699768066,-3.296876907348633,0.23194988071918488,-5.211926460266113,-4.809929847717285,-1.5276546478271484
04f07f088,-0.9859142303466797,0.523897111415863,-1.5904653072357178,3.0033979415893555,4.44777774810791,-2.3611643314361572,-3.6010820865631104,-3.043428897857666,0.5924060940742493,-0.27558633685112,-3.483835458755493,-4.532810211181641,0.6400905847549438,1.2773141860961914,-2.212562322616577,-2.887143135070801,-1.7583273649215698,-1.997978925704956,-0.6860522031784058,-4.529141902923584,-5.120944499969482,4.711157321929932,-1.9628329277038574,-0.8349887132644653
052b35029,-6.073801517486572,-6.59184455871582,-0.35904738306999207,-0.3449975848197937,-6.830043315887451,-1.7050379514694214,-2.6687698364257812,-1.9606589078903198,-7.08803129196167,-1.9176316261291504,-4.390270233154297,-1.5502605438232422,-3.039973020553589,-6.598675727844238,-5.18133544921875,-4.467471599578857,-5.531162738800049,-3.3106801509857178,-3.599846363067627,-5.048860549926758,0.8009787797927856,-6.675564289093018,-5.198034286499023,-4.614607810974121
053f5fe34,-5.012681007385254,-0.5145469903945923,-8.186727523803711,2.3892760276794434,-1.480208158493042,-3.9514660835266113,-6.735500812530518,-2.3319530487060547,-4.129319190979004,-4.842841148376465,-5.098028182983398,-6.4686408042907715,-1.0812525749206543,-3.6385128498077393,8.307868957519531,-4.500323295593262,-4.1162261962890625,-5.691207408905029,-1.7268571853637695,-8.360513687133789,-5.977048873901367,0.693747878074646,-5.0867533683776855,-0.9160590171813965
059859ca1,-1.1527490615844727,-1.7499957084655762,-5.038902759552002,2.462921619415283,-2.2418713569641113,-0.15192089974880219,-4.061883449554443,-1.9100342988967896,-4.247996807098389,-3.468000888824463,-2.671154022216797,-4.165694713592529,2.7423763275146484,-2.289738178253174,2.700437545776367,-3.356609344482422,-2.185590982437134,-5.69137716293335,4.677848815917969,-5.990520477294922,2.774803638458252,-1.9380842447280884,5.396358966827393,-1.3360817432403564
05d2c9fbc,-2.3029778003692627,-2.533787965774536,4.289007186889648,2.12050461769104,-2.6194095611572266,-3.1955151557922363,-4.356906414031982,-1.0868704319000244,-5.209662437438965,2.814091682434082,-2.647782325744629,-3.6326656341552734,1.8476450443267822,-2.5240261554718018,-5.34001350402832,-3.9316437244415283,-4.754326343536377,-2.166189670562744,-0.7934989333152771,-5.696948051452637,-0.6737295389175415,-4.182397365570068,-3.6221868991851807,-1.9308476448059082
06011bbad,-6.167741775512695,-5.866148471832275,-1.5376859903335571,-2.7927346229553223,-3.848165512084961,-0.2818322479724884,-2.9432263374328613,-1.2207119464874268,-6.0207295417785645,-0.6227754354476929,-1.5595452785491943,2.2644455432891846,-3.845132350921631,-3.6610546112060547,-2.5160088539123535,-4.171000003814697,-5.972641944885254,-2.037391185760498,-3.722080707550049,0.5575284361839294,0.49210241436958313,-4.500393867492676,-2.947009801864624,-2.9751806259155273
06355ced6,-5.491302967071533,-8.240726470947266,0.10618363320827484,-4.150145530700684,-6.817262649536133,-2.3510446548461914,-3.7775349617004395,-2.6846606731414795,-7.937674522399902,-3.125427722930908,-3.039632797241211,0.508518397808075,-5.636354446411133,-5.779918670654297,-2.5469212532043457,-5.547433376312256,-5.925050735473633,-2.159938335418701,-5.615723609924316,-3.7013938426971436,4.365730285644531,-7.0919694900512695,-5.651419639587402,-4.600070476531982
0637cd357,-5.621397018432617,-9.532889366149902,-1.5339003801345825,-6.069639205932617,-5.685555934906006,-1.37969970703125,-5.655882835388184,-7.213879108428955,-7.030396938323975,-2.6312358379364014,-4.271288871765137,-0.8749356865882874,-5.047277450561523,-6.766794204711914,-6.325379371643066,-6.502352714538574,-8.287883758544922,-3.8395049571990967,-6.09548282623291,-2.6378049850463867,-0.3014530539512634,-7.564335346221924,-5.799806118011475,-4.040192604064941
06677c2a1,0.8022481203079224,-7.70928955078125,-8.003239631652832,2.32521915435791,-4.95956563949585,-2.6896722316741943,-8.433341026306152,-5.483990669250488,6.98225212097168,-4.294358730316162,-2.3020987510681152,-6.179047584533691,10.718445777893066,-4.013510704040527,-6.315427303314209,-5.374666213989258,-7.69166898727417,-6.206376075744629,0.818049430847168,-8.744735717773438,-2.3720178604125977,-7.245696544647217,-3.015451192855835,-0.26481208205223083
06d3bbdd6,-0.6113026738166809,-0.5552917718887329,-6.0717973709106445,2.921133279800415,-0.03558838367462158,-4.117503643035889,-6.881921768188477,-4.945525646209717,-1.5857607126235962,-3.5346593856811523,-2.5846428871154785,-6.274325370788574,7.904347896575928,-0.03915829956531525,-3.09737229347229,-3.363572120666504,-3.7909562587738037,-6.738381385803223,1.8360828161239624,-7.710528373718262,-7.757059097290039,-1.5193912982940674,-3.286923408508301,-1.2031205892562866
06ee4df67,0.7975086569786072,-2.386369466781616,-1.8220947980880737,2.3818135261535645,-2.569669246673584,-3.736422538757324,-3.711974620819092,1.0859891176223755,-4.1375932693481445,-0.987443208694458,-4.026455402374268,-3.4791884422302246,-0.06688928604125977,-3.86838960647583,4.101553916931152,0.5069336295127869,-2.8035011291503906,-0.11767596006393433,0.7774560451507568,-5.407466888427734,-1.4714727401733398,-1.901228666305542,-3.453583002090454,-2.475299835205078
0724b938e,-5.325308799743652,-5.469018936157227,-2.454592704772949,-3.7304186820983887,-0.23763705790042877,-1.956957221031189,-2.8728747367858887,-4.13743782043457,-4.901599407196045,-2.337944984436035,-3.593100070953369,0.4412941038608551,-4.609734535217285,-4.520715713500977,-4.5816755294799805,-5.464657306671143,-6.462350368499756,-4.049538612365723,-5.595676898956299,-2.028362274169922,-1.6092915534973145,-4.777235507965088,-1.6016415357589722,2.9423141479492188
0728b2d37,-5.441930770874023,-3.768026828765869,-4.619421005249023,0.4500981271266937,-0.935645580291748,-0.1558658629655838,-2.794900894165039,-4.013453483581543,-4.276053428649902,-2.4971117973327637,-2.9576120376586914,-0.10083496570587158,-3.158944845199585,-3.224364995956421,-4.186075210571289,-3.98567795753479,-4.665940284729004,-4.061758995056152,-4.773895263671875,-2.9476871490478516,-3.076819658279419,-3.4202284812927246,0.5282130241394043,3.1523048877716064
0769cc41f,-4.236795425415039,-0.9721039533615112,-3.7220821380615234,1.056034803390503,-4.499187469482422,-4.609237194061279,-2.3309757709503174,-4.48757791519165,-4.287964820861816,-2.943844795227051,-3.3552472591400146,-5.346549034118652,0.0939997136592865,-0.15555274486541748,-4.853400230407715,-3.100128412246704,16.151073455810547,1.2425615787506104,-3.919480562210083,-1.5768051147460938,-5.641844272613525,-2.3400766849517822,-3.4941530227661133,-2.5601348876953125
076d267e9,-5.016136169433594,-8.072235107421875,-9.370502471923828,2.4934940338134766,-5.944903373718262,-3.5696070194244385,-8.88951301574707,-6.164744853973389,-4.596682548522949,-5.969133377075195,-2.6220455169677734,-6.200806617736816,9.799324035644531,-4.302456378936768,-8.37744426727295,-5.516500473022461,-8.33675765991211,-10.304051399230957,0.9325480461120605,-10.689899444580078,-10.33402156829834,-6.5224504470825195,-2.5427474975585938,-2.4326181411743164
07758f213,-5.447303295135498,-4.43315315246582,-0.21540236473083496,-2.420393228530884,-7.34881067276001,-2.2165212631225586,-2.7437949180603027,0.34818509221076965,-7.327158451080322,-2.919320583343506,-1.8924556970596313,5.837695121765137,-4.0313920974731445,-4.236802577972412,-5.229502201080322,-4.801984786987305,-6.052103042602539,-2.1987602710723877,-4.5762200355529785,-3.8550007343292236,10.330486297607422,-7.027810096740723,-4.58448600769043,-4.592256546020508
07d477123,-1.6026768684387207,-5.919989585876465,-4.0495147705078125,3.3228681087493896,-3.853303909301758,0.9197198152542114,-4.262316703796387,-4.125849723815918,2.564267158508301,-2.1575496196746826,-1.618213415145874,-3.4427900314331055,9.597746849060059,-2.3720884323120117,-4.304651260375977,-3.9712114334106445,-6.197305679321289,-2.836730480194092,1.0264875888824463,-3.9192404747009277,-1.473548412322998,-5.329703330993652,-1.3947502374649048,0.12317779660224915
07e8a69a4,-2.055962562561035,-2.737164258956909,0.39686769247055054,-2.983639717102051,-4.544274806976318,1.6998661756515503,-4.466301918029785,-4.2923688888549805,-5.778359413146973,-1.7993781566619873,-3.506737470626831,-1.3186118602752686,-4.7864203453063965,-2.590658187866211,-3.5698938369750977,-4.102856636047363,-5.032440185546875,-1.7868821620941162,-2.751781940460205,-1.295403003692627,0.3791040778160095,-5.087793350219727,-4.819910526275635,-1.768416404724121
0882a07d2,-1.4194867610931396,-4.172045707702637,-5.289742469787598,2.872514247894287,8.887420654296875,-4.146735191345215,-5.988523483276367,-5.155526638031006,-1.5255002975463867,-2.3706588745117188,-2.798982620239258,-3.2884292602539062,5.786505699157715,3.974961757659912,-5.348448753356934,-3.9296071529388428,-4.52660608291626,-1.9956607818603516,0.691068172454834,-7.000104904174805,-6.452041149139404,-0.7249805927276611,-3.513068199157715,2.264575719833374
08aaf51a8,2.8332934379577637,3.974243640899658,-1.60054349899292,0.7351585626602173,-0.8581559062004089,-2.212329387664795,-2.5443575382232666,-2.996126651763916,-3.9209980964660645,-2.0482735633850098,-3.3249850273132324,-2.0267317295074463,-3.1142280101776123,2.18699049949646,-2.135204315185547,2.317720890045166,-2.56656551361084,-1.973157286643982,-4.439950942993164,2.700143814086914,3.744866371154785,-0.8419066071510315,-2.4818527698516846,1.3388992547988892
08b58f0b0,-4.853621482849121,-3.593550682067871,-1.0738798379898071,2.469059467315674,-3.8428938388824463,-3.025498867034912,-4.0261430740356445,-2.5518486499786377,-5.588127136230469,-3.6619009971618652,-4.900905609130859,-3.799938678741455,-0.4048732817173004,-3.1123433113098145,-2.461458921432495,-3.5304043292999268,-4.086700439453125,-4.131126403808594,-0.6283563375473022,-5.618157863616943,-1.121285319328308,-3.5122833251953125,-4.39252233505249,-1.396684169769287
08c11ec6e,-4.352914810180664,-2.058206558227539,-2.408137321472168,3.2596654891967773,-4.806056022644043,-1.2454655170440674,-5.4671831130981445,-3.258516788482666,-5.385237693786621,-1.994368314743042,-3.2981598377227783,-4.222963333129883,6.162229537963867,-2.032656669616699,-4.070249557495117,-3.3074421882629395,-4.744176864624023,-5.2117509841918945,-0.4358384311199188,-4.260480880737305,-4.987170219421387,-4.038879871368408,-2.227933883666992,-0.7127619981765747
090d27329,-2.868194580078125,-1.8622769117355347,-1.503785252571106,1.087519645690918,-0.989875853061676,-2.377570152282715,-1.8310291767120361,-0.5188897848129272,-4.609059810638428,-2.1802613735198975,-3.006244659423828,1.0882585048675537,-3.3652052879333496,-2.4989781379699707,-2.379544496536255,-1.1843898296356201,-3.0096521377563477,-1.9868782758712769,-3.9271187782287598,-3.511655807495117,2.575299024581909,-3.6484296321868896,-1.8141168355941772,2.1000986099243164
0966a30a3,-1.0484954118728638,-4.92054557800293,1.3666796684265137,-1.4396162033081055,-3.4537363052368164,1.9888156652450562,-2.406482696533203,0.46340277791023254,-5.224524021148682,-0.32094842195510864,-2.6866679191589355,-0.18832999467849731,-4.486688613891602,-2.5601460933685303,-2.7133023738861084,-2.5772013664245605,-4.784295558929443,-1.0469295978546143,-3.937389373779297,-2.5880560874938965,5.360003471374512,-4.722293376922607,0.43214091658592224,-2.0320992469787598
097c4f536,-7.381002902984619,-4.653213024139404,-0.1949475109577179,-1.8147927522659302,-4.422185897827148,-2.344259738922119,-3.5746607780456543,0.03657141327857971,-7.141063213348389,-3.604617118835449,-2.7599246501922607,4.02301025390625,-4.682433128356934,-4.574678421020508,-2.2390635013580322,-4.87995719909668,-6.063474655151367,-4.2381463050842285,-3.638737201690674,-4.3000617027282715,6.009702682495117,-4.353086471557617,-3.199244976043701,-3.207310914993286
099b55467,-3.765990734100342,-4.078509330749512,0.5088792443275452,-1.1862614154815674,-2.7134392261505127,-0.8604398369789124,-2.0031003952026367,2.0964889526367188,-5.31587028503418,-0.04742816090583801,-1.31138014793396,4.442957878112793,-5.06043815612793,-3.477121114730835,-3.25480318069458,-3.385411262512207,-4.560931205749512,4.7041425704956055,-5.123950481414795,-2.930544376373291,8.197657585144043,-5.4583740234375,-3.3642375469207764,-0.3855626881122589
09cf1cd6b,-6.972884178161621,-4.666686058044434,-6.589104175567627,3.02461576461792,-4.219748497009277,-4.716638565063477,-9.539985656738281,-6.024807929992676,-7.364401817321777,-6.213768005371094,-6.4896240234375,-6.765883445739746,-2.423922538757324,-5.0567097663879395,0.9361758232116699,-3.8541860580444336,-6.568136692047119,-8.563193321228027,0.8170912265777588,-6.273577690124512,-6.397904396057129,-2.827608585357666,-5.06168270111084,-4.308622360229492
09ffed9c0,-3.7711679935455322,-4.636284828186035,0.5434898138046265,-0.48896369338035583,-5.230855941772461,-1.9798967838287354,-2.4849350452423096,0.10286916792392731,-6.101454257965088,1.7339997291564941,0.5568013191223145,-0.3544105589389801,-5.999961853027344,-5.161776542663574,-2.0333235263824463,-2.1903021335601807,-3.687340259552002,7.422464370727539,-4.774453163146973,-2.761356830596924,17.07278823852539,-5.236993789672852,-3.1103436946868896,-2.9453625679016113
0a45adab2,-7.1953558921813965,-7.316184997558594,-1.593312382698059,-2.1616358757019043,-6.41154670715332,-2.8413772583007812,-2.7721314430236816,1.9244441986083984,-7.865724086761475,-3.368849754333496,-3.7899556159973145,3.772259473800659,-6.975446701049805,-6.308537483215332,-3.155527353286743,-0.8439445495605469,-5.781869411468506,-2.0520317554473877,-4.832664489746094,-3.9879565238952637,1.6532723903656006,-7.270457744598389,-3.256779193878174,-4.418719291687012
0a64c67f8,1.4673283100128174,-2.641805648803711,-2.1364738941192627,1.616815447807312,-1.6635808944702148,-3.2925469875335693,-2.338775157928467,-2.5108096599578857,-2.7486066818237305,0.2032865285873413,-3.127176284790039,-1.6477590799331665,3.953907012939453,-2.7149477005004883,-3.353969097137451,-0.491667777299881,-4.741578578948975,-1.8835631608963013,-1.286736249923706,-4.377594947814941,-4.147813320159912,-4.285945892333984,-3.249514579772949,2.978275775909424
0a6a36fb6,-8.068689346313477,-5.53912353515625,-2.601909637451172,-3.030648708343506,-8.4390230178833,-4.865435600280762,-3.029651641845703,3.9387874603271484,-7.452719688415527,-3.180591106414795,0.09132564067840576,8.771820068359375,-5.311191558837891,-4.352679252624512,-3.9587690830230713,-4.255257606506348,-3.1914103031158447,-4.700078964233398,-5.600662708282471,-5.7305402755737305,1.3074198961257935,-6.226040840148926,-2.548351764678955,-3.9452457427978516
0a930ca0f,-7.937555313110352,-9.03156566619873,-0.15181753039360046,-1.6565316915512085,-7.560482978820801,-2.595193862915039,-5.196434020996094,-4.416119575500488,-9.7052640914917,-4.959897994995117,-5.848821640014648,-5.037573337554932,-6.559586524963379,-8.15800666809082,-2.8885791301727295,-5.580019950866699,-6.970973968505859,-4.8155517578125,-5.368717193603516,-5.947064399719238,0.2784573435783386,-7.651525974273682,-6.7598676681518555,-5.669691562652588
0ae65727d,-10.324645042419434,-8.996530532836914,-2.816796064376831,-5.954959392547607,-6.945863246917725,-3.5429279804229736,-7.496246814727783,-8.256162643432617,-7.2874274253845215,-5.376312255859375,-4.947563648223877,-0.7224296927452087,-4.515219211578369,-6.681698322296143,-4.557145595550537,-6.740540504455566,-8.861124038696289,-7.519791126251221,-5.351240158081055,-4.728015422821045,-1.504800796508789,-7.293484210968018,-6.218080520629883,-5.022506237030029
0b13e273c,-2.9963338375091553,-6.683211326599121,-4.082963466644287,2.6447958946228027,-7.336270332336426,-5.5365891456604,-5.696026802062988,0.7258106470108032,-7.816137313842773,-3.708527088165283,-6.791565418243408,-5.627814769744873,-1.471174955368042,-4.9152607917785645,6.493703842163086,0.4515320956707001,-4.720454216003418,-3.6111717224121094,-2.0096592903137207,-6.605881690979004,-3.5979256629943848,-6.3006062507629395,-4.612826347351074,-4.902434349060059
0b2d25d62,-5.514852523803711,2.2785632610321045,-4.710812568664551,0.946713924407959,-2.2405576705932617,-4.597519874572754,-2.890761613845825,-2.5924906730651855,-2.49471378326416,-2.405787944793701,-3.93564510345459,-2.577725887298584,-2.7626161575317383,-2.634923219680786,-3.3233938217163086,3.292510509490967,14.076570510864258,-0.5772817730903625,-4.543995380401611,-1.2580498456954956,-4.368563652038574,1.953568935394287,-2.3765149116516113,-2.7984375953674316
0b3cbd762,0.30233779549598694,-6.820652008056641,-6.416563034057617,2.7499277591705322,-2.491589069366455,-6.436917781829834,-9.268941879272461,-5.6077375411987305,-4.100731372833252,-4.152935981750488,-4.716952323913574,-9.597922325134277,8.340885162353516,-2.8976471424102783,-7.485074043273926,-5.644915580749512,-7.4165143966674805,-8.566240310668945,3.5422723293304443,-12.511109352111816,-10.88089370727539,-5.68454122543335,-6.066123008728027,-2.7311620712280273
0b42e54ab,-5.610357284545898,-6.065769672393799,-1.9089500904083252,-3.7383835315704346,-6.182265281677246,-1.9127297401428223,-5.009535789489746,-4.595892906188965,-6.884016513824463,-3.362426996231079,-3.7776424884796143,0.43076980113983154,-4.004033088684082,-6.030195236206055,-4.165726661682129,-5.829867362976074,-6.899456977844238,-3.720457077026367,-4.251287460327148,-2.591831684112549,3.202270030975342,-6.692575454711914,-5.18853759765625,-4.149672031402588
0b7f599cf,0.6252397298812866,4.458244323730469,-1.1366784572601318,3.393115758895874,-1.277359962463379,-3.3038573265075684,-4.136008262634277,-1.5134222507476807,-4.672912120819092,1.5995522737503052,-4.744751930236816,-4.870463848114014,-2.34582781791687,0.7885811924934387,-1.2456380128860474,-2.317880392074585,-2.9520480632781982,-3.4202795028686523,-2.5179386138916016,-3.4686856269836426,-2.6550755500793457,-1.4548051357269287,-3.6607730388641357,-0.3596060872077942
0ba908079,-6.0470662117004395,-8.760660171508789,-2.76822829246521,-1.9529249668121338,-6.9440531730651855,-4.447188854217529,-2.4278321266174316,-2.8021624088287354,-7.180507183074951,-1.7312031984329224,-4.585061550140381,-0.8419260382652283,-7.7853240966796875,-8.872082710266113,-3.37221097946167,4.363961696624756,-6.4940996170043945,-0.9080415368080139,-8.073383331298828,-4.557648181915283,-2.1837635040283203,-7.342199325561523,-2.373152256011963,-3.7307302951812744
0baed3c67,-4.460023880004883,-2.241410255432129,-3.2342138290405273,3.0622310638427734,-1.0049262046813965,-2.3068487644195557,-4.35142707824707,-4.092824459075928,-4.188290596008301,-4.287035942077637,-2.9779818058013916,-2.791935682296753,1.2119382619857788,-3.415468215942383,-1.8909395933151245,-3.817594051361084,-4.806599140167236,-3.8545687198638916,-0.17601263523101807,-3.632310390472412,4.53568172454834,-3.225341796875,-2.4266486167907715,3.310957908630371
0bcb177ea,-4.688479900360107,-0.8536877036094666,-3.551806926727295,3.063314437866211,2.1231179237365723,-1.0273206233978271,-3.736088991165161,-4.036557197570801,-3.54158878326416,-2.1684486865997314,-1.964693307876587,0.013097099959850311,1.1723507642745972,-2.2514944076538086,-4.249124050140381,-3.824667453765869,-4.440596103668213,-3.001192808151245,-1.7138222455978394,-0.09272897243499756,-2.8384814262390137,-2.357851266860962,-1.21208655834198,0.3521997034549713
0bd8a0e62,-4.601259231567383,-4.683877468109131,0.1361229419708252,0.7868678569793701,-6.582953453063965,-2.935946226119995,-0.5132752656936646,4.309056282043457,-7.263227462768555,-0.219463050365448,-1.903564453125,6.665099143981934,-1.9337950944900513,-4.991931438446045,-2.139282464981079,-3.6926753520965576,-3.429381847381592,-3.1610326766967773,-0.3082290589809418,-4.3276286125183105,2.147017240524292,-5.374030590057373,-3.8199825286865234,-4.630400657653809
0be3a4baa,-4.051750183105469,-1.962968349456787,-5.355395317077637,2.85565185546875,-0.9209976196289062,-0.5514326095581055,-4.0456037521362305,-4.250912189483643,-3.6720170974731445,-2.637820243835449,-2.997875213623047,-1.1665031909942627,1.3595972061157227,-2.3065145015716553,-3.119450569152832,-3.0940918922424316,-4.309004783630371,-4.888213157653809,-1.1410406827926636,-4.180450439453125,-3.5481302738189697,-1.5089845657348633,-0.7902302742004395,1.3746328353881836
0c4d6a79e,-1.81400728225708,2.224081516265869,0.08093171566724777,1.8718916177749634,-2.6467974185943604,-3.5714895725250244,-3.001894474029541,-0.2922089099884033,-4.800668716430664,3.573446750640869,-4.760350227355957,-3.0423221588134766,-3.9787750244140625,-2.5110816955566406,-0.48008018732070923,-0.9518336057662964,-2.188769817352295,1.491292119026184,-1.3195788860321045,-4.421501159667969,1.1286975145339966,-2.705071210861206,-3.623687505722046,-1.5148447751998901
0c5143157,-1.7494051456451416,2.244311809539795,-2.637389659881592,2.8823139667510986,3.441319704055786,-2.9677486419677734,-4.79124641418457,-2.9109230041503906,-2.951321601867676,-2.844942569732666,-3.789597511291504,-4.357359886169434,1.0451449155807495,-0.0936618447303772,-3.5095179080963135,-3.618868350982666,-2.268463611602783,-3.9854507446289062,-1.407250165939331,-3.7098889350891113,2.466871976852417,-0.520961344242096,-2.840407133102417,1.6126708984375
0c7a15b50,-2.91342830657959,-3.7817506790161133,-5.44393253326416,2.260552167892456,-4.491498947143555,-6.466862678527832,-6.391945838928223,3.2222278118133545,-6.356616973876953,-2.96144962310791,-4.3887505531311035,-1.1032788753509521,1.4574692249298096,-4.3475236892700195,-0.25768935680389404,-4.223268032073975,-4.737518787384033,-6.156503677368164,0.8367450833320618,-8.128561019897461,-5.994050025939941,-4.410278797149658,-3.1656455993652344,-3.9468369483947754
0cbcff74d,-5.959196090698242,-5.071620941162109,-0.618830680847168,-1.2901543378829956,-7.503837585449219,-2.8834729194641113,3.0058155059814453,2.017984390258789,-7.408638954162598,-2.2904179096221924,-3.26759672164917,2.1214821338653564,-5.034903526306152,-5.713059425354004,-2.9331843852996826,-4.764022350311279,-4.342936038970947,-3.5364882946014404,-4.159619331359863,-3.599186420440674,12.693998336791992,-6.011204719543457,-3.6357967853546143,-4.945708751678467
0cc9654d3,-4.0221476554870605,-5.359419822692871,0.5862115621566772,1.7176719903945923,-5.915484428405762,-2.843935489654541,-4.230452537536621,-3.0543951988220215,-7.946551322937012,-2.337200164794922,-4.377070426940918,-4.3545145988464355,1.0341541767120361,-5.222065448760986,-4.445662975311279,-4.978362083435059,-6.833771705627441,-3.2506513595581055,0.012979507446289062,-5.081699371337891,-3.6128110885620117,-6.007684707641602,-6.669219493865967,-5.050806999206543
0ce6c3971,-5.145214557647705,-6.452118873596191,-1.7988708019256592,0.2613031566143036,-5.478066444396973,-2.6070196628570557,-3.5594558715820312,-1.4353275299072266,-7.628528594970703,-3.510923147201538,-5.156073570251465,-5.092480659484863,-6.244715690612793,-6.735096454620361,5.258913993835449,-0.8828986883163452,-6.495469093322754,-1.6589057445526123,-3.0530734062194824,-5.2585673332214355,2.472830057144165,-5.705965518951416,-4.859637260437012,-4.732372283935547
0cff61a28,-2.0563461780548096,-0.6068545579910278,-1.0620496273040771,1.4663844108581543,-3.031318426132202,-2.449307918548584,-3.332198143005371,-1.833961009979248,-4.066259384155273,-2.5789575576782227,-1.6055338382720947,-1.735244631767273,1.934338092803955,-1.9112859964370728,-4.445084571838379,-3.0481557846069336,-2.601410150527954,-1.4596776962280273,-1.4489691257476807,-2.3208377361297607,3.7425241470336914,-2.40366530418396,-0.5659085512161255,-1.1236459016799927
0d2419e0e,1.0032762289047241,-3.17333984375,-1.6456865072250366,2.486579656600952,-1.3911573886871338,0.11501777172088623,-2.77189302444458,-2.6709675788879395,1.267000675201416,-1.9778088331222534,-2.736600875854492,-2.409628391265869,4.617502212524414,-0.681786060333252,-1.2581877708435059,-0.013890288770198822,-4.502573013305664,-1.9322068691253662,0.6176387071609497,-3.120425224304199,-1.3308064937591553,-3.0956032276153564,-2.0049352645874023,-1.0240826606750488
0d999c656,-6.30858039855957,-7.59525728225708,-0.5170982480049133,-5.903541088104248,-8.400334358215332,-2.026803970336914,-4.511919021606445,-2.31282377243042,-9.387508392333984,-3.4100594520568848,-4.10725212097168,0.05767633020877838,-5.915180206298828,-6.84103536605835,-4.6255083084106445,-5.652088642120361,-7.316298961639404,-4.210349082946777,-5.556346893310547,-4.614834785461426,7.575664520263672,-8.558656692504883,-6.379983901977539,-6.589659214019775
0da661bf4,-3.632012367248535,-2.9405527114868164,-4.573150634765625,3.6766741275787354,0.03788134455680847,-2.1782188415527344,-4.119256019592285,-3.5268917083740234,-3.9823522567749023,-3.2937374114990234,-2.347975254058838,-3.374697208404541,5.3674163818359375,-1.7975502014160156,-4.609940052032471,-4.151541709899902,-4.731766700744629,-5.628971576690674,2.636754035949707,-5.74348258972168,-6.173504829406738,-2.1390278339385986,-2.1760101318359375,2.43896484375
0dc380aa8,-3.3529391288757324,-5.840847015380859,0.39296430349349976,0.16068017482757568,-7.2123284339904785,-2.419296979904175,-2.234405040740967,3.6507787704467773,-6.326621055603027,-2.461777925491333,-2.802116632461548,-1.0629769563674927,-2.5461111068725586,-5.863029956817627,-2.103890895843506,-2.9443140029907227,-2.9646313190460205,-1.6202049255371094,-3.7553436756134033,-2.9137582778930664,-0.6546504497528076,-5.848649978637695,-3.8530538082122803,-4.401379108428955
0dda9e6b1,6.270309925079346,-5.658644676208496,-4.6447248458862305,1.4890623092651367,-3.428692102432251,-8.44656753540039,-9.762310028076172,-6.315546989440918,-2.738554000854492,-2.6108572483062744,-5.68703031539917,-9.251834869384766,4.917000770568848,-3.221918821334839,-8.865638732910156,-5.133818626403809,-6.887722969055176,-7.0518670082092285,2.5132856369018555,-10.993402481079102,-9.882866859436035,-7.12724494934082,-6.764752388000488,-3.1262264251708984
0ddf2b7a6,-5.508004665374756,-5.666788101196289,-0.7873537540435791,1.1088093519210815,-8.418113708496094,-4.177705764770508,-3.493619441986084,3.5952820777893066,-8.155797958374023,-3.2239880561828613,-3.1725475788116455,2.085526704788208,-5.211015701293945,-5.281843662261963,-2.004899263381958,1.0704798698425293,-2.5481066703796387,-1.3846988677978516,-4.46898078918457,-4.055199146270752,0.6926928758621216,-6.71513557434082,-3.655586004257202,-5.445330619812012
0def49130,-4.050854682922363,-2.670510768890381,-1.509498119354248,0.615240216255188,-3.5430703163146973,-2.1849679946899414,-1.9800467491149902,-2.2749314308166504,-5.664830207824707,-2.1657676696777344,-3.9958605766296387,-0.1429213583469391,-1.3686981201171875,-3.7694997787475586,-1.4807603359222412,-2.1418299674987793,-4.249362945556641,-1.5913196802139282,-2.002173900604248,-2.5379679203033447,0.5578099489212036,-2.941448211669922,-3.770108461380005,-0.5994104146957397
0e09adfe9,-2.579031467437744,-4.702153205871582,-0.05551861226558685,1.1143779754638672,-5.124231338500977,-2.9432694911956787,-0.9732635617256165,1.3006842136383057,-4.758429527282715,-1.1520634889602661,-1.702873706817627,-2.9600982666015625,-1.4268556833267212,-4.863595008850098,-2.1548051834106445,-2.0523133277893066,-2.0710930824279785,1.7964421510696411,-3.3300042152404785,-3.969832181930542,-3.416912317276001,-5.050722122192383,-2.7613840103149414,-0.38245487213134766
0e1fe96bd,-5.06369161605835,-4.799946308135986,-0.730205774307251,2.404478073120117,-2.594799041748047,-2.338395118713379,-3.9437685012817383,-2.9797635078430176,-4.705089092254639,-3.007500171661377,-2.9243032932281494,-0.7370933294296265,-1.0192956924438477,-3.2761693000793457,-2.769521713256836,-3.6284680366516113,-3.372066020965576,-2.4618172645568848,-1.13462495803833,-1.1592166423797607,-1.003678321838379,-2.5966176986694336,-3.1201305389404297,-3.126176357269287
0e42bd11e,-1.7276947498321533,2.8428728580474854,-3.3874740600585938,3.1153109073638916,-2.2857542037963867,-4.445013046264648,-5.5925493240356445,-2.6585652828216553,-4.166923999786377,-2.2814183235168457,-2.5243782997131348,-5.5175909996032715,1.6601675748825073,-0.9672789573669434,-4.609743118286133,-3.388747215270996,9.268332481384277,-3.435914993286133,-2.333108425140381,-5.846575736999512,-5.796277046203613,0.2473229616880417,-2.348971366882324,-2.040351152420044
0e6dadd1b,-2.3722920417785645,-1.3052442073822021,-6.638429641723633,2.9904613494873047,2.6856019496917725,-4.6639862060546875,-6.497479438781738,-3.587405204772949,-2.3043527603149414,-3.9420323371887207,-4.893039703369141,-7.129635810852051,0.42320579290390015,-1.3557815551757812,8.309015274047852,-3.8958613872528076,-4.687901496887207,-4.624708652496338,1.5074125528335571,-8.453584671020508,-6.572910785675049,0.04587079584598541,-4.875449180603027,-1.5067343711853027
0e7bdb0b3,-3.453216791152954,-3.284583806991577,0.201639786362648,-1.221630573272705,-4.198914527893066,-0.7244164347648621,-2.7915332317352295,-0.26997530460357666,-5.137962341308594,0.9581476449966431,-2.130667209625244,0.1435084044933319,-4.323624610900879,-3.428061008453369,-1.3437608480453491,-3.1503639221191406,-3.2619779109954834,-1.0803039073944092,-2.246591806411743,-1.2783210277557373,2.617231607437134,-3.8636727333068848,-2.5823216438293457,-2.4639766216278076
0ea504d17,-0.19707301259040833,-1.7022969722747803,-1.66798996925354,2.9720606803894043,-2.8741164207458496,-3.203324317932129,-5.032804012298584,-0.4930475354194641,-4.202948570251465,-0.7502772808074951,-3.722926378250122,-4.427155494689941,2.7507832050323486,-2.355095863342285,-2.805115222930908,-3.537917137145996,-3.4815096855163574,-4.332880973815918,1.2562448978424072,-4.413695812225342,-4.937342643737793,-1.553991675376892,-2.8448495864868164,-1.0364173650741577
0ea77d7b7,-5.070518493652344,-3.841061592102051,-3.2304961681365967,2.3339157104492188,-3.72450852394104,-1.4628887176513672,-3.261960744857788,-4.1067609786987305,-4.265288829803467,-1.5561668872833252,-2.2229435443878174,-1.1363130807876587,4.922101020812988,-2.688598871231079,-3.471774101257324,-3.2558043003082275,-5.372921466827393,-3.282846450805664,0.43854933977127075,-2.8465449810028076,-3.6417760848999023,-3.039921283721924,-2.3634719848632812,-0.8487328290939331
0ec1aeda1,-0.9239228367805481,-2.982320547103882,-3.6121463775634766,3.1586239337921143,-1.9790974855422974,-3.8432767391204834,-5.126029014587402,-2.6439402103424072,-5.222283363342285,4.218875408172607,-5.440960884094238,-4.641350269317627,4.157410621643066,-1.975164771080017,-3.2467358112335205,-3.7202401161193848,-5.170706748962402,-3.4345836639404297,1.5767101049423218,-7.457650661468506,-7.299904823303223,-2.8282108306884766,-3.674760341644287,-1.5526785850524902
0ec3209e2,-1.678034782409668,-0.7874267101287842,-6.270653247833252,3.3645007610321045,2.7242281436920166,-4.006566047668457,-7.087035179138184,-5.416550159454346,-1.7101786136627197,-3.649237871170044,-3.034116744995117,-7.526248931884766,7.262783050537109,0.7405991554260254,-3.890105962753296,-3.5400519371032715,-4.028120994567871,-7.562718868255615,2.185337543487549,-7.28516149520874,-7.435749530792236,-0.5014640688896179,-3.5213143825531006,-1.0252761840820312
0ec7eb8e7,-6.7513203620910645,-5.7275800704956055,0.6615145206451416,2.8442575931549072,-5.96787691116333,-3.789557695388794,-5.434983253479004,-4.330628395080566,-8.801472663879395,-2.641207456588745,-5.868161678314209,-5.689022064208984,-0.29518526792526245,-5.613866806030273,-2.6768250465393066,-5.97027063369751,-7.775728702545166,-4.512542724609375,0.12034740298986435,-6.872373580932617,-4.739086627960205,-6.429944038391113,-7.701616287231445,-5.059360504150391
0f0e300fb,-2.214474678039551,-4.265647888183594,-7.855768203735352,2.870553970336914,0.17793020606040955,-2.751912832260132,-8.02049732208252,-5.291714668273926,-2.8624374866485596,-4.718938827514648,-3.2393224239349365,-6.453912734985352,9.305916786193848,-0.6945003271102905,-4.590090274810791,-3.885340452194214,-5.139041423797607,-7.8245649337768555,3.1542043685913086,-10.158441543579102,-9.40648078918457,-1.7822061777114868,-1.8775273561477661,-1.052466869354248
0f435eee1,-2.3628733158111572,-2.040283441543579,0.8305416703224182,0.3417394757270813,-4.539659023284912,-2.2395317554473877,-4.660192489624023,5.516658306121826,-4.806456565856934,-1.3686764240264893,-4.404333591461182,-2.307340621948242,-3.4290671348571777,-3.174635410308838,-0.8810389041900635,-2.6981868743896484,-3.4222543239593506,-1.713417887687683,-1.4539968967437744,-3.13442063331604,-1.3153760433197021,-4.42506742477417,-4.2696123123168945,-1.0884839296340942
0f52cfeeb,-3.6185073852539062,-1.6862279176712036,-5.093106269836426,2.859543800354004,-1.202059268951416,1.1878249645233154,-4.222834587097168,-2.3719911575317383,-4.458301544189453,-4.858057022094727,-4.4341044425964355,-5.595200061798096,2.075479507446289,-2.5050108432769775,5.919623374938965,-3.381251335144043,-4.728930473327637,-4.706756591796875,2.889049530029297,-6.9767351150512695,-3.9492063522338867,-1.2734620571136475,-1.3653526306152344,0.07681852579116821
0f97e5ee5,-2.988224983215332,-1.3515355587005615,1.1326617002487183,2.271820068359375,-2.7566885948181152,-0.7606053352355957,-4.89076042175293,-2.2609939575195312,-4.719780445098877,-4.764993667602539,-3.021117925643921,-3.1835620403289795,-2.7216622829437256,-1.966207504272461,-0.9491929411888123,-3.3671858310699463,-3.3586015701293945,-3.722987413406372,-0.880515456199646,-3.626302480697632,4.642919540405273,-2.8328487873077393,0.09151455760002136,-1.9384541511535645
0fa0af606,-5.509248733520508,-4.1798553466796875,-0.3815577030181885,2.328545093536377,-5.8747782707214355,-2.6628148555755615,-6.2980523109436035,-4.010982990264893,-8.147052764892578,-2.1438961029052734,-5.702640533447266,-5.015778541564941,-1.0792427062988281,-5.118928909301758,-1.547680377960205,-5.321738243103027,-6.735814571380615,-4.2157793045043945,-0.8331891298294067,-5.445974349975586,-4.509843826293945,-4.9026408195495605,-6.841941833496094,-3.4509148597717285
0fdab4b3c,-6.408850193023682,-5.927207946777344,-1.2455358505249023,-4.674295902252197,-6.462453365325928,-2.6055688858032227,-5.793415069580078,-6.371624946594238,-7.240269660949707,-3.5251708030700684,-4.70662784576416,-2.8021440505981445,-3.208481788635254,-3.7858526706695557,-4.701916694641113,-5.290179252624512,-7.513139724731445,-4.945633411407471,-3.103753089904785,-2.4704670906066895,-1.6448314189910889,-5.759792327880859,-7.260655403137207,-5.418154716491699
0fef36a05,4.012691497802734,-0.23902100324630737,-1.827648639678955,1.759106159210205,-3.819453239440918,-3.251345634460449,-5.887522220611572,-3.920391082763672,-3.2059783935546875,-1.3802516460418701,-4.4992852210998535,-3.8519835472106934,-0.840794563293457,-1.992348074913025,0.4225453734397888,-2.3556408882141113,-3.3401312828063965,-3.078678607940674,0.23810619115829468,-1.9325604438781738,4.866658687591553,-4.424117088317871,-4.221927642822266,-2.5661284923553467
101e55d43,-5.014878749847412,-7.139739990234375,2.4147419929504395,-1.8831746578216553,-6.508510112762451,-2.0529961585998535,6.550417900085449,2.127044439315796,-7.730798244476318,0.5084887146949768,-4.87420129776001,1.3828752040863037,-7.715127944946289,-7.336978435516357,-3.2004573345184326,-0.30104565620422363,-4.389994144439697,-2.432661533355713,-6.335728168487549,-3.4757144451141357,-0.8127281069755554,-6.727456569671631,-2.997373580932617,-4.045587539672852
10788adbc,-5.646216869354248,5.264488220214844,-9.359952926635742,2.2382333278656006,-1.1650692224502563,-4.353259086608887,-7.33535099029541,-2.303133010864258,-3.544494867324829,-6.3875298500061035,-6.01490592956543,-8.256732940673828,-2.360060930252075,-1.3518108129501343,9.735298156738281,-5.205524444580078,-2.4364376068115234,-6.82151460647583,-1.545503854751587,-7.9700422286987305,-5.928073406219482,3.488530158996582,-5.330350875854492,-1.6404669284820557
109557c57,1.9696515798568726,-5.7182111740112305,-5.9429402351379395,3.031681537628174,-3.1099181175231934,-6.276374816894531,-9.65756607055664,-6.208471298217773,-4.084773540496826,-3.861726760864258,-4.12156867980957,-8.76571273803711,9.122262001037598,-2.492455244064331,-8.163975715637207,-5.728762626647949,-7.201814651489258,-9.703755378723145,2.9750430583953857,-11.400136947631836,-10.800374984741211,-6.401173114776611,-4.994016647338867,-2.958702564239502
10b07068d,3.5180721282958984,-1.787855625152588,0.6560653448104858,-0.1414746642112732,-4.64278507232666,-3.498856544494629,-3.230682849884033,-3.487338066101074,-4.3939528465271,-2.062591075897217,-4.2191362380981445,-4.266235828399658,-4.3172078132629395,-1.7462857961654663,-2.895111560821533,-1.0893445014953613,-3.6806840896606445,-1.7964146137237549,-2.8967623710632324,-1.4424940347671509,-1.256108045578003,-5.244688034057617,-4.460677146911621,-2.083007574081421
10b235de1,-4.072811603546143,-7.416163444519043,-6.824784278869629,3.867732048034668,-10.408580780029297,-4.813781261444092,-8.540907859802246,-4.523732662200928,-7.14613151550293,-4.999216079711914,-1.0890636444091797,-6.665909290313721,10.779033660888672,-5.048510551452637,-8.969703674316406,-4.106151580810547,-8.375308990478516,-8.040946006774902,-0.8929197788238525,-9.458878517150879,-10.337139129638672,-9.986146926879883,-5.18065071105957,-4.931413650512695
10b4e296d,-2.443199396133423,3.7623770236968994,-3.6287221908569336,3.278757095336914,6.522868633270264,-3.3332245349884033,-5.646775245666504,-4.746168613433838,-0.6638752222061157,-1.21419358253479,-3.4015324115753174,-4.1809916496276855,-1.3134160041809082,1.4557870626449585,-0.44605475664138794,-4.259937763214111,-1.989933729171753,-1.8840266466140747,-0.4412018656730652,-3.5015063285827637,8.67027473449707,7.209155559539795,-3.1436498165130615,-0.42903149127960205
10d58c6f5,-2.664125680923462,3.7912020683288574,-4.842761039733887,4.640379905700684,3.006054401397705,-4.669520378112793,-7.3232526779174805,-3.5918612480163574,-2.7207961082458496,-2.711118698120117,-3.7356536388397217,-6.606813430786133,1.5382704734802246,-0.03039020113646984,-3.6899099349975586,-4.634312629699707,-1.3496733903884888,-5.90468692779541,-1.6668132543563843,-6.914364337921143,-7.8234758377075195,2.342486619949341,-2.736273765563965,-2.171070098876953
10fa28496,3.0953245162963867,-2.1605851650238037,1.9331190586090088,-1.799804449081421,-4.560698509216309,-3.3758413791656494,-6.096464157104492,-5.157708168029785,-3.8981406688690186,-0.9040519595146179,-5.027167797088623,-4.455400466918945,-4.478438377380371,-2.476412773132324,-4.492009162902832,-5.3104963302612305,-4.94703483581543,-3.068258047103882,-3.0812947750091553,-2.937108039855957,-0.7216211557388306,-5.5666046142578125,-5.626091957092285,-0.9866182208061218
10fe3b80f,-2.67895245552063,-2.6537437438964844,1.0101752281188965,2.27232027053833,-5.159316539764404,-2.2184255123138428,-1.8077366352081299,-2.89279842376709,-5.895351409912109,-2.053699016571045,-4.534928321838379,-4.135493278503418,-1.784925937652588,-3.379603147506714,-1.4122635126113892,-2.2985286712646484,-3.1575801372528076,-2.305988311767578,-0.5802966356277466,-3.704240322113037,-2.1286580562591553,-3.293531894683838,-4.178277015686035,-3.2980642318725586
10ffc39bc,1.1773738861083984,-5.063075065612793,3.552319049835205,1.0013699531555176,-5.670162200927734,-2.844465732574463,-5.298283100128174,-3.3406972885131836,-7.409642219543457,-2.695347785949707,-4.781325340270996,-4.127562999725342,-4.300354957580566,-5.579936981201172,-4.854716777801514,-4.744677543640137,-3.7108664512634277,-3.1128957271575928,-3.0870819091796875,-3.3343913555145264,2.2281248569488525,-7.480760097503662,-5.906856536865234,0.23469752073287964
112e45fc4,5.493654251098633,0.8390355706214905,-2.1633081436157227,2.4053635597229004,-3.640131950378418,-5.672861099243164,-7.280776500701904,-3.7549469470977783,-3.9967567920684814,-2.9960663318634033,-4.468957901000977,-8.299713134765625,3.010249137878418,-2.5011677742004395,-3.3000736236572266,-4.143580436706543,-3.5978007316589355,-7.353567123413086,1.4503073692321777,-7.720395088195801,-5.640976905822754,-3.5574655532836914,-5.859786510467529,-4.249250411987305
11306b782,-3.636979341506958,-7.734630584716797,-7.057756423950195,2.3577563762664795,-4.534217357635498,-5.445620536804199,-9.537569999694824,-5.813821792602539,-5.7887420654296875,-5.0396552085876465,-4.078980445861816,-7.57885217666626,10.70438003540039,-3.4650988578796387,-7.5920186042785645,-6.261555194854736,-8.772459030151367,-10.187976837158203,3.223431348800659,-13.05065631866455,-11.581871032714844,-6.15167760848999,-6.356131553649902,-3.8404815196990967
117d9a7c1,6.749776840209961,-3.2689216136932373,-1.0594674348831177,1.3554348945617676,-4.805182456970215,-3.3130924701690674,-6.029462814331055,-4.779869079589844,-4.7768754959106445,-4.030388832092285,-3.8801441192626953,-2.478419780731201,4.481090545654297,-3.3269426822662354,-4.7644853591918945,-4.47273063659668,-5.828139781951904,-5.870960712432861,-0.23506298661231995,-3.635146379470825,-2.6698169708251953,-4.099606513977051,-3.932257890701294,-3.382744312286377
1202a2650,-3.9578819274902344,-4.826885223388672,-0.4071393609046936,0.3151773512363434,-6.0498738288879395,-2.3925604820251465,-0.5919679403305054,0.23763199150562286,-5.834812641143799,-3.4567856788635254,-2.3180644512176514,2.9591939449310303,-3.553415536880493,-5.052321434020996,-4.047546863555908,-4.231622219085693,-4.910165309906006,-1.7527655363082886,-3.9166417121887207,-3.956662654876709,4.683836460113525,-5.991364479064941,-4.732424736022949,-5.7654194831848145
1216bdea4,-3.569192886352539,5.523490905761719,-7.544129848480225,2.5391502380371094,-4.969440937042236,-6.2265305519104,-5.043006420135498,-3.0319738388061523,-5.325235366821289,-3.455432415008545,-3.5876212120056152,-7.466034889221191,0.6943492889404297,-1.3481043577194214,-4.154884338378906,-5.439539909362793,21.089397430419922,-2.1557116508483887,-2.9002127647399902,-6.518610954284668,-7.874858856201172,-0.9601590633392334,-3.5036442279815674,-3.5877366065979004
1246e017b,-3.4252355098724365,-2.3064823150634766,-8.099831581115723,2.777331829071045,1.921546459197998,-3.654733419418335,-6.836644649505615,-3.257194995880127,-2.3653252124786377,-4.601861000061035,-5.059560775756836,-6.533578872680664,0.9558191299438477,-0.7627691030502319,7.232515335083008,-3.886716365814209,-4.8156232833862305,-5.6578826904296875,1.3678460121154785,-8.063566207885742,-6.6916608810424805,0.043793171644210815,-0.756916344165802,-0.44271162152290344
124a84f36,-0.27931615710258484,0.9508746862411499,-0.33915701508522034,2.3503973484039307,-3.520272731781006,-2.6339168548583984,-5.526993751525879,-1.1374483108520508,-4.216297149658203,-3.1504063606262207,-2.4845829010009766,-4.421342372894287,-0.8585360050201416,-1.1537280082702637,-2.604187250137329,-2.573976516723633,-1.900246024131775,-4.040089130401611,-1.4433847665786743,-3.786710262298584,4.119643211364746,-2.0427215099334717,-1.0961374044418335,-0.3002873659133911
12a4d9e95,-2.363157272338867,-2.3969566822052,0.22403526306152344,2.4800987243652344,-2.484220504760742,0.728943943977356,-3.052633762359619,-1.9324017763137817,-3.865610122680664,-1.7547944784164429,-3.3734898567199707,-3.9174981117248535,2.0673904418945312,-0.3149857223033905,-2.288999319076538,1.273349642753601,-4.440038681030273,-2.0458714962005615,1.310058355331421,-5.099958896636963,-2.4290273189544678,-3.2085609436035156,-2.2752840518951416,-1.9380170106887817
12b81575a,-4.180868148803711,-4.056186199188232,-5.369829177856445,3.8481338024139404,-5.24123477935791,-3.329035758972168,-7.195810794830322,-3.7362613677978516,-5.178551197052002,-4.229769706726074,-2.9615354537963867,-7.686743259429932,7.869168281555176,-2.9291322231292725,-5.083879470825195,-4.49038553237915,-5.56623649597168,-7.699316024780273,-0.019606012850999832,-9.279470443725586,-8.589207649230957,-4.8350324630737305,0.04611790180206299,-2.9935731887817383
131a6848a,-2.801955461502075,-1.0997490882873535,0.21535788476467133,3.316840171813965,-3.118098258972168,-2.659147024154663,-4.595226287841797,-0.6771398782730103,-3.680361747741699,-2.3199875354766846,-3.7826931476593018,-4.5886406898498535,-1.860325813293457,-2.236637592315674,-1.5774458646774292,-2.0837507247924805,-1.4379243850708008,-2.205737829208374,-1.8150533437728882,-4.5007476806640625,-3.2019577026367188,-1.9693329334259033,-2.8718183040618896,-1.025909662246704
133bdbd34,-3.833085536956787,-4.881661415100098,-7.020425796508789,3.7860379219055176,-2.8824374675750732,-5.159605026245117,-9.444194793701172,-5.999835014343262,-6.325375080108643,-5.1092529296875,-4.360899448394775,-8.538044929504395,8.895654678344727,-2.4568958282470703,-3.784407615661621,-5.181741714477539,-6.684619903564453,-9.716838836669922,2.911703586578369,-11.391509056091309,-10.398926734924316,-3.284611463546753,-6.497065544128418,-2.36299467086792
135c4d0ab,-6.220913887023926,-5.080152988433838,0.1904752254486084,-2.613844156265259,-7.1714301109313965,-2.1902825832366943,-2.7807133197784424,3.6741061210632324,-6.572609901428223,0.7780643105506897,-0.1641046404838562,7.680232048034668,-6.090224266052246,-3.8322811126708984,-4.260411739349365,-3.9722161293029785,-3.676300048828125,-1.5992144346237183,-4.992666244506836,-4.431922912597656,2.9078147411346436,-6.372487545013428,-3.6709671020507812,-3.4614458084106445
13d9ca101,6.974865913391113,-5.865429878234863,-4.518824577331543,1.7710697650909424,-3.110750913619995,-9.004467010498047,-10.190474510192871,-6.393471717834473,-2.191922187805176,-3.704869031906128,-5.977235794067383,-9.644245147705078,5.511083602905273,-3.436760425567627,-8.94651985168457,-5.749112129211426,-7.098836898803711,-8.159012794494629,3.302778720855713,-11.453235626220703,-9.771488189697266,-6.701047897338867,-7.069420337677002,-3.2669577598571777
143d47752,4.6440205574035645,-3.859647512435913,7.908816814422607,1.4955620765686035,-5.441161155700684,-2.981062173843384,-5.75014591217041,-3.9433395862579346,-6.17232608795166,-2.791996479034424,-7.524893283843994,-8.33846378326416,-2.5401451587677,-3.09822416305542,-6.63346529006958,-6.478302955627441,-4.896548271179199,-4.4620161056518555,0.7405093312263489,-8.075056076049805,-5.7658538818359375,-6.1729230880737305,-6.847496032714844,-6.165679931640625
14ac0cbc1,4.280025005340576,0.9501165151596069,1.8167086839675903,2.393984317779541,-3.801706552505493,-3.702592372894287,-5.863644599914551,-1.8187587261199951,-3.806443214416504,-2.2952306270599365,-5.046490669250488,-5.8777618408203125,0.14512859284877777,-2.07920241355896,-2.2910239696502686,-4.383824825286865,-3.3735666275024414,-2.5987417697906494,0.3381778299808502,-5.961211204528809,-5.149617671966553,-3.167517900466919,-5.65090274810791,-2.754119873046875
1519c960b,-1.7245423793792725,-2.722715139389038,-1.3393584489822388,2.5476455688476562,-3.373293399810791,-3.806947708129883,-3.330901861190796,-1.8709299564361572,-5.151446342468262,-3.4214253425598145,-3.4475085735321045,-4.752536773681641,2.26274037361145,-3.1697025299072266,1.3517844676971436,1.050544261932373,-4.392043113708496,-2.3189008235931396,1.4221832752227783,-4.698398590087891,-2.648919105529785,-3.2522354125976562,-4.5595927238464355,-1.985242247581482
153152f1b,-5.516677379608154,-5.604516983032227,-2.7208609580993652,0.18306809663772583,-5.461004734039307,-3.1710915565490723,-6.177702903747559,-5.344188690185547,-6.4707512855529785,-3.6250383853912354,-4.365721702575684,-4.063198089599609,-3.3953969478607178,-4.311618804931641,-1.5198760032653809,-4.112773895263672,-4.147404670715332,-4.982548713684082,-2.074622631072998,-5.890110015869141,-3.3343241214752197,-4.862405776977539,-6.081685543060303,-2.2253687381744385
154009f6f,-2.95404052734375,-2.4652347564697266,-1.3367300033569336,2.5122275352478027,-4.5133056640625,-2.4323723316192627,-1.6422364711761475,0.9214390516281128,-4.967761993408203,-2.131870985031128,-2.8053040504455566,-2.1424779891967773,0.39963051676750183,-3.445038318634033,-2.986154556274414,-2.487621784210205,-2.834477424621582,-2.0868353843688965,-1.5247007608413696,-3.32069730758667,-0.08220943808555603,-3.279632091522217,-2.3381459712982178,-1.3387775421142578
1595d8520,-5.694247245788574,-6.55448579788208,-3.1942076683044434,2.979783296585083,0.1247251033782959,-4.378290176391602,-6.566652774810791,-5.675859451293945,-5.4958343505859375,-4.009640216827393,-2.2948384284973145,-5.545194625854492,8.324528694152832,-2.3667306900024414,-7.589612007141113,-4.886131286621094,-7.482653617858887,-5.759961128234863,0.07153339684009552,-8.56655502319336,-7.87099552154541,-5.082548141479492,-5.059623718261719,-3.18178653717041
16211f6f0,-4.226823806762695,-7.1122965812683105,-7.555088520050049,2.9568305015563965,-1.1391215324401855,-4.338458061218262,-8.888362884521484,-6.155938148498535,-4.287603855133057,-5.654403209686279,-3.004323959350586,-7.957911968231201,9.595632553100586,-2.416579246520996,-5.37559700012207,-5.60061502456665,-7.593338489532471,-9.350783348083496,2.8999242782592773,-12.144543647766113,-10.166767120361328,-3.3343405723571777,-5.332918167114258,-2.114781379699707
164419792,-3.800215005874634,-2.6890170574188232,0.3492890000343323,-0.8845853805541992,-1.722684621810913,-0.7586596608161926,-2.6620190143585205,0.29634955525398254,-4.0790910720825195,1.3762309551239014,-2.468341588973999,-0.575374186038971,-4.823677062988281,-3.0643651485443115,-0.9070316553115845,-2.9197773933410645,-3.68975830078125,4.266820430755615,-4.154082298278809,-2.993882179260254,4.60629940032959,-3.7176079750061035,-1.83322274684906,1.9576761722564697
1646f15f8,12.689760208129883,-0.3621945083141327,-6.290753364562988,1.1755132675170898,-2.675168514251709,-11.207721710205078,-10.457907676696777,-7.601352214813232,-3.546916961669922,-3.0438449382781982,-6.799371719360352,-10.60531997680664,-0.053096264600753784,-1.7896238565444946,-9.630960464477539,-7.074340343475342,-4.750080108642578,-8.303208351135254,0.009351499378681183,-9.242790222167969,-8.011621475219727,-6.323287010192871,-7.605174541473389,-1.908803939819336
164ed3af2,-3.0394911766052246,-0.9970955848693848,-0.79913330078125,-2.1703708171844482,-2.983236789703369,0.29549354314804077,-3.616809844970703,-2.9175214767456055,-4.64420223236084,0.11388956010341644,12.81974983215332,0.33863842487335205,-3.8197824954986572,-1.385204553604126,-3.8287272453308105,-3.3844246864318848,-4.262662887573242,0.43996763229370117,-4.9631547927856445,-1.9979071617126465,2.0262973308563232,-3.8102502822875977,-1.0866367816925049,0.7231241464614868
166829221,-3.9640254974365234,-2.066889762878418,-2.85634446144104,3.1718270778656006,-3.6150200366973877,-3.0902581214904785,-4.567821502685547,-2.0094234943389893,-4.42087459564209,-2.1823134422302246,-2.587087631225586,-4.607565402984619,2.5527379512786865,-2.745342493057251,-3.204774856567383,-2.6337790489196777,11.778237342834473,-1.4124953746795654,-0.7791372537612915,-5.240698337554932,-4.915220737457275,-3.05083966255188,-2.2320985794067383,-1.86025071144104
16ac1552e,-2.2439677715301514,5.066017150878906,-2.9810690879821777,2.349393129348755,-2.140284299850464,-4.405086517333984,-6.0964250564575195,-3.671680212020874,-2.705984592437744,-3.0599164962768555,-3.9659175872802734,-5.829686164855957,-0.7705419063568115,-0.14369186758995056,-3.2642204761505127,-4.188806533813477,5.162937641143799,-2.3008575439453125,-2.408489227294922,-3.822078227996826,-5.575963020324707,1.3918191194534302,-3.490786075592041,-1.5533368587493896
16bdc9519,-1.9567933082580566,-5.709535598754883,0.8622007369995117,1.4510040283203125,-6.366764068603516,-2.204329490661621,-5.466770648956299,-3.3471519947052,-7.524742126464844,-2.8041441440582275,-4.868072509765625,-3.7531964778900146,-2.6023340225219727,-5.476444244384766,-3.5786080360412598,-4.210325241088867,-5.669713973999023,-4.469073295593262,-0.44471704959869385,-4.716141700744629,1.1196978092193604,-6.107836723327637,-5.422196388244629,-5.743744850158691
16ca3bfc4,-4.986191272735596,-2.323237657546997,-3.547576427459717,1.5922942161560059,-0.7230895161628723,-0.3268117308616638,-2.6239771842956543,-3.402775287628174,-3.746211528778076,-2.6955301761627197,-2.2654123306274414,0.5105633735656738,-2.1455721855163574,-2.239055633544922,-4.255821228027344,-3.5022075176239014,-4.199175834655762,-3.0718629360198975,-3.967252731323242,-1.365689754486084,-1.2343837022781372,-2.1817898750305176,1.370603322982788,2.1390981674194336
16dce03c1,-3.3725571632385254,-3.774667263031006,-0.8377081751823425,0.45538973808288574,-6.022727966308594,-2.2201006412506104,-3.7094671726226807,-2.707780599594116,-6.373998641967773,3.011101245880127,-2.1522865295410156,0.6063148975372314,-4.3314008712768555,-3.9640002250671387,-4.858855247497559,-5.638973236083984,-6.078289985656738,7.364740371704102,-3.8026933670043945,-3.2347426414489746,10.25874137878418,-7.357651233673096,-4.630326271057129,-3.574777126312256
16ddf4901,-2.4442977905273438,1.1011370420455933,-4.621087551116943,3.9215645790100098,4.61099910736084,-4.0115509033203125,-2.481924533843994,-2.7603673934936523,-2.835085391998291,-2.8345117568969727,-3.477405071258545,-3.81835675239563,6.2237725257873535,0.05419252812862396,-2.650164842605591,1.5781583786010742,-2.8758325576782227,-1.8397328853607178,0.6909083127975464,-4.233328342437744,-4.770822048187256,0.004572436213493347,-3.221292495727539,-1.528088092803955
16e1c2483,4.294933319091797,-0.4339754581451416,1.371333360671997,-1.0724025964736938,-3.2697224617004395,-5.016016483306885,-4.887932777404785,-6.135176658630371,-3.834322214126587,-1.6233577728271484,-5.033087730407715,-4.286886692047119,-5.050107002258301,-1.8709386587142944,-8.117406845092773,-4.672583103179932,-3.822374105453491,-2.9137258529663086,-4.24210786819458,-2.1653895378112793,-1.2081363201141357,-4.965014457702637,-4.747845649719238,-0.6647852659225464
172ff2c64,-0.24734362959861755,-2.44207501411438,-4.806301116943359,2.3666799068450928,-1.7719488143920898,-4.450999736785889,-4.832331657409668,1.770829200744629,-2.9216554164886475,-3.715693473815918,-2.0613441467285156,-4.702396869659424,1.2732882499694824,-3.168614387512207,2.253150224685669,-1.7410974502563477,-4.127320289611816,-3.2814314365386963,2.10977840423584,-6.066650867462158,-3.8923120498657227,-1.5643999576568604,-4.407248497009277,-1.0259597301483154
17557278d,-0.5376924276351929,-0.6104016304016113,-3.782283306121826,1.6024391651153564,0.6220853328704834,-2.653017997741699,-3.731701612472534,-2.1437366008758545,-2.793318748474121,-2.620483160018921,-3.999912977218628,-1.9093090295791626,1.8929178714752197,-2.3144147396087646,-0.3423956632614136,-3.7661936283111572,-3.194296360015869,-3.906886577606201,-0.5420400500297546,-4.643529415130615,-2.5135931968688965,-1.5367010831832886,-2.6408915519714355,4.285426139831543
17583f1e7,-1.460378885269165,-0.9022631645202637,0.05787798762321472,2.799009323120117,4.5142693519592285,-3.2528040409088135,-2.2919225692749023,0.0303775817155838,-1.7646827697753906,2.1042449474334717,-3.325608015060425,-2.0943567752838135,-0.24739864468574524,-0.7444984912872314,-1.839968204498291,0.29321223497390747,-1.2863922119140625,0.5579925775527954,-0.32577458024024963,-3.9192004203796387,-3.8190715312957764,-0.20597213506698608,0.031121835112571716,-0.30530044436454773
176321177,-0.9895292520523071,-2.870755910873413,-7.351417541503906,3.187371015548706,-0.10802861303091049,-4.3853325843811035,-8.087665557861328,-5.568984031677246,-3.0684826374053955,-4.395845413208008,-3.679957866668701,-8.763907432556152,7.154606819152832,-0.9889803528785706,-4.602564334869385,-4.285883903503418,-4.750487327575684,-8.13022232055664,3.030944347381592,-9.825246810913086,-5.388236999511719,-2.0450198650360107,-3.582944869995117,-1.9973649978637695
17765d8a3,-1.5241000652313232,-0.5177897810935974,-0.9150780439376831,2.3933889865875244,-4.753257751464844,-3.224459648132324,-1.3388049602508545,0.7512129545211792,-5.616888046264648,-2.2877674102783203,-3.7890772819519043,-2.0591931343078613,-2.366670846939087,-2.8423171043395996,-1.28041410446167,-1.978567123413086,-2.7186169624328613,-2.3918614387512207,-1.076383113861084,-3.548121452331543,-2.236056327819824,-3.359745502471924,-1.509941816329956,-2.2939400672912598
17c3e49cb,-7.115113258361816,-7.348278999328613,-0.0836041271686554,-3.778475284576416,-8.957815170288086,-3.078032970428467,-4.289246082305908,1.9152870178222656,-8.028260231018066,-4.687516212463379,-1.210648536682129,4.8953962326049805,-3.2466845512390137,-5.104743003845215,-4.7566237449646,-5.197696208953857,-6.499665260314941,-4.965786933898926,-4.444869041442871,-3.697077989578247,8.730655670166016,-7.664145469665527,-4.68983793258667,-6.384958267211914
17e4f7455,-3.2579381465911865,4.672276496887207,-7.310544967651367,3.3012025356292725,-0.5702891945838928,-5.479214668273926,-6.508123397827148,-6.325382232666016,-0.3148554563522339,-3.7263343334198,-5.008859634399414,-7.360199928283691,-1.4952068328857422,-0.4263235926628113,-2.770644187927246,-5.302576541900635,9.135986328125,-3.7450335025787354,-3.2083230018615723,-3.7092652320861816,-7.398626327514648,3.7456979751586914,-3.568546772003174,-2.7164666652679443
17ee04476,5.209412574768066,-5.8811750411987305,-5.221278667449951,2.5046541690826416,-2.595231533050537,-7.088189125061035,-9.6962890625,-5.808772087097168,-3.5404887199401855,-3.6506094932556152,-4.973720073699951,-9.50076675415039,9.443498611450195,-3.076625347137451,-8.223995208740234,-5.598909854888916,-6.797785758972168,-8.122635841369629,3.528447151184082,-12.15616512298584,-10.337151527404785,-6.090064525604248,-6.303760528564453,-3.1248891353607178
180769302,-4.651522159576416,-5.37339448928833,-0.7253377437591553,-1.3656412363052368,-6.041052341461182,-1.8578301668167114,-1.43842613697052,0.19574502110481262,-6.322658538818359,-1.1611905097961426,-2.3030009269714355,2.264864683151245,-4.877650260925293,-4.445439338684082,-3.513343095779419,-3.828059196472168,-3.600128173828125,-0.22863361239433289,-5.0660505294799805,-2.249526023864746,7.030507564544678,-6.00162935256958,-3.97959041595459,-3.063966751098633
181c24172,-5.20850133895874,-4.9009552001953125,-0.5720764398574829,1.9041357040405273,-6.032590389251709,-2.4455947875976562,-5.849269866943359,-2.224790096282959,-6.633947372436523,-3.8022847175598145,-3.757347822189331,-0.4007270336151123,-1.6196904182434082,-5.064725875854492,-0.6868597269058228,-3.9328885078430176,-5.018093109130859,-3.88590145111084,-1.0614047050476074,-3.8511805534362793,-1.3433295488357544,-3.772841453552246,-3.9548492431640625,-3.212972640991211
18440190f,3.1675500869750977,-5.079651355743408,-5.601261138916016,2.965446949005127,-2.959752321243286,-4.32880163192749,-5.890700340270996,-4.992514133453369,-3.9533915519714355,-4.234824180603027,-4.068058967590332,-6.7854509353637695,8.801168441772461,-2.2789695262908936,-6.052582263946533,-2.8236031532287598,-6.387808799743652,-6.016788959503174,2.612546443939209,-8.410486221313477,-7.955806255340576,-5.679697036743164,-4.654348373413086,0.8942668437957764
1854a2a2b,-3.1000442504882812,4.787297248840332,-4.720860481262207,3.3275272846221924,-0.9426677227020264,-5.021565914154053,-6.689070701599121,-2.235684394836426,-4.666446208953857,-2.5399513244628906,-3.1413516998291016,-4.4370903968811035,1.7185075283050537,-0.18284714221954346,-4.050233840942383,-4.156469345092773,-1.5227456092834473,-6.241408348083496,-1.654867172241211,-6.768223285675049,-6.606768608093262,1.4019567966461182,0.17623651027679443,-2.4925732612609863
185cfa74c,-3.411247730255127,-2.0429983139038086,-0.9133021831512451,2.9757213592529297,-2.8784027099609375,-0.30784207582473755,-1.3793903589248657,-0.7455465793609619,-4.183595657348633,-1.047650933265686,-1.6713769435882568,-1.0341883897781372,-1.3357585668563843,-2.7823665142059326,-1.9687602519989014,-2.9337124824523926,-3.14050555229187,-1.0644344091415405,-1.7015507221221924,-0.635067880153656,-0.47074246406555176,-3.5272936820983887,-0.6445356011390686,0.9931601881980896
1870355e2,8.75326919555664,-0.41730499267578125,-3.939063787460327,1.6584186553955078,-1.0085289478302002,-10.070493698120117,-9.283550262451172,-8.10453987121582,-3.289968252182007,-3.0364058017730713,-4.686557292938232,-10.019052505493164,-1.2329548597335815,-1.3488966226577759,-9.263062477111816,-7.204954624176025,-4.9127607345581055,-6.867188930511475,-0.9856997728347778,-8.582130432128906,-7.144045829772949,-4.938433647155762,-7.344776630401611,-0.8265439867973328
18f071508,-3.7596592903137207,-1.0667660236358643,-5.20686149597168,3.596047878265381,-1.7648028135299683,-3.5070700645446777,-2.0449752807617188,-5.634878158569336,-2.695193290710449,-3.869152307510376,-4.16933536529541,-5.342406749725342,0.9689494967460632,-1.5496306419372559,-5.079865455627441,-4.371646404266357,15.460297584533691,0.11067569255828857,-1.863826870918274,-2.5281240940093994,-6.740382194519043,-1.0454707145690918,-3.9173123836517334,-1.0452216863632202
18fca9b00,1.6340954303741455,3.4993624687194824,-1.7301206588745117,2.6061558723449707,-3.325529098510742,-3.505202531814575,-5.287426471710205,-4.278327465057373,-3.8325114250183105,-2.152097225189209,-4.297072410583496,-5.267632484436035,1.1139261722564697,-0.7833627462387085,-3.2935516834259033,-3.255481719970703,-2.2837464809417725,-4.52786111831665,0.16667328774929047,-2.2983274459838867,-1.3203612565994263,-2.445314884185791,-4.338421821594238,-2.544894218444824
1920ab37b,-2.686774730682373,0.20305129885673523,-1.9129207134246826,3.7049193382263184,-1.2053838968276978,-1.379683494567871,-5.708990097045898,-3.419264793395996,-1.0451833009719849,-3.5030484199523926,-3.0119214057922363,-4.895193099975586,5.893038749694824,-1.491969108581543,-1.6506431102752686,-4.405729293823242,-3.6498217582702637,-5.070853233337402,1.2655507326126099,-2.5547378063201904,-1.7966094017028809,-0.9140236973762512,-2.8942809104919434,-0.38170862197875977
19661e5b5,-4.5247392654418945,-2.3112704753875732,-5.992259979248047,2.462447166442871,-2.9877800941467285,-2.882443904876709,-6.45238733291626,-2.1966726779937744,-5.142702579498291,-5.222539901733398,-3.6632509231567383,-5.562414169311523,-1.2929404973983765,-2.8192896842956543,7.023005962371826,-4.369589328765869,-5.515739440917969,-4.903075218200684,0.27927884459495544,-6.288675308227539,2.72832989692688,-2.3330013751983643,-4.738663673400879,-2.9393115043640137
19741caaf,4.753133773803711,-6.8441572189331055,-4.708812236785889,2.1667120456695557,-3.6082019805908203,-6.595254898071289,-9.15117073059082,-6.044095993041992,-4.177542686462402,-4.044855117797852,-3.3538765907287598,-8.76197338104248,9.7921142578125,-3.3789010047912598,-8.294736862182617,-5.264970779418945,-7.28532600402832,-8.172741889953613,2.994516611099243,-11.270222663879395,-10.263954162597656,-6.6578779220581055,-6.410099029541016,-3.3238039016723633
198ebd860,-2.3523905277252197,-0.6769140958786011,0.804153323173523,2.3642218112945557,-2.4190011024475098,-1.900255799293518,-0.09217086434364319,0.5853520631790161,-4.13198184967041,-1.2479419708251953,-2.7450804710388184,0.6336126327514648,1.4822447299957275,-1.8927152156829834,-1.9648373126983643,-3.2744204998016357,-3.0344128608703613,-1.4859497547149658,1.1180312633514404,-3.1156556606292725,-1.1714473962783813,-1.376879096031189,1.1799287796020508,-1.3955851793289185
19919f02d,-7.1650495529174805,-4.098907470703125,-10.755508422851562,1.8034435510635376,-3.1735942363739014,-4.838827610015869,-7.505329132080078,-2.9827322959899902,-5.162480354309082,-8.012398719787598,-5.643144607543945,-9.81580924987793,-4.924544334411621,-6.188746929168701,12.5432767868042,-6.9000244140625,-8.639214515686035,-6.097618579864502,-4.94517707824707,-10.665250778198242,-5.738526344299316,-1.5251964330673218,-6.431225776672363,-3.0409531593322754
1993257ef,-1.6607367992401123,-2.410473108291626,-3.179715394973755,3.1854796409606934,-3.696528196334839,-3.2426435947418213,-3.985496997833252,-2.0746781826019287,-4.672884464263916,-1.9477500915527344,-3.4342710971832275,-4.081084251403809,3.0748307704925537,-3.1162941455841064,-2.4191789627075195,-3.390709400177002,-4.059723377227783,-3.827812671661377,0.70931077003479,-5.737036228179932,-3.6718850135803223,-2.571589469909668,-3.184837579727173,-1.43519926071167
19b06be65,-7.383269786834717,-7.014517784118652,-1.5980000495910645,-3.353048324584961,-7.085146903991699,-2.2775471210479736,-3.141173839569092,2.3743810653686523,-7.690303802490234,-4.56339168548584,-0.9156689047813416,6.9754533767700195,-4.433015823364258,-4.978353977203369,-4.972695827484131,-5.1993608474731445,-5.738514423370361,-4.358379364013672,-4.802689552307129,-4.2258758544921875,6.565140724182129,-6.645174980163574,1.032258152961731,-4.069384574890137
19ed9a1d6,-5.270443916320801,-1.7872796058654785,-4.554662704467773,3.89510440826416,-1.037922978401184,-0.35324645042419434,-3.4932963848114014,-2.542726993560791,-4.270862579345703,-3.0171868801116943,-3.2263736724853516,0.148601233959198,3.0742697715759277,-2.5269126892089844,-2.824420213699341,-3.6706509590148926,-4.0865349769592285,-4.043069362640381,-0.41098031401634216,-2.924593448638916,-1.8509711027145386,-2.532742977142334,0.4599628746509552,2.6388497352600098
19ee687c1,-0.15462325513362885,0.2203460931777954,-0.6382008790969849,1.3450300693511963,-2.7059152126312256,-1.8373810052871704,-3.2787840366363525,-1.2135518789291382,-2.917297840118408,-2.691781759262085,-1.4217419624328613,-0.7328271269798279,-0.4270358383655548,-1.2623388767242432,-3.9806885719299316,-2.9893417358398438,-2.832589626312256,-1.5388681888580322,-1.8873465061187744,1.481696367263794,-0.7725894451141357,-2.741374969482422,-2.601450204849243,-1.5070078372955322
1a38ab8f7,-2.9807934761047363,-3.1090950965881348,-0.41221386194229126,0.5552191734313965,-4.163336753845215,-2.2070422172546387,-4.737506866455078,0.4432550370693207,-5.17643928527832,-2.386749267578125,-3.978947162628174,-2.270765542984009,-2.779496192932129,-4.108419895172119,-2.1724209785461426,-2.8854551315307617,-3.0050551891326904,-3.650698184967041,-1.9597785472869873,-2.000406265258789,0.3234558701515198,-3.7309350967407227,-2.924985885620117,-0.30527594685554504
1a41bf115,-2.7857069969177246,-1.9284751415252686,-1.1506248712539673,1.8717172145843506,-3.9946506023406982,-2.372816562652588,-1.4789185523986816,-0.010494321584701538,-5.401889801025391,-1.6294848918914795,-3.276121139526367,-2.071349859237671,1.06258225440979,-3.6186461448669434,-2.931577205657959,-0.12867820262908936,-2.4146628379821777,-0.20755118131637573,-1.9461835622787476,-4.070305824279785,1.5110154151916504,-3.7926995754241943,-3.226931095123291,-0.2211889624595642
1a6023cf7,-2.9320719242095947,0.03452098369598389,4.878985404968262,1.5289636850357056,0.16790200769901276,-3.462819814682007,-3.602252960205078,-0.3311157822608948,-1.845271110534668,0.06897443532943726,-4.792792320251465,-4.292018890380859,-1.7615594863891602,-2.5083582401275635,0.3224483132362366,-4.538450717926025,-3.6807165145874023,-1.6989809274673462,-0.8209901452064514,-5.49845027923584,-3.8495121002197266,3.738471269607544,-4.472633361816406,-3.988725185394287
1a6c0de34,-1.1866543292999268,-2.106285810470581,0.08149486780166626,0.473044753074646,-4.036409378051758,-1.7467501163482666,-2.9552814960479736,1.0893299579620361,-4.636048316955566,1.5827012062072754,-3.570842981338501,-1.3172667026519775,-2.9870247840881348,-2.920708656311035,-1.1069941520690918,-2.099876880645752,-2.600370407104492,-0.47261175513267517,-2.0068047046661377,-3.237457036972046,5.175159454345703,-3.796682834625244,-3.0999464988708496,-2.202636957168579
1a7620a74,-1.0134029388427734,-0.11316004395484924,-5.0046491622924805,2.444476366043091,-3.0955116748809814,-3.93123197555542,-6.021214008331299,-0.8318660855293274,-3.2792446613311768,-2.219984531402588,-2.8979687690734863,-4.543148040771484,4.180748462677002,-1.801730751991272,-3.813497304916382,-3.259131669998169,-1.9186384677886963,-4.383091926574707,0.6653864979743958,-6.316805839538574,-4.5592803955078125,-1.3503515720367432,-2.9409737586975098,-2.293062448501587
1a863efc9,-5.142895698547363,-5.609485626220703,-2.8166773319244385,3.303628444671631,-7.481327056884766,-4.329648494720459,-5.820146560668945,-4.683666229248047,-7.320398330688477,-4.426562786102295,-4.414018154144287,-7.30199670791626,8.418113708496094,-4.698550224304199,-4.835667610168457,-4.017414093017578,-5.969307899475098,-5.987036228179932,1.3583314418792725,-7.577689170837402,-7.0264177322387695,-5.886470794677734,-6.03923225402832,-4.585488319396973
1a8e6ed24,-3.6017684936523438,-3.800786018371582,-1.8357858657836914,2.1988320350646973,-4.6172637939453125,-0.9456680417060852,-0.5572052001953125,0.981937050819397,-5.755112648010254,-0.34708771109580994,-2.658811092376709,3.474392890930176,0.4025815725326538,-3.9109649658203125,-2.4215450286865234,-0.7276525497436523,-3.7688043117523193,-0.5443881750106812,-2.6646084785461426,-3.4969706535339355,0.4633248448371887,-4.423180103302002,-2.9170916080474854,-0.49648556113243103
1ad017dae,3.471953868865967,-2.2961785793304443,-5.095906734466553,3.3711116313934326,-2.3160576820373535,-4.796528339385986,-7.737946033477783,-4.162798881530762,-3.57108473777771,-3.7030324935913086,-4.698300838470459,-6.520839691162109,8.351631164550781,-2.985072612762451,-6.37424373626709,-5.1660003662109375,-5.2178192138671875,-7.052726745605469,2.869230270385742,-7.75472354888916,-7.8590779304504395,-4.220271587371826,-4.238739490509033,2.807236671447754
1af859e06,-2.9088945388793945,-3.899385452270508,-1.2084386348724365,0.41700178384780884,-5.291220188140869,-2.5879929065704346,-3.6170339584350586,4.224086761474609,-6.100359916687012,2.647855520248413,-0.019100666046142578,6.02309513092041,-3.8865509033203125,-3.5149693489074707,-2.601604700088501,-3.7401533126831055,-2.9019999504089355,-1.0018229484558105,-1.9126365184783936,-4.4005351066589355,0.5602331161499023,-4.246098518371582,-3.4678049087524414,-3.669597625732422
1b08d91c6,-3.4653825759887695,1.0597825050354004,-2.7373533248901367,2.1742911338806152,-3.877681255340576,-3.557368755340576,-3.2171151638031006,-2.1066269874572754,0.23563355207443237,-2.833728551864624,-2.482656717300415,-4.71625280380249,-0.33992820978164673,-2.361478805541992,-2.7523884773254395,-3.5772476196289062,14.126190185546875,0.7706599831581116,-2.002553939819336,-2.2292535305023193,-1.6870646476745605,-1.2599855661392212,-3.067546844482422,-2.7743687629699707
1b1188215,-3.733598232269287,-2.5059449672698975,0.21071159839630127,-0.46238160133361816,-4.544179439544678,-1.5150666236877441,-3.05965518951416,1.176468849182129,-5.205083847045898,-3.7069199085235596,-1.7421157360076904,5.799800872802734,-3.9360907077789307,-2.5279757976531982,-3.528533697128296,-2.6335365772247314,-2.7140464782714844,-1.4706926345825195,-3.917628765106201,-3.2332682609558105,10.973394393920898,-4.602060794830322,-2.508417844772339,-2.539407730102539
1b171eeb9,-5.570806503295898,-4.853868007659912,-2.225821018218994,0.9202359318733215,-4.77969217300415,-2.027581214904785,-5.780693054199219,-1.7895922660827637,-5.416355133056641,-3.37553071975708,-3.506221055984497,-0.33136481046676636,-1.8133466243743896,-4.236184597015381,-1.1878674030303955,-3.5093774795532227,-4.2907514572143555,-4.662539005279541,-1.7313225269317627,-4.3019609451293945,0.4513101577758789,-3.4353175163269043,-3.9991021156311035,-2.780179262161255
1b97f921c,-4.774110317230225,-3.938652753829956,0.09484514594078064,-2.637521266937256,-5.795269966125488,-1.4033610820770264,-3.954710006713867,-3.4700074195861816,-5.388186454772949,-2.2833919525146484,-2.5358994007110596,-2.43788743019104,-3.808353900909424,-3.3375658988952637,-2.1023898124694824,-4.013072490692139,-5.72923469543457,0.5909080505371094,-3.541032552719116,-1.913731575012207,5.7700629234313965,-5.9797515869140625,-5.448474884033203,-2.8506762981414795
1b9e29ee0,-4.613547325134277,-5.213717460632324,-0.3074096143245697,2.276714563369751,-6.086398124694824,-2.2108211517333984,-2.773944616317749,-2.1076903343200684,-5.839827060699463,-0.4933065176010132,-2.214179515838623,-1.0536943674087524,1.4537749290466309,-3.688016414642334,-4.158421993255615,1.6492400169372559,-5.828941345214844,0.5399986505508423,-0.5867043733596802,1.708573818206787,2.449944496154785,-5.600648403167725,-3.6441798210144043,-3.998462200164795
1c1999ed5,-5.936413764953613,-6.546628952026367,-0.6359546184539795,3.482762575149536,-6.424666404724121,-0.7982892990112305,-3.365252733230591,-2.914708375930786,-7.228296279907227,0.7512975931167603,-3.389957904815674,0.5932807326316833,1.4005482196807861,-5.719977378845215,-3.701416492462158,-4.2923431396484375,-6.031520366668701,-2.3489670753479004,-0.20992222428321838,-3.764263868331909,4.445865631103516,-6.062613487243652,-4.283949375152588,-4.602557182312012
1c4bd2220,-3.2847900390625,-0.7334389686584473,-3.5713367462158203,2.75443172454834,-2.028571605682373,-3.498894214630127,-2.848625659942627,-4.503592014312744,-3.1536598205566406,-2.8963828086853027,-3.0575082302093506,-5.241236686706543,0.2958122491836548,-1.0553312301635742,-4.558568477630615,-3.174086570739746,14.681501388549805,0.870987057685852,-3.684727191925049,-2.688828229904175,-5.5073442459106445,-1.7661315202713013,-3.3881616592407227,-1.7081236839294434
1c5bc7532,2.861490249633789,0.38581690192222595,-2.5303092002868652,2.2706422805786133,-4.611370086669922,-4.990550994873047,-6.940885066986084,-4.233018398284912,2.466707229614258,-3.5908617973327637,-4.002264499664307,-7.075321197509766,4.103315830230713,-2.6171765327453613,-3.454030990600586,-4.489226818084717,-4.1110687255859375,-5.627901077270508,1.4180610179901123,-4.94431209564209,-2.7717459201812744,-4.524700164794922,-5.050792694091797,-2.280510663986206
1c5dd4d8c,-2.8957698345184326,-5.657851696014404,-4.678416728973389,2.288156270980835,-4.465592861175537,-4.880395889282227,-4.71843957901001,3.877156972885132,-5.798226356506348,-3.937952995300293,-5.563865661621094,-5.271089553833008,-1.4177894592285156,-4.589475631713867,5.936384201049805,-0.8013490438461304,-4.847576141357422,-3.1799821853637695,1.0328471660614014,-6.32070779800415,-3.892195701599121,-3.456542491912842,-4.358205795288086,-4.886302947998047
1c6f5b86c,-4.19320011138916,-3.571535587310791,-1.6143854856491089,0.9856340885162354,-5.857792854309082,-3.9755144119262695,-2.4959726333618164,2.5946848392486572,-7.132818698883057,-2.0354480743408203,-3.424649238586426,5.3282647132873535,-2.8507018089294434,-4.635143280029297,-1.7957652807235718,-0.043405115604400635,-4.413178443908691,-2.7798209190368652,-1.7298054695129395,-4.685883522033691,13.281645774841309,-4.330167770385742,-2.8931491374969482,-3.5142621994018555
1c80e3954,-3.79262638092041,-6.23811149597168,-8.556318283081055,2.949077844619751,-1.863267421722412,-2.667053461074829,-8.610092163085938,-6.271240234375,-3.5069284439086914,-5.145694732666016,-2.9465715885162354,-6.704555511474609,8.752779960632324,-2.0196409225463867,-6.715146064758301,-5.132521152496338,-7.196977615356445,-8.93259048461914,1.2593110799789429,-10.307699203491211,-9.805027961730957,-3.874253273010254,-2.493177652359009,-1.2549803256988525
1ca795071,-6.568247318267822,-4.668988227844238,-1.88297438621521,0.9104771614074707,-4.931661605834961,-2.4657678604125977,-5.632556915283203,-1.929333209991455,-7.365222930908203,-4.56850004196167,-4.352478981018066,-1.6667183637619019,-3.160611152648926,-4.210282802581787,-1.3074631690979004,-3.7355704307556152,-4.783088684082031,-5.257167816162109,-1.3533885478973389,-3.932417631149292,-1.777207851409912,-3.671872138977051,-3.673572063446045,-3.9865880012512207
1cae43e22,-3.2424936294555664,-5.552301406860352,-5.9414777755737305,3.0890908241271973,-6.974836349487305,-3.645928144454956,-7.452479362487793,-4.203387260437012,-4.976609230041504,-3.332834482192993,-2.145477771759033,-7.059070587158203,8.499284744262695,-3.932189702987671,-7.103244781494141,-4.442537307739258,-6.586001396179199,-7.522249221801758,-0.4378472566604614,-8.821634292602539,-9.105265617370605,-7.04335355758667,-4.2390923500061035,-1.3217177391052246
1caf0abe1,-3.765319347381592,-2.184025764465332,-3.684770107269287,3.5041537284851074,-2.8114802837371826,-1.414790391921997,-4.042123317718506,-4.492044448852539,-4.959590435028076,-3.290111780166626,-3.0728859901428223,-0.49288469552993774,3.2205493450164795,-1.9646060466766357,-3.5484747886657715,-3.684384822845459,-4.513585090637207,-4.090457439422607,-0.2077796310186386,-2.999638080596924,5.022990703582764,-2.9511003494262695,-0.7730990648269653,-0.7114101648330688
1ccffffde,-3.8965413570404053,-3.5586817264556885,-1.5613350868225098,0.6362118721008301,-4.804853916168213,-3.740846633911133,-6.261940956115723,-2.8196160793304443,-6.7255024909973145,-4.248106479644775,-5.428715705871582,-5.971208095550537,-1.6632575988769531,-3.7733991146087646,-1.3982616662979126,-3.947556495666504,-5.656411647796631,-6.591901779174805,0.09244495630264282,-6.6889472007751465,-4.624561309814453,-4.044132232666016,-5.824687957763672,-5.336220741271973
1cdc3632e,-4.630003929138184,-7.093807220458984,-6.94282865524292,3.2324609756469727,-5.273774147033691,-4.9985270500183105,-9.209378242492676,-5.429352760314941,-6.861205101013184,-5.178652763366699,-3.1885862350463867,-6.705529689788818,9.772441864013672,-3.701399803161621,-6.551891326904297,-5.746152877807617,-8.746842384338379,-9.92758560180664,2.967320442199707,-11.514930725097656,-10.806875228881836,-6.093685150146484,-5.399885177612305,-4.073946475982666
1cef3807e,4.414775848388672,-3.6065244674682617,-4.683016300201416,1.9246289730072021,-2.6966958045959473,-4.026424407958984,-7.6288862228393555,-6.136138916015625,-0.32352709770202637,-3.8849642276763916,-3.1757378578186035,-6.0929951667785645,7.80631160736084,-3.136556386947632,-3.9694414138793945,-5.224826812744141,-6.844664573669434,-7.08162784576416,2.8908183574676514,-6.963210105895996,3.7403979301452637,-4.623916149139404,-5.070053577423096,-3.040330171585083
1d1d07484,-6.575335502624512,-6.319954872131348,1.3854568004608154,4.158682823181152,-7.030865669250488,-4.946948528289795,-7.2652201652526855,-5.068718910217285,-9.128279685974121,-3.972148895263672,-6.39578104019165,-7.740239143371582,5.40242338180542,-5.1105241775512695,-4.724409580230713,-5.4446234703063965,-7.907846927642822,-6.930253982543945,0.8767860531806946,-9.404606819152832,-7.128464698791504,-6.878215312957764,-7.568362712860107,-5.94179630279541
1d2634157,-3.04451847076416,7.15128231048584,-1.3037241697311401,0.7836112976074219,-2.662095308303833,-3.290259838104248,-5.085230827331543,-3.1327171325683594,-3.095961093902588,-1.20656156539917,-2.22731351852417,-3.058905601501465,-2.052644729614258,-0.563292384147644,-1.6767083406448364,-4.491615295410156,0.8540810942649841,3.7692861557006836,-3.2586867809295654,-2.646951913833618,8.194774627685547,0.410190224647522,-3.5818967819213867,-2.1822264194488525
1d2cf3d4c,-2.894056797027588,-2.3615334033966064,-4.563347339630127,2.798659324645996,2.7208595275878906,-2.6552743911743164,-3.725069522857666,-4.248083114624023,-3.032017469406128,-3.4319467544555664,-3.255445957183838,-2.116818428039551,3.2523751258850098,-0.9458346962928772,-5.129546165466309,-3.7249979972839355,-5.126574993133545,-4.081111907958984,-0.085982546210289,-2.9004011154174805,-6.133733749389648,-0.5113099813461304,-2.062079668045044,3.486441135406494
1da16d6f3,-3.373286724090576,-1.5224993228912354,-1.54063081741333,1.934892177581787,-1.2609100341796875,1.5102471113204956,-4.5028886795043945,-2.44741153717041,-4.015027046203613,-2.173788547515869,-3.1216225624084473,-3.5131332874298096,1.4341936111450195,-0.5605877637863159,-1.5000321865081787,-3.1896657943725586,-3.7572555541992188,-2.6186299324035645,-0.5714752674102783,-2.7548294067382812,-1.6279523372650146,-2.7058897018432617,-1.7413804531097412,-0.8850839138031006
1dab35cfd,-4.1917524337768555,-5.4687089920043945,-0.24500572681427002,-1.2133586406707764,-6.620682239532471,-1.8170464038848877,-4.444180488586426,-2.8314433097839355,-2.9228506088256836,-3.3321032524108887,11.260037422180176,0.06529068946838379,-3.6114611625671387,-4.007321357727051,-0.3962324261665344,-4.445577621459961,-5.25191593170166,-0.08445678651332855,-1.9889256954193115,-2.947855234146118,0.8841290473937988,-5.755089282989502,-1.4202550649642944,-2.8181679248809814
1dcddefff,7.747289657592773,-4.645629405975342,-3.95503306388855,2.2849507331848145,-6.761530876159668,-5.760478973388672,-9.233858108520508,-5.277009963989258,-4.093290328979492,-4.310507297515869,-3.1929383277893066,-8.203039169311523,6.786868095397949,-3.7504730224609375,-9.367671966552734,-5.808774948120117,-7.251591682434082,-7.978302001953125,0.9593136310577393,-10.544692039489746,-9.300796508789062,-9.022083282470703,-6.482021331787109,-4.252978324890137
1de9987d9,-1.5536301136016846,-3.077850818634033,1.5481277704238892,-2.8896400928497314,-1.800973892211914,-0.8633625507354736,-3.9807300567626953,-4.285390377044678,-4.031410217285156,-0.4713159501552582,-3.0116593837738037,-1.6030081510543823,-3.896442413330078,-2.818368434906006,-4.993447303771973,-4.5076680183410645,-5.555150985717773,-1.7746692895889282,-4.451532363891602,-1.6145473718643188,2.601214647293091,-4.1986918449401855,-3.0435190200805664,2.4105496406555176
1df388a1d,-4.017383575439453,-6.998847961425781,-6.45491886138916,3.194403648376465,-7.327245712280273,-4.683973789215088,-7.839709281921387,-3.743697166442871,-6.559260368347168,-4.181690216064453,-1.3202450275421143,-7.1166205406188965,9.729743957519531,-4.136054992675781,-8.113285064697266,-5.09292459487915,-6.960485458374023,-7.479246139526367,0.2467668056488037,-9.603469848632812,-9.649497032165527,-8.501996994018555,-4.761866569519043,-3.472460985183716
1df93a50a,-3.4967598915100098,-2.384037971496582,1.4499423503875732,1.4384018182754517,-2.7865538597106934,-1.779731035232544,-5.066651344299316,-3.565328359603882,-5.186138153076172,-1.5028395652770996,-3.1900794506073,-4.1740522384643555,1.5905147790908813,-2.3443849086761475,-3.8638553619384766,-4.25088357925415,-5.3531694412231445,-2.186018466949463,-2.112135410308838,-3.8021080493927,-4.212820053100586,-3.173318386077881,-4.807879447937012,-2.4063377380371094
1e0138ef6,-2.610032081604004,-5.869295120239258,-4.31307315826416,2.275981903076172,-3.0265417098999023,-4.409655570983887,-8.150012016296387,-6.869377613067627,-3.6639697551727295,-6.619933605194092,-2.216960906982422,-6.378447532653809,10.533523559570312,-3.5666253566741943,-5.864603042602539,-6.657251358032227,-7.275317192077637,-5.53032112121582,0.6534050703048706,-7.801165580749512,0.913645327091217,-5.898996353149414,-5.107805252075195,-3.118257999420166
1e0a01132,-3.1143693923950195,-0.8812760710716248,-3.563976287841797,1.0298190116882324,-3.743955135345459,-4.2911529541015625,-3.3621644973754883,-3.281163215637207,-2.2697219848632812,-2.446871280670166,-2.417924642562866,-6.409478664398193,-0.46719980239868164,-2.1979918479919434,-3.5102458000183105,-3.186124324798584,13.080266952514648,-0.5206609964370728,-2.5318763256073,-3.724119186401367,-3.2319717407226562,-0.5873398184776306,-3.2421469688415527,-2.5745127201080322
1e58a00a3,-1.0480093955993652,-3.562669515609741,1.0632827281951904,1.8213183879852295,-1.441894769668579,0.32487887144088745,-3.3956522941589355,-2.0878047943115234,-3.0602505207061768,-1.6828062534332275,-2.9209957122802734,-2.7297959327697754,0.4239698648452759,-2.3193724155426025,-4.344439506530762,-3.7619857788085938,-3.426922559738159,-1.1763197183609009,-1.781480312347412,-1.378514289855957,-1.2173643112182617,-4.221504211425781,-2.4571430683135986,1.0031101703643799
1e5c121b3,6.661073207855225,-1.835859775543213,-4.085087776184082,1.669420838356018,-1.8500293493270874,-3.8735504150390625,-5.820486068725586,-4.895238399505615,4.541159152984619,-3.3868355751037598,-3.5115840435028076,-5.927268028259277,4.7904863357543945,-2.3256630897521973,-2.2627553939819336,-3.7398648262023926,-3.9446752071380615,-5.1511383056640625,3.454476833343506,-5.378961563110352,-3.6137537956237793,-2.788177490234375,-3.5203967094421387,-0.9300719499588013
1ea169e31,-6.299080848693848,-8.118843078613281,0.1295599639415741,-4.406106948852539,-6.017692565917969,-0.9831255674362183,-4.201396465301514,-2.5428168773651123,-7.924737930297852,-2.3075308799743652,-3.2010889053344727,2.6895906925201416,-5.568783760070801,-6.081096172332764,-3.0026865005493164,-5.312159061431885,-7.574067115783691,-3.1827964782714844,-4.585951805114746,-3.2084317207336426,1.2457270622253418,-6.908198356628418,-4.4684739112854,-4.285187721252441
1ea38590f,-3.377443313598633,-1.295196533203125,-0.4008525609970093,0.8442976474761963,-4.69561243057251,-3.3796401023864746,-6.217626094818115,-4.154494762420654,-6.892674446105957,-3.804506540298462,-4.626611232757568,-5.560633659362793,-2.672929286956787,-2.2561378479003906,-1.489160418510437,-3.6467583179473877,-4.186436653137207,-4.819451332092285,-1.8604865074157715,-3.8494977951049805,3.514812469482422,-4.153095722198486,-4.862180709838867,-3.7322158813476562
1eac8b319,-3.0512094497680664,-1.756742238998413,-2.7710516452789307,2.345365524291992,-1.538316011428833,-3.362431049346924,-6.583651542663574,-2.561842918395996,-3.6786880493164062,-3.8976945877075195,-3.6733343601226807,-7.044184684753418,7.206933498382568,-2.3186392784118652,0.4681670665740967,-4.969322204589844,-5.2732672691345215,-5.350678443908691,0.6545349359512329,-5.065023422241211,-5.206070423126221,-2.2483713626861572,-4.786542892456055,-1.4306023120880127
1efcccce4,1.3287630081176758,-2.2873339653015137,-1.9266951084136963,2.0727434158325195,-3.0446715354919434,-3.7318708896636963,-4.812041282653809,-3.8854787349700928,-1.4285271167755127,6.215964317321777,-3.470768690109253,-2.2600491046905518,6.242926597595215,-3.060333728790283,-3.995943069458008,-3.483776569366455,-4.852927207946777,-0.7081955075263977,1.7300732135772705,-5.6099419593811035,0.502811074256897,-4.378120422363281,-4.563275337219238,-3.0642242431640625
1f23d5322,-2.174088954925537,7.080666542053223,-4.487536430358887,3.2140538692474365,-0.718258261680603,-3.319859504699707,-6.0197224617004395,-3.006753444671631,-4.641274452209473,-4.397848129272461,-4.763987064361572,-6.938008785247803,-0.21459467709064484,0.6785996556282043,-2.155278444290161,-3.7400014400482178,-1.784820318222046,-5.8369975090026855,-0.10047976672649384,-5.383672714233398,-5.459512233734131,0.3844527006149292,-3.7610297203063965,-0.16783380508422852
1f23d7fbd,-7.607661724090576,-9.208023071289062,-3.3216238021850586,-3.486619472503662,-5.5172858238220215,-3.2495102882385254,-2.353910207748413,-4.0477213859558105,-7.46068811416626,-3.4088521003723145,-4.9699859619140625,-0.7044083476066589,-6.131361961364746,-7.544327735900879,-2.868851661682129,1.4014980792999268,-7.426236152648926,-2.4949140548706055,-5.822448253631592,-4.281412601470947,-1.0079132318496704,-7.036230087280273,-3.134531021118164,-3.5607969760894775
1f2f7f4b4,-4.079941272735596,3.883631706237793,-2.9767723083496094,1.2674329280853271,-3.3865435123443604,-3.6550545692443848,-4.039198875427246,-3.3081562519073486,-4.419266700744629,-3.5325355529785156,-4.38525915145874,-4.9902119636535645,-1.6858879327774048,-1.7302778959274292,-3.4810562133789062,-4.23911190032959,12.208403587341309,-2.4810402393341064,-2.9497079849243164,-3.2732973098754883,-3.8665506839752197,-1.3494656085968018,-2.856820583343506,-2.2979578971862793
1f620384b,-4.355307579040527,-5.331027984619141,1.5468740463256836,1.018396019935608,-3.444490909576416,-2.013279914855957,-4.355975151062012,-4.992284774780273,-3.537818431854248,-3.4997470378875732,-0.7559983730316162,-3.7947580814361572,6.044458866119385,-2.9087510108947754,-5.751070499420166,-4.218542098999023,-6.3017683029174805,-2.8678700923919678,-2.29927396774292,-2.345963716506958,0.4126935601234436,-4.750547409057617,-3.475539207458496,-2.524243116378784
1f677b66a,1.1681079864501953,-1.9777905941009521,0.9111692309379578,1.0582201480865479,-3.0813984870910645,-1.894621729850769,-2.673452854156494,-0.5304191708564758,-4.334691047668457,0.016768842935562134,-3.539451837539673,-2.530608654022217,-0.8759541511535645,-3.244922637939453,-4.989662170410156,-3.6387789249420166,-3.605459690093994,-2.6399734020233154,-0.5425466299057007,-2.8545312881469727,-2.1034395694732666,-3.065521717071533,-2.872291326522827,-0.9977214932441711
1f6a464e3,-6.373733997344971,-5.469475269317627,-0.7105691432952881,3.290675401687622,-6.418561935424805,-3.010977029800415,-5.7356719970703125,-3.608616352081299,-7.960440158843994,-3.3532092571258545,-4.515046119689941,-4.02525520324707,2.5407309532165527,-4.656604766845703,-3.5341203212738037,-4.613988876342773,-7.05668830871582,-3.3831138610839844,-0.16059833765029907,-3.573086977005005,-4.494930267333984,-5.095327854156494,-5.777074813842773,-4.332614421844482
1fbbf279a,-7.895705223083496,-6.658105850219727,-2.000579357147217,-3.0195562839508057,-6.245115280151367,-2.1644906997680664,-2.2513182163238525,0.623354434967041,-8.070698738098145,-2.014397144317627,-1.7128099203109741,6.358031272888184,-4.032477378845215,-5.223775386810303,-3.7560651302337646,-4.461271286010742,-6.646148204803467,-3.48091983795166,-4.1894850730896,-3.3792545795440674,-0.21755361557006836,-5.637928009033203,-3.8590404987335205,-4.649990081787109
1feb08603,0.3800956904888153,-6.006710052490234,1.208322525024414,-4.81401252746582,-7.439974308013916,-3.1343207359313965,-5.706355571746826,-5.221256732940674,-6.294450759887695,-2.323174238204956,-5.126657485961914,-4.027464389801025,-6.7445173263549805,-5.201128959655762,-4.559449195861816,-5.710382461547852,-6.815738677978516,-3.808056354522705,-4.460742950439453,-3.617185592651367,-0.005800716578960419,-8.125133514404297,-7.366587162017822,-5.219394207000732
20230e9b1,-2.859861373901367,-4.394418239593506,-2.590789318084717,3.8463597297668457,-4.555417537689209,-5.277622222900391,-7.8637237548828125,-5.0141754150390625,-7.000042915344238,-3.321215867996216,-4.522800922393799,-9.103914260864258,8.097430229187012,-3.732865810394287,-5.534534931182861,-5.9099297523498535,-7.590360641479492,-6.446260929107666,2.7884817123413086,-9.973031997680664,-8.56391716003418,-5.807743072509766,-5.928793907165527,-4.644962310791016
204c8a6c3,-2.864335536956787,-6.195522308349609,3.653365135192871,0.5988357067108154,-6.941572189331055,-3.0287251472473145,-5.595646381378174,-3.806274175643921,-6.357552528381348,-2.401350975036621,-2.952284812927246,-2.6222691535949707,2.387881278991699,-4.82143497467041,-5.417092323303223,-4.637630939483643,-6.529901027679443,-2.8712377548217773,-1.6479471921920776,-2.957071304321289,-2.1920320987701416,-6.442798137664795,-5.761813163757324,-4.218094825744629
205bc47aa,-3.8041515350341797,2.248250961303711,-6.870736122131348,2.2280359268188477,-1.3396098613739014,-2.835036277770996,-6.676388740539551,-2.177123546600342,-3.218451738357544,-5.607851028442383,-4.996844291687012,-7.5976972579956055,-2.848179340362549,-0.4826795756816864,7.181304931640625,-3.979097843170166,-1.8181310892105103,-5.106078147888184,-2.610929489135742,-6.827404499053955,-5.613159656524658,0.40226614475250244,2.4834609031677246,-2.3107683658599854
2071ca51a,5.9217023849487305,-0.5484921932220459,-2.61436128616333,1.649296760559082,-0.673660397529602,-6.004903793334961,-5.881706237792969,-4.295872211456299,-3.123586654663086,3.0036489963531494,-3.479849100112915,-5.898558616638184,5.408000946044922,-0.6623798608779907,-6.620944023132324,-4.435380935668945,-5.1899309158325195,-3.647273540496826,0.7551844120025635,-7.497498512268066,-6.660545349121094,-4.707789421081543,-4.92485237121582,-1.9138606786727905
208597b8c,-5.223320007324219,-4.032190799713135,5.684478759765625,1.869799256324768,-2.3915584087371826,-3.083064079284668,-3.8270645141601562,-3.8559963703155518,-4.781862735748291,-2.1733579635620117,-2.03662371635437,-4.38460111618042,6.460413932800293,-2.363422393798828,-7.064980983734131,-3.7483644485473633,-5.99120569229126,-2.5723893642425537,-1.9326026439666748,-4.219717025756836,-5.436641693115234,-4.122476100921631,-4.623870372772217,-4.324687480926514
20af031a5,-4.480867385864258,-1.8934600353240967,-8.042705535888672,3.4151902198791504,1.1060326099395752,-4.369685173034668,-6.696859836578369,-2.397325038909912,-3.900135040283203,-5.326097011566162,-4.784163475036621,-7.84435510635376,1.5251119136810303,-1.9433679580688477,8.486513137817383,-4.2986555099487305,-5.432356834411621,-5.721401214599609,1.058171033859253,-8.585739135742188,-6.492452144622803,-0.7284573912620544,-4.165837287902832,-1.601050615310669
20f5fe372,-0.668493390083313,-1.2783188819885254,-1.2102059125900269,1.712946891784668,-4.369479656219482,-3.235164165496826,-4.427201271057129,-2.074629545211792,-5.041962623596191,-3.8015987873077393,-2.9111745357513428,-5.236201286315918,-0.3193926513195038,-2.729383707046509,-3.080444812774658,-2.4637811183929443,-3.873112678527832,-2.359947681427002,0.5647542476654053,-2.587618827819824,3.2194199562072754,-3.9450647830963135,-4.795079231262207,-3.486311912536621
212e01f98,-3.81461763381958,-6.650272369384766,-2.0110931396484375,1.5799108743667603,-4.743621826171875,-3.0415329933166504,-1.1506004333496094,-0.5671710968017578,-6.227212905883789,-1.5278162956237793,-3.8423728942871094,-1.7792418003082275,-3.8231775760650635,-6.453696250915527,-3.0461039543151855,1.7097587585449219,-4.44741678237915,-0.20134058594703674,-5.120339870452881,-3.6962194442749023,-2.5423269271850586,-5.6539201736450195,-2.642672538757324,-1.2407236099243164
2138680f1,-0.34776777029037476,-4.236076354980469,-7.263469696044922,3.5979912281036377,6.744316101074219,-4.237879753112793,-8.095285415649414,-5.846644401550293,5.837856769561768,-3.729740619659424,-3.4829273223876953,-6.305691719055176,6.214853286743164,1.0470552444458008,-3.94702410697937,-5.358041763305664,-6.101053237915039,-6.5140886306762695,3.0259957313537598,-9.194323539733887,-1.315992832183838,-0.6721142530441284,-2.677593469619751,0.09299123287200928
2154999b8,-5.0996479988098145,-3.5836641788482666,0.2179005742073059,1.6070683002471924,-5.646132469177246,-2.0853271484375,-4.36613655090332,-3.178739070892334,-7.044045448303223,-4.015986442565918,-2.729541778564453,-4.695146083831787,-2.4847970008850098,-3.073240280151367,-3.3512563705444336,-5.340341091156006,-4.888063907623291,-3.2237534523010254,-2.657658576965332,-3.4657206535339355,7.220114707946777,-5.390677452087402,-4.218809127807617,-5.479542255401611
21750cfe1,1.525510549545288,-5.237805366516113,-7.348172187805176,2.823960304260254,3.764613389968872,-3.6151649951934814,-7.418344020843506,-5.536680221557617,6.231007099151611,-4.6512603759765625,-3.409273386001587,-7.010901927947998,6.460867881774902,-0.4721401631832123,-5.2030134201049805,-4.927452564239502,-6.184138298034668,-6.309499740600586,2.500222682952881,-7.4077606201171875,-1.7657785415649414,-3.427363634109497,-1.8815958499908447,-0.1468607485294342
218ec8afe,-4.145619869232178,-1.3954107761383057,-4.567234039306641,2.1947624683380127,-1.7238047122955322,-2.854177474975586,-6.177210807800293,-1.5303199291229248,-3.643275499343872,-5.120395660400391,-4.370954513549805,-6.655594348907471,-3.051391839981079,-3.4094033241271973,9.466606140136719,-2.0938353538513184,-3.8365602493286133,-3.2992935180664062,-2.0549004077911377,-5.498564720153809,-2.501278877258301,-2.415036201477051,-4.423329830169678,0.28976181149482727
2194860bd,-3.6642181873321533,-0.9296296238899231,-5.9412031173706055,2.8936703205108643,0.9092634320259094,-5.437496185302734,-8.568750381469727,-4.718832969665527,-4.739407539367676,-4.568774700164795,-5.966333389282227,-7.603174686431885,0.7415192127227783,-1.5712356567382812,0.8094239830970764,-4.109156131744385,-4.222129821777344,-7.733098983764648,2.9189257621765137,-9.453377723693848,-7.295742511749268,-0.48771387338638306,-4.41983699798584,-2.614809036254883
21979f709,5.006443500518799,-3.549140214920044,-2.283712863922119,2.8496546745300293,-4.562438011169434,-4.682317733764648,-7.04843282699585,-4.34462308883667,2.874788761138916,-3.4590868949890137,-3.840406894683838,-6.903909206390381,6.469241619110107,-3.346318244934082,-4.686641216278076,-4.831410884857178,-4.966334342956543,-5.500904083251953,1.3137072324752808,-5.58656120300293,-2.6897096633911133,-5.104117393493652,-5.2644147872924805,-1.6038728952407837
21c4f0060,-2.263044595718384,-4.081606388092041,1.2254149913787842,-1.49809992313385,-3.8438334465026855,0.3636837601661682,-3.2529449462890625,-2.571512222290039,-4.570324897766113,-2.591171979904175,-1.613169550895691,-2.1223950386047363,-5.035634994506836,-3.2076547145843506,-3.0017080307006836,-2.8914794921875,-2.8750293254852295,-2.4184560775756836,-3.1160731315612793,-0.9138494729995728,4.877768039703369,-4.023563385009766,6.852972030639648,-1.6480308771133423
21cca6989,-3.2375335693359375,1.8924462795257568,-3.5415468215942383,3.8907175064086914,-1.352790117263794,-4.031419277191162,-3.8858120441436768,-4.764838218688965,-3.6483774185180664,-3.4002480506896973,-3.450728416442871,-8.048055648803711,-0.8041061758995056,-1.0949903726577759,-5.195093154907227,-4.364046096801758,12.506453514099121,-1.4806993007659912,-4.107113838195801,-4.65142822265625,-0.8892849683761597,-1.0788657665252686,-2.6957528591156006,-2.2167720794677734
21e7dae48,-3.041363000869751,-4.622729301452637,-1.2744379043579102,1.371490478515625,-5.894838333129883,-3.405277967453003,-4.099775791168213,-1.4860296249389648,-6.490382194519043,-0.7561523914337158,-1.890059471130371,-2.0165398120880127,-2.287830114364624,-4.047825336456299,-4.107836723327637,-3.839615821838379,-3.793567419052124,4.870332717895508,-4.229220390319824,-5.030121803283691,10.717287063598633,-5.209975242614746,-4.578364849090576,-2.279059886932373
21eb2ed38,-7.1592841148376465,-6.611608505249023,-0.3540714979171753,-2.3462681770324707,-8.128299713134766,-2.7816243171691895,-3.0411128997802734,3.8021693229675293,-7.526357650756836,1.422053337097168,-1.2133911848068237,6.648078441619873,-5.760448455810547,-5.313528537750244,-3.6120309829711914,-3.5303988456726074,-3.554811716079712,-0.9371369481086731,-5.813251495361328,-3.638955593109131,-1.175299882888794,-6.9768781661987305,-3.531604528427124,-5.182675361633301
21ece8f8e,-3.601433277130127,-6.196676254272461,-7.526259422302246,3.5631942749023438,-2.6707210540771484,-5.600874423980713,-9.80550765991211,-7.413768768310547,-5.14310359954834,-5.68535041809082,-4.820053577423096,-8.594037055969238,9.452686309814453,-3.333338737487793,-6.237836837768555,-6.430842876434326,-8.712214469909668,-8.98343276977539,3.6972298622131348,-11.782346725463867,-9.180634498596191,-5.528153419494629,-6.808595657348633,-4.191411972045898
22351e4b3,-2.742469310760498,3.108473777770996,-1.9421674013137817,1.1275402307510376,-2.162565231323242,-1.536151647567749,-3.6339683532714844,-3.287879705429077,-4.067923545837402,-3.4403581619262695,-3.299561023712158,-3.191253662109375,-3.3138885498046875,-0.6285305619239807,-1.731482744216919,-2.5008482933044434,-2.1924445629119873,-3.2218189239501953,-3.566805601119995,-1.1105470657348633,-2.1849513053894043,-2.1706879138946533,2.5667829513549805,0.10515044629573822
223dd452d,-3.5506906509399414,-4.962274074554443,-3.0007190704345703,3.0886292457580566,-1.9741289615631104,-4.063387870788574,-7.088100433349609,-6.131806373596191,-4.360065937042236,-2.5043740272521973,-5.23014497756958,-5.708191871643066,7.039237976074219,-3.0792880058288574,-4.975584030151367,-6.296308517456055,-7.79656982421875,-7.27242374420166,2.2360734939575195,-9.49935245513916,-3.226799488067627,-4.244956970214844,-6.586243152618408,-4.6165056228637695
225c4c77e,-3.5556511878967285,5.162798881530762,-7.350749969482422,3.872087240219116,-0.0864364504814148,-4.6921234130859375,-6.248921871185303,-4.86163854598999,-0.41339004039764404,-3.9426605701446533,-3.566096067428589,-7.252605438232422,-1.864451289176941,0.7735464572906494,-3.748992443084717,-4.9964094161987305,13.724510192871094,-3.5645341873168945,-2.861441135406494,-1.1439440250396729,-7.674666404724121,3.685387372970581,-2.3038086891174316,-2.2627320289611816
2266f89ed,6.630781173706055,-2.7746124267578125,-1.8663272857666016,3.3229289054870605,-6.33554744720459,-6.11674165725708,-9.69078540802002,-5.866816520690918,-4.509213924407959,-3.959202766418457,-4.5447587966918945,-10.279170989990234,4.960655689239502,-3.07647705078125,-8.824090957641602,-6.252042770385742,-5.593106269836426,-7.576876163482666,0.08792061358690262,-8.538678169250488,-7.588349342346191,-8.033295631408691,-7.492136001586914,-1.9722824096679688
226daf7a4,-1.8847944736480713,-1.9141380786895752,0.2937679886817932,0.8942676186561584,-3.7236318588256836,1.0535857677459717,-2.6855692863464355,-1.2017370462417603,-3.882636070251465,-0.48795750737190247,-1.997563123703003,-0.8346233367919922,-4.333563804626465,-2.171837091445923,-3.6217198371887207,-2.2271502017974854,-4.524493217468262,0.3265746831893921,-4.745917320251465,-0.7293180227279663,-0.3818228840827942,-4.039212226867676,-2.135174036026001,-0.8138295412063599
226fdd52e,-3.729297637939453,-1.6140574216842651,-1.0989774465560913,0.8043904900550842,-2.8741536140441895,0.01867133378982544,-4.161848545074463,-1.406459093093872,-4.921740531921387,-2.4485373497009277,-2.2465922832489014,-2.910735607147217,0.4270166754722595,-1.5563671588897705,0.8402669429779053,-3.2407820224761963,-3.6942014694213867,-2.308065891265869,-0.2532837688922882,-0.6141085624694824,1.2535440921783447,-3.0022335052490234,-2.550410270690918,-2.0692245960235596
228ec2e44,-6.166638374328613,-6.971484661102295,-1.8984591960906982,-4.148190021514893,-4.584577560424805,-1.892075777053833,-3.443971633911133,-4.296142101287842,-4.615825653076172,-3.4780335426330566,-2.003051996231079,0.8677681684494019,-2.6592512130737305,-3.303715229034424,-4.470306873321533,-3.8613312244415283,-6.0309739112854,-1.740525245666504,-3.4422950744628906,2.1261324882507324,-0.742135763168335,-4.094019889831543,-3.731365442276001,-2.4227771759033203
229445f97,-3.2180428504943848,-2.5466079711914062,1.3049811124801636,0.7084072828292847,-0.1646357774734497,-2.2836380004882812,-2.893317699432373,-1.38334059715271,-4.704446792602539,-1.0366467237472534,-2.740668535232544,-2.2505171298980713,1.1344921588897705,-2.565242290496826,-4.737039566040039,-3.897435188293457,-4.2554121017456055,-0.5695914030075073,-1.8688147068023682,-3.965559959411621,-3.4712905883789062,-3.3456034660339355,-2.94116473197937,-0.4072329103946686
22bf34d57,-3.3138742446899414,-5.9642229080200195,-6.478452205657959,2.9214181900024414,-6.3759260177612305,-4.741966724395752,-8.267526626586914,-4.927432060241699,-3.779686450958252,-4.69270133972168,-2.619724750518799,-7.911905765533447,9.607434272766113,-4.281375408172607,-7.768695831298828,-5.166607856750488,-6.582740306854248,-8.595975875854492,0.12534022331237793,-10.13831615447998,-9.741666793823242,-6.406820774078369,-5.400533676147461,-3.7626819610595703
231b751a6,-0.09475937485694885,-4.878563404083252,8.295365333557129,1.44862699508667,-5.481939792633057,-1.4442638158798218,-3.2455291748046875,-3.1760878562927246,-8.329330444335938,-2.39646053314209,-5.428003311157227,-5.417285919189453,-4.799649715423584,-2.969801425933838,-5.239751815795898,-5.375170707702637,-6.335371017456055,-2.1152076721191406,-2.308521270751953,-1.2843475341796875,-4.247494697570801,-5.737654685974121,-5.939398765563965,-6.460879325866699
232fe3b6f,-7.552518367767334,-6.969200134277344,-3.9632232189178467,-4.909102439880371,-5.643585205078125,-2.726980686187744,-7.072389602661133,-7.163542747497559,-7.545035362243652,-1.9390404224395752,-5.306026458740234,-1.6296100616455078,-4.629072189331055,-6.540125846862793,-4.117073059082031,-6.6572675704956055,-8.650663375854492,-6.730340957641602,-4.353917121887207,-4.720334053039551,-1.5917847156524658,-5.976583480834961,-5.626693248748779,-4.226167678833008
2341a29ca,-3.262514352798462,-2.423954963684082,-3.138918876647949,1.0424724817276,-2.9740169048309326,-2.1283836364746094,-1.6095455884933472,-2.382276773452759,-3.6375315189361572,-1.5747182369232178,-2.4628007411956787,-1.987492322921753,0.1854047179222107,2.6994028091430664,-4.069302558898926,0.6579394340515137,13.865103721618652,1.0006217956542969,-3.5185060501098633,0.32212352752685547,-1.91650390625,-3.1032586097717285,-3.112401247024536,-0.8547008633613586
235e518ce,-4.307540416717529,-8.650506019592285,-8.405183792114258,2.9142422676086426,-9.453004837036133,-4.201836585998535,-9.697938919067383,-5.668727874755859,-6.069060325622559,-5.260800361633301,-2.545151710510254,-7.210040092468262,9.859060287475586,-5.3871307373046875,-8.758872985839844,-5.74252462387085,-9.239370346069336,-9.677416801452637,0.6797587871551514,-10.957019805908203,-10.617843627929688,-9.552069664001465,-4.978960037231445,-3.739845037460327
23802a50e,-3.8718228340148926,0.055597394704818726,-2.775132179260254,1.5238451957702637,-4.406435012817383,-3.038069486618042,-6.407782554626465,-2.3432650566101074,-6.015779495239258,-3.296928644180298,-3.323113203048706,-4.406979560852051,1.4862077236175537,-1.8085299730300903,-3.017939567565918,-4.178501605987549,-3.161471366882324,-5.466267108917236,-0.9854375720024109,-4.5460968017578125,5.701891899108887,-2.994434118270874,-3.037471294403076,-2.190295696258545
23bd773d5,-3.8715662956237793,-5.830935001373291,-8.571329116821289,3.147710084915161,-0.46685054898262024,-4.990307331085205,-9.633119583129883,-7.507050514221191,-4.358530044555664,-6.1523823738098145,-3.5331149101257324,-8.231053352355957,10.784981727600098,-1.1401124000549316,-6.025817394256592,-5.739280700683594,-7.550405979156494,-9.240318298339844,2.175544500350952,-12.432458877563477,-10.700569152832031,-3.7905073165893555,-6.046108722686768,-2.482011318206787
23f85e34a,-2.4247334003448486,-3.812238931655884,-6.443360328674316,3.722888708114624,4.375556945800781,-2.0270349979400635,-6.367681980133057,-5.633163928985596,-1.6760749816894531,-3.811309814453125,-2.4362430572509766,-5.785334587097168,7.117475509643555,1.3654146194458008,-6.3228349685668945,-4.882664203643799,-5.737540245056152,-6.240969181060791,1.358595609664917,-6.051239967346191,-7.557742118835449,-1.5590956211090088,-1.4466915130615234,0.42825886607170105
240697131,-2.308278799057007,1.8175852298736572,-6.3551836013793945,3.7517151832580566,4.856778144836426,-3.8374831676483154,-6.095810413360596,-5.2331085205078125,-0.06755733489990234,-3.818502426147461,-4.3057966232299805,-6.417159557342529,3.212583303451538,0.5791441202163696,-2.367107629776001,-2.849569320678711,-0.46573811769485474,-5.7836151123046875,1.5505224466323853,-4.861629486083984,-6.727176189422607,1.8034930229187012,-3.0720579624176025,-0.5245810151100159
2420703df,-4.630360126495361,2.860198736190796,-8.110881805419922,-4.17074728012085,-6.105930328369141,-9.004284858703613,-2.1636180877685547,-7.697351932525635,-5.787449836730957,-4.157237529754639,-5.055159568786621,-6.085977077484131,-3.0149247646331787,-3.4119491577148438,-6.3269453048706055,-6.59105110168457,30.86542510986328,0.15195947885513306,-4.768705368041992,-6.196107864379883,-8.135245323181152,-2.078505039215088,-3.422558069229126,-6.22458553314209
2444fbf36,-4.541888236999512,-5.044849872589111,0.851267397403717,-2.7407896518707275,-4.284541130065918,-0.9084197878837585,-1.3741511106491089,1.4834721088409424,-5.476898193359375,-1.2748982906341553,-3.0408010482788086,-0.13104736804962158,-4.387513160705566,-4.377479553222656,-2.885476589202881,-0.11235061287879944,-4.486934661865234,-1.7553887367248535,-4.401911735534668,-2.7742741107940674,3.0001680850982666,-5.164270401000977,-1.9049615859985352,-2.2436716556549072
245efe45c,-2.7324914932250977,-5.820866107940674,-6.563262462615967,3.464920997619629,-3.9755759239196777,-5.152606964111328,-8.944120407104492,-4.438848972320557,-5.878854751586914,-4.736652374267578,-3.653108596801758,-7.406978607177734,8.613456726074219,-3.004627227783203,-5.746907711029053,-5.32688570022583,-7.16149377822876,-8.675276756286621,2.4467413425445557,-11.059247970581055,-10.533637046813965,-5.758859634399414,-5.553491592407227,-1.6470310688018799
24968153e,-3.025718927383423,-1.8672198057174683,-1.721705675125122,2.3663249015808105,0.5752659440040588,-3.9996337890625,-5.175816059112549,-4.553828239440918,-2.5226798057556152,1.477581262588501,-5.145811557769775,-5.74816370010376,1.7744674682617188,-2.171196937561035,-2.817805528640747,-3.413025140762329,-2.427302360534668,-3.2244505882263184,-0.1804884374141693,-6.016852378845215,-6.155550956726074,-0.9577982425689697,-5.3747968673706055,-3.019474506378174
2497b42b0,-3.744408130645752,-3.529205322265625,7.540522575378418,2.8010199069976807,-2.4078354835510254,-2.535752773284912,-3.3557987213134766,0.7653826475143433,-6.678647518157959,0.5091425180435181,-5.177463531494141,-2.5519535541534424,-2.6124064922332764,-3.4995803833007812,-5.30191707611084,-4.940794944763184,-4.626152515411377,-1.3054125308990479,-3.016228199005127,-5.953242301940918,-5.128349781036377,-4.331883907318115,-4.7254509925842285,-4.730720043182373
24a1c2d43,-7.248257160186768,-7.31742000579834,-1.1415342092514038,-2.617804527282715,-4.535102844238281,-0.8313707113265991,-3.8516857624053955,-3.5181267261505127,-5.787776947021484,-3.6147661209106445,-3.1656291484832764,1.2852462530136108,-5.1481194496154785,-5.686722278594971,-3.762479066848755,-3.3849058151245117,-5.568816661834717,-5.433389663696289,-4.894378662109375,-3.729328155517578,-1.4728676080703735,-5.260178565979004,4.872163772583008,-2.303631544113159
24c2dcbde,-3.2719948291778564,1.0606322288513184,-6.828267574310303,2.273326873779297,-0.13730213046073914,-3.862428665161133,-5.342922210693359,-1.2889149188995361,-3.097184181213379,-4.8118896484375,-3.974091053009033,-6.399820804595947,-2.433696985244751,-0.09409940242767334,7.313317775726318,-0.02220936119556427,-3.23250150680542,-3.883366107940674,-2.4407174587249756,-2.095201015472412,-4.632822036743164,0.5346301198005676,-3.603710174560547,-0.955964207649231
24d2831ba,-0.9869732856750488,6.1845903396606445,-5.858592510223389,2.159550428390503,-2.307398557662964,-4.393880844116211,-4.795269012451172,-3.2491648197174072,-3.1878933906555176,-1.6491453647613525,-3.7158381938934326,-5.5443806648254395,1.6456271409988403,1.3860318660736084,-4.021724700927734,-3.28094482421875,14.445060729980469,-1.4140965938568115,-0.3964875042438507,-6.067304611206055,-6.7687296867370605,1.4243046045303345,-3.695970296859741,-1.9539284706115723
24e0357d3,-2.3883609771728516,-3.0478575229644775,-0.5817892551422119,2.408989429473877,-3.625568389892578,1.3929848670959473,-0.06637265533208847,0.008790582418441772,-3.537295341491699,-0.035103246569633484,-2.45884370803833,-1.600448727607727,0.8155444860458374,-0.7972186803817749,-3.1256561279296875,-1.8806771039962769,-3.8856983184814453,-0.5742998719215393,-0.31328362226486206,-3.2265121936798096,-1.8854708671569824,-3.5752177238464355,-1.4056808948516846,-1.5485906600952148
25031e403,5.714874267578125,-5.672654151916504,-5.743523597717285,2.07611083984375,-4.54047155380249,-8.159771919250488,-9.917171478271484,-5.800195693969727,-4.477838039398193,-3.4643383026123047,-5.475566864013672,-9.744367599487305,8.348443031311035,-3.923436164855957,-9.137683868408203,-5.9737548828125,-7.3685760498046875,-8.81380844116211,3.337315082550049,-12.596232414245605,-10.992730140686035,-7.393561840057373,-6.489814281463623,-3.755986213684082
251b20553,-2.1277737617492676,-5.30223274230957,-5.741278171539307,3.181964159011841,9.100128173828125,-5.1319580078125,-6.766171455383301,-5.426936149597168,-2.3412513732910156,-2.9229347705841064,-3.084203004837036,-3.9439475536346436,8.292698860168457,2.738306760787964,-6.625511169433594,-4.627337455749512,-6.139108657836914,-3.0556912422180176,2.0030879974365234,-9.516620635986328,-7.395185470581055,-0.873037576675415,-4.6234660148620605,2.4796581268310547
252305b36,-3.7866244316101074,-3.974519729614258,-0.6135720014572144,2.485680103302002,-3.0453872680664062,-0.640042781829834,-3.9983768463134766,-1.289113998413086,-5.161778450012207,-2.110454559326172,-3.3917596340179443,-2.224229335784912,5.045172691345215,-4.1978936195373535,-4.764129638671875,-4.436550140380859,-5.247679710388184,-3.860461473464966,-0.8508616089820862,-3.3247411251068115,0.15500721335411072,-4.292417526245117,-3.0557351112365723,2.677642822265625
2557f807f,-2.662999391555786,4.0781474113464355,-5.3823676109313965,3.2746598720550537,3.6997575759887695,-4.309409141540527,-7.285787582397461,-5.469041347503662,-0.5703364610671997,-3.035432815551758,-5.280426025390625,-8.228841781616211,2.1333560943603516,0.2978766858577728,2.3187804222106934,-4.644515037536621,-1.3847099542617798,-5.857963562011719,-0.5501065850257874,-6.074578285217285,-8.278953552246094,6.855710029602051,-4.069068431854248,-2.251488447189331
256bbb887,-4.232126235961914,-4.104251384735107,-3.339144468307495,2.440467596054077,-3.8782501220703125,-3.60022234916687,-2.5669217109680176,-3.0319390296936035,-6.408549785614014,-3.526740789413452,-5.041250228881836,-4.615955352783203,2.491377830505371,-2.9800734519958496,-2.666984796524048,0.36719924211502075,-4.966246604919434,-3.946690559387207,1.1182156801223755,-5.853130340576172,-4.5252580642700195,-3.3906331062316895,-3.9402823448181152,-3.5897679328918457
25eea2aec,-2.652230978012085,1.454540729522705,-7.000697135925293,3.8148598670959473,4.430209159851074,-4.395796775817871,-8.085399627685547,-5.443658828735352,-3.3043112754821777,-4.215043544769287,-4.437258243560791,-8.849684715270996,6.082818508148193,0.16594216227531433,-1.894665002822876,-3.872418165206909,-3.4363174438476562,-7.540519714355469,1.6138699054718018,-8.3449125289917,-8.905868530273438,1.142533540725708,-3.3311586380004883,-1.1067345142364502
26297fa42,-4.397091865539551,-2.3318777084350586,-0.37108996510505676,1.256554126739502,-0.4543125033378601,3.0103282928466797,-3.5236663818359375,-2.830813407897949,-5.37086820602417,-0.8443772792816162,-3.606513738632202,-3.4421370029449463,-2.445925712585449,0.0717683956027031,-0.7740124464035034,-3.458972692489624,-5.100295066833496,-1.4338184595108032,-3.110318183898926,-2.20945143699646,-0.5841565132141113,-2.8476524353027344,-3.0560226440429688,-1.8179972171783447
264e1c5d1,-1.0568342208862305,0.5033152103424072,-6.545649528503418,2.547883987426758,4.518980026245117,-5.333392143249512,-6.565754413604736,-3.0861496925354004,-2.4732542037963867,-3.2980401515960693,-5.124935626983643,-5.97918701171875,0.2842235565185547,0.18294847011566162,6.436591148376465,-3.9384348392486572,-4.294482707977295,-4.352444171905518,3.2203407287597656,-8.028059005737305,-6.55057954788208,3.169703483581543,-4.725271224975586,-0.2961968779563904
269ec93c1,-5.6418561935424805,-4.506496429443359,-3.703183650970459,2.285200595855713,-5.453675270080566,-2.1119203567504883,-6.692568778991699,-2.783938407897949,-7.006381511688232,-4.231853485107422,-4.328643798828125,-0.7436307072639465,-2.389540672302246,-4.749318599700928,-1.2057780027389526,-2.866975784301758,-4.3055009841918945,-5.81825065612793,-1.1015172004699707,-3.782209634780884,-1.8735132217407227,-3.740222454071045,-4.551697731018066,-3.0698752403259277
26de13cc2,-3.48289155960083,3.283599615097046,-3.4450042247772217,2.2028844356536865,-0.5431079268455505,-2.9956552982330322,-4.701727390289307,-2.673025131225586,-4.488645553588867,1.3057299852371216,-2.917579412460327,-2.1962056159973145,3.1848490238189697,-0.8730099201202393,-3.3486239910125732,-4.090673923492432,-2.8901727199554443,-1.53398859500885,-0.6469476819038391,-5.7439045906066895,-4.918989658355713,0.6701538562774658,-2.659168243408203,-2.0360894203186035
26e154992,-2.576110363006592,3.4518158435821533,-7.090053558349609,2.290421962738037,-3.5237479209899902,-4.4111151695251465,-6.911135196685791,-1.52223539352417,-4.2953290939331055,-3.9616196155548096,-4.196615695953369,-5.270194053649902,2.424900531768799,-1.0245524644851685,6.751770973205566,-4.560359001159668,-1.8600690364837646,-6.032293796539307,-0.6055923700332642,-7.255796432495117,-5.68764066696167,-0.4182204008102417,-4.38287878036499,-2.3484349250793457
26e6c228c,1.1143704652786255,-3.357166051864624,6.533778190612793,1.3784356117248535,-6.108802795410156,-3.1510326862335205,-4.829762935638428,-2.339725971221924,-7.0811238288879395,-2.6233224868774414,-5.079524993896484,-6.5043439865112305,-3.2365541458129883,-3.5313358306884766,-2.5969717502593994,-3.273679256439209,-4.016729354858398,-3.325145721435547,-0.49774816632270813,-4.8124165534973145,-4.721611976623535,-5.253279685974121,-5.013420104980469,-3.455732822418213
2702506a0,0.7931028604507446,-0.04652705788612366,0.40206125378608704,1.0202158689498901,-2.5291433334350586,-1.5353299379348755,-4.134138584136963,-1.5209846496582031,-2.476259708404541,-0.8189651370048523,-2.949647903442383,-1.2160184383392334,-2.4216415882110596,-1.4486030340194702,-4.0180277824401855,-4.030113697052002,-3.3017373085021973,-2.3574390411376953,-1.746762752532959,-0.3319190740585327,0.4575042724609375,-3.7668404579162598,-2.2583305835723877,-0.41261717677116394
27224a0ea,-3.637556552886963,-3.7557504177093506,0.21614587306976318,0.04222544655203819,-4.518947601318359,-3.050773859024048,-3.8139076232910156,-3.111741065979004,-6.28271484375,-4.464437484741211,-4.4323320388793945,-5.149762153625488,-5.5010576248168945,-3.972797393798828,-0.7596460580825806,-1.5132763385772705,-4.579992771148682,-1.433910608291626,-4.290195465087891,-2.5704665184020996,7.052356719970703,-5.835442543029785,-5.058929443359375,-3.6623375415802
273d502c3,-3.386228322982788,-4.591686248779297,1.2054721117019653,-2.970538854598999,-4.577676773071289,0.2294003814458847,-2.798290252685547,-0.9037935733795166,-4.715460300445557,1.5625345706939697,-2.5158143043518066,-0.1893547773361206,-5.405263423919678,-4.1296467781066895,-3.304396629333496,-2.912382125854492,-4.73921012878418,-0.10651746392250061,-4.169281959533691,-1.7288161516189575,1.3786473274230957,-5.239309787750244,-2.826063871383667,-1.7155698537826538
277102407,-4.9530029296875,-4.335899353027344,-0.5320522785186768,0.6284394860267639,-2.6856319904327393,-1.5780634880065918,-0.715186595916748,-1.5579116344451904,-4.662998199462891,-2.5092568397521973,-2.1567726135253906,-1.644345760345459,-3.2163145542144775,-4.107812404632568,-1.089991807937622,0.865187406539917,-4.601102828979492,1.187020182609558,-4.8557281494140625,3.582397222518921,4.747379302978516,-5.337038516998291,-2.90498423576355,1.7920151948928833
27eb3d156,6.104215145111084,-3.745401620864868,-6.482096195220947,2.583160400390625,-0.6060325503349304,-5.44369649887085,-8.550764083862305,-5.084235191345215,-3.023185968399048,-3.684412956237793,-5.361809730529785,-8.437959671020508,6.702563762664795,-2.564481735229492,-3.690765380859375,-5.28056526184082,-6.294933795928955,-8.351554870605469,4.826357841491699,-11.591998100280762,-9.516355514526367,-3.330504894256592,-5.296399116516113,-2.9096174240112305
282a52a92,3.149461269378662,-0.5034521222114563,1.3012299537658691,1.6791353225708008,-1.6804146766662598,-4.1144561767578125,-5.2279863357543945,-4.794355869293213,-3.8953185081481934,-1.6609714031219482,-5.042218208312988,-5.397315502166748,-4.063167095184326,-1.5976722240447998,-3.5233821868896484,-5.251048564910889,-3.5666086673736572,-3.756105422973633,-1.9391943216323853,-3.9498610496520996,-2.886690139770508,-4.277809143066406,-5.20860481262207,-0.2864157557487488
284197921,-5.333075046539307,-4.906451225280762,10.82772445678711,2.3929378986358643,-5.323750019073486,-2.7872087955474854,-3.989346981048584,-2.6834464073181152,-10.441474914550781,-1.8669637441635132,-6.361184120178223,-6.469257354736328,-6.200092315673828,-4.401656150817871,-6.832615852355957,-5.7489166259765625,-6.514026641845703,-3.7787747383117676,-4.018026828765869,-7.022377014160156,-5.1106367111206055,-6.129199981689453,-5.832972526550293,-8.275466918945312
2889d6cfe,5.5412516593933105,-2.3120715618133545,3.78572940826416,0.17217949032783508,-3.7860498428344727,-4.384233474731445,-6.283290863037109,-5.794560432434082,-3.554457664489746,-2.1502249240875244,-5.8329572677612305,-6.762401580810547,-5.159253120422363,-2.4694924354553223,-6.855582237243652,-5.73403263092041,-4.533269882202148,-4.5319719314575195,-2.577094554901123,-5.213567733764648,-3.4650955200195312,-5.319221496582031,-6.473794937133789,-2.221865653991699
28a4287f6,-0.5554162263870239,6.738669395446777,-5.694150924682617,2.8257951736450195,-2.891969680786133,-6.016009330749512,-4.305997371673584,-4.548849105834961,-1.788949728012085,-3.2523934841156006,-4.728687286376953,-8.628190040588379,-1.2574377059936523,-0.15164414048194885,-4.579814910888672,-4.505796432495117,22.09233283996582,-1.9722766876220703,-2.9416656494140625,-4.690563201904297,-6.294166564941406,0.24857603013515472,-3.8261351585388184,-1.4861865043640137
28b5f4e83,-2.8868730068206787,4.159322738647461,-4.137465476989746,4.182548999786377,0.08905906975269318,-1.5538172721862793,-5.3778157234191895,-4.034130573272705,-3.4108238220214844,-2.633390426635742,-3.55228853225708,-6.5613579750061035,-0.35580310225486755,1.713524341583252,-4.287694931030273,-3.5559163093566895,-1.3895232677459717,-3.734626293182373,-3.9705653190612793,-5.018696308135986,-5.682925224304199,1.37345290184021,3.301880359649658,-1.0325177907943726
28d1b3eee,-4.115979194641113,-2.578237533569336,-8.21889877319336,3.248474597930908,1.2300944328308105,-6.11033821105957,-8.59228229522705,-3.821884870529175,-4.70611047744751,-5.396581649780273,-6.036935329437256,-7.371930122375488,0.9556864500045776,-3.208402156829834,4.360064506530762,-5.861886501312256,-6.302248001098633,-7.636196136474609,4.373052597045898,-10.506422996520996,3.849243640899658,-0.0905284583568573,-6.083928108215332,-3.003936290740967
28e374ea2,8.759815216064453,-3.1232969760894775,-3.0567753314971924,0.7841213941574097,-3.809234619140625,-8.365743637084961,-8.053067207336426,-6.570436954498291,-2.923161268234253,-3.412693977355957,-5.524260997772217,-7.749403953552246,3.408048152923584,-2.025162696838379,-8.93341064453125,-4.113958358764648,-4.829690933227539,-5.840928077697754,0.05056384205818176,-6.903507232666016,-5.78007698059082,-6.6267619132995605,-6.376459121704102,0.706771731376648
28f39426c,1.7493367195129395,-6.227478981018066,-7.1526923179626465,2.714128017425537,-2.5288562774658203,-2.571139097213745,-6.883189678192139,-5.959892749786377,8.272411346435547,-4.327637672424316,-3.3998937606811523,-6.760113716125488,9.280216217041016,-1.6341814994812012,-4.122258186340332,-4.966190814971924,-6.446403503417969,-5.13400411605835,2.093418598175049,-6.421175003051758,-1.750529408454895,-5.161940574645996,-2.803011178970337,0.015660494565963745
29066c70f,-1.966930627822876,-7.285877704620361,-5.259561538696289,1.8348660469055176,-4.552165985107422,-3.031895399093628,-8.195345878601074,-6.0622334480285645,0.021276354789733887,-5.088319778442383,-3.233248233795166,-5.6369733810424805,9.088394165039062,-4.203525543212891,-4.670089244842529,-5.959654331207275,-7.858913898468018,-9.134149551391602,1.1745760440826416,-7.189357280731201,-4.9384565353393555,-5.701032638549805,-5.259589195251465,-3.269566535949707
293791220,-2.0683112144470215,3.4025115966796875,-7.234752655029297,3.742525100708008,-1.3686118125915527,-3.062432050704956,-6.1719970703125,-3.6460771560668945,-3.1485836505889893,-3.0792527198791504,-2.6553375720977783,-6.311802387237549,0.7017217874526978,0.22432267665863037,-5.3438615798950195,-3.759916067123413,-1.1776213645935059,-5.0096845626831055,-2.7182044982910156,-5.955778121948242,-6.8388495445251465,0.42654067277908325,0.4995962977409363,-0.7461286783218384
293c956eb,-3.7125728130340576,-5.252924919128418,-5.276965141296387,3.0546858310699463,-6.948435306549072,-3.6641454696655273,-6.592709064483643,-4.355562210083008,-5.535129547119141,-2.99422550201416,-2.869966983795166,-6.312644004821777,7.927141189575195,-3.7060303688049316,-6.761531829833984,-4.6874213218688965,-6.669743061065674,-6.67111873626709,0.5051009058952332,-7.0517778396606445,-8.886323928833008,-6.785363674163818,-5.129330635070801,-3.2650084495544434
29528fd59,0.3262560963630676,4.21499490737915,-1.3321748971939087,2.430157423019409,-0.7224117517471313,-4.132540702819824,-3.894322395324707,-2.5876433849334717,-4.718351364135742,6.2280778884887695,-4.907306671142578,-1.940784215927124,2.8013088703155518,1.0905706882476807,-4.726624488830566,-3.990663528442383,-2.715878963470459,-1.8046891689300537,-2.2843270301818848,-5.184675216674805,-5.544696807861328,-1.6537704467773438,-3.629223346710205,1.7550212144851685
298646cfe,-3.6292290687561035,6.642076015472412,-4.438475131988525,3.658616065979004,0.43417227268218994,-3.852646827697754,-5.734577655792236,-1.7470924854278564,-2.245668888092041,-3.534759998321533,-5.041595458984375,-6.352081298828125,-1.2350279092788696,-0.05086816847324371,3.9028160572052,-3.487696647644043,-1.3394668102264404,-4.47622013092041,-1.1400600671768188,-5.878381252288818,-5.948087215423584,1.6680443286895752,-3.6833226680755615,-2.25341534614563
2986b87b2,0.9049518704414368,-5.863348960876465,-5.450432300567627,2.6649599075317383,-3.757256031036377,-4.188860893249512,-8.031559944152832,-5.624783039093018,-4.385873794555664,-4.692360877990723,-2.917564868927002,-7.841433525085449,8.953130722045898,-3.01814866065979,-6.970495223999023,-5.967702865600586,-7.142007350921631,-7.614765167236328,2.385232448577881,-10.123927116394043,-4.795226097106934,-6.516946792602539,-5.300512313842773,-3.2148211002349854
299830376,-7.566665172576904,-1.1474850177764893,-1.3800203800201416,-2.3744969367980957,-6.234123229980469,-3.2661333084106445,-5.223332405090332,-4.035846710205078,-7.759982585906982,-5.258353233337402,-4.991604804992676,-4.459385871887207,-4.488138198852539,-4.658207416534424,-2.5366830825805664,-4.560375213623047,10.01941967010498,-3.1825814247131348,-3.1731064319610596,-1.864727258682251,-2.2930643558502197,-3.915222644805908,-6.141258716583252,-4.740039825439453
29a2a235b,-3.027798891067505,-0.5793570876121521,-3.7213761806488037,2.6591782569885254,-1.1568875312805176,-2.5851311683654785,-0.45081913471221924,-2.3942086696624756,-2.5099453926086426,-3.0537991523742676,-3.3334670066833496,-3.9229819774627686,0.4685003161430359,1.7946041822433472,-2.898561954498291,0.930648684501648,-0.882876455783844,-1.8416444063186646,-1.2316597700119019,0.4743615388870239,-3.567420721054077,-0.3049328029155731,0.7687525749206543,-1.170343279838562
29be5139f,-5.139067649841309,-7.028895378112793,-0.7462971210479736,-3.1878790855407715,-6.1535868644714355,-2.2092573642730713,-1.7652733325958252,-2.7243309020996094,-6.576571941375732,-0.11186741292476654,-3.7502102851867676,-0.8725885152816772,-6.1394195556640625,-5.588297367095947,-4.246038436889648,-0.21157801151275635,6.705435752868652,-0.4401695132255554,-6.397793769836426,-0.8042441606521606,3.9164834022521973,-6.372499465942383,-3.8758482933044434,-3.835707902908325
29ca01b58,-5.557781219482422,-4.685792922973633,-1.1845800876617432,0.8179504871368408,-4.299771785736084,-2.1464648246765137,-4.83370304107666,-2.367464542388916,-5.304624557495117,-3.8777689933776855,-3.3684420585632324,-0.7138850688934326,-2.467494010925293,-5.153375148773193,-1.819798469543457,-4.632849216461182,-6.400410175323486,-4.601552963256836,-1.7323832511901855,-2.2854623794555664,2.545757293701172,-5.018128871917725,-2.960554361343384,-2.97507381439209
29caf0a0b,-0.7884631752967834,-2.3270697593688965,-4.906492233276367,3.0132899284362793,-0.643940806388855,-4.467263221740723,-4.246293544769287,-0.7699316740036011,-3.8350605964660645,-3.0469350814819336,-4.479939937591553,-6.1773881912231445,0.33814799785614014,-2.680739402770996,1.7500898838043213,-0.6920849680900574,-3.1073241233825684,-3.2567226886749268,0.8995010256767273,-6.341320991516113,-4.324368000030518,-1.8152010440826416,-4.126474380493164,-1.0544196367263794
2a119f08d,-4.698564529418945,-3.88012433052063,-0.6080814003944397,-0.4861769378185272,-4.1889142990112305,-2.6132802963256836,-1.8852014541625977,2.652560234069824,-6.2215728759765625,-2.2046751976013184,-2.9575233459472656,2.7193808555603027,-3.453746795654297,-4.241749286651611,-2.1811635494232178,-3.9986181259155273,-3.8686115741729736,-3.360471487045288,-2.965240001678467,-3.732959032058716,4.848785400390625,-5.436839580535889,-2.7016496658325195,1.4739220142364502
2a30fef72,-1.187718391418457,-4.220985412597656,-3.0328381061553955,2.661311149597168,-0.6925238370895386,0.14304353296756744,-4.363983154296875,-5.031703472137451,1.9018917083740234,-1.5569398403167725,-1.66566801071167,-3.9466042518615723,6.320440292358398,-1.2300606966018677,-3.1972713470458984,-3.872983932495117,-5.422390460968018,-2.1400604248046875,-0.6862426996231079,-3.9879281520843506,-0.9328864812850952,-3.0363428592681885,-3.2219958305358887,-0.056554943323135376
2a3f33e0d,0.2849695086479187,-0.8698384761810303,-4.536765098571777,2.3332042694091797,-2.453791379928589,-3.3485238552093506,-5.749406814575195,-4.126655578613281,-1.2600728273391724,-2.7703897953033447,-2.7148449420928955,-4.896193027496338,8.314391136169434,-1.5143990516662598,-3.862989902496338,-1.8195836544036865,-5.172511100769043,-5.567423343658447,1.5774115324020386,-4.81357479095459,-1.4044790267944336,-3.382593870162964,-4.41121768951416,-1.1178417205810547
2a625bb6f,-5.390161037445068,-3.903341770172119,-1.204910159111023,1.3640996217727661,-5.141411781311035,-1.9914705753326416,-4.755369186401367,-3.382781982421875,-6.59053897857666,-2.488858699798584,-3.4417576789855957,-1.1338986158370972,-1.5894160270690918,-2.706641435623169,1.0220497846603394,-3.920365333557129,-5.704634666442871,-2.1933653354644775,-1.8563379049301147,1.6015198230743408,0.5780571699142456,-5.089437484741211,-5.946177959442139,-4.276337623596191
2a6b5c6a9,-2.9312057495117188,-3.814861297607422,1.8498634099960327,1.5497710704803467,-3.0967257022857666,-3.4038589000701904,-2.9806737899780273,0.41541820764541626,-6.220451354980469,3.340869426727295,-4.680464267730713,-2.47811222076416,-4.692249774932861,-4.788327217102051,-2.419137954711914,-0.17160439491271973,-3.570112705230713,2.1300904750823975,-4.674837112426758,-4.456774711608887,3.2324090003967285,-4.879795074462891,-3.8307690620422363,-0.712817907333374
2a855c952,-7.138326644897461,-9.299549102783203,-0.2932307720184326,-3.1055994033813477,-7.680700778961182,-2.95566463470459,-5.880965709686279,-6.59024715423584,-9.124805450439453,-3.7906768321990967,-5.293391227722168,-2.7320666313171387,-6.551802158355713,-8.15545654296875,-5.806115627288818,-6.199493408203125,-8.138540267944336,-4.89918327331543,-4.449855804443359,-4.521174907684326,-1.7954039573669434,-8.422649383544922,-7.642650604248047,-6.145288467407227
2ab277090,-6.091527938842773,-5.878337383270264,-0.376475989818573,0.44882890582084656,-5.58545446395874,-1.4856715202331543,-0.6246813535690308,0.06914252042770386,-8.010576248168945,-3.2916500568389893,-2.712390899658203,2.1795034408569336,-4.383092880249023,-4.521162986755371,-2.693124771118164,-3.8965563774108887,-4.741127014160156,-2.3405508995056152,-3.5148401260375977,-2.2736802101135254,7.278676986694336,-5.7253007888793945,2.0119986534118652,-2.6176247596740723
2ab38cb5a,-2.5560076236724854,2.5017266273498535,-3.9663314819335938,2.9829399585723877,3.657679796218872,-3.424840211868286,-6.114109516143799,-5.300551891326904,0.5536691546440125,-2.503140687942505,-4.475165367126465,-6.314483642578125,0.39103028178215027,0.9477716684341431,1.768479824066162,-3.653012275695801,-0.26895493268966675,-4.642278671264648,-0.35311782360076904,-5.303915023803711,-6.473575115203857,8.134742736816406,-2.875704288482666,-0.8732473254203796
2b18a1bf6,-2.905928611755371,-3.6679348945617676,10.776508331298828,2.001649856567383,-7.367988586425781,-2.475640058517456,-5.586978912353516,-2.9818477630615234,-11.045106887817383,-2.1805367469787598,-5.928219795227051,-6.146018028259277,-4.981849670410156,-5.200695991516113,-8.55681037902832,-6.761524677276611,-6.778512001037598,-4.031805992126465,-3.6420786380767822,-8.025222778320312,-4.515223026275635,-7.247223854064941,-6.024299621582031,-7.817093372344971
2b6ff9e79,-4.727275371551514,-7.753320217132568,-8.25149917602539,2.567030906677246,-4.86552619934082,-2.8234992027282715,-7.987093925476074,-5.810794353485107,-4.448861122131348,-5.392728805541992,-2.461681842803955,-5.811642646789551,9.230718612670898,-3.2373647689819336,-8.03068733215332,-5.360006809234619,-7.7441935539245605,-9.140199661254883,1.6778175830841064,-9.476880073547363,-9.626991271972656,-6.070591449737549,-1.3898537158966064,-1.9202687740325928
2b87c07e3,-4.7791876792907715,-5.376156806945801,-0.6009284853935242,-0.36545079946517944,-5.201948165893555,-1.523860216140747,-3.134735584259033,-1.4802954196929932,-6.074489593505859,1.8546593189239502,-3.6583926677703857,-1.1734850406646729,-5.564234733581543,-5.395761966705322,-0.256507933139801,0.09937500953674316,-5.941324234008789,2.028531312942505,-4.587073802947998,-0.016924172639846802,1.9882609844207764,-5.6449480056762695,-5.059778213500977,-3.062520980834961
2baf00167,-2.7456231117248535,0.5342099070549011,-3.4004719257354736,3.73915958404541,3.421621799468994,-4.094001293182373,-5.100887298583984,-0.7061539888381958,-2.1830601692199707,1.6005034446716309,-3.7657928466796875,-5.952970027923584,0.20393717288970947,-1.0395572185516357,2.5272505283355713,-2.801178216934204,-2.527243137359619,-0.15235048532485962,-1.3385753631591797,-5.884585380554199,1.6750288009643555,2.6751720905303955,-2.812471866607666,-0.9012361764907837
2be36d5b2,-3.214932918548584,-7.618132591247559,-7.783889293670654,3.2924447059631348,-2.466843366622925,-5.1517839431762695,-10.063344955444336,-7.246786117553711,-1.6341373920440674,-6.172661781311035,-4.652050495147705,-7.7543110847473145,9.238659858703613,-3.3696107864379883,-5.529595375061035,-6.753476142883301,-8.825822830200195,-9.298538208007812,4.119543552398682,-11.478888511657715,-4.046006202697754,-5.616837024688721,-6.085782527923584,-3.512366771697998
2be90db4b,-4.650265693664551,-6.148031711578369,0.10500198602676392,0.8199663162231445,-4.774709224700928,2.061387777328491,-3.499150276184082,-0.2687269449234009,-6.601442337036133,-2.888179302215576,-2.6648459434509277,-1.3871840238571167,-3.34224271774292,-2.7516250610351562,-1.505415916442871,-3.1846699714660645,-5.016910552978516,-1.76707124710083,-2.768885374069214,-3.7403957843780518,6.147560119628906,-5.946369647979736,-3.152728796005249,-4.13623046875
2bfd45515,-1.8178129196166992,-4.804145336151123,-3.156925916671753,1.9972673654556274,-1.8937915563583374,-1.2192304134368896,-2.5204381942749023,-3.465381145477295,0.8754260540008545,-2.2091453075408936,-3.08589243888855,-3.2642905712127686,6.513649940490723,-1.624352216720581,-2.123763084411621,-0.7506413459777832,-4.191620349884033,-2.9736618995666504,1.7634360790252686,-3.8438029289245605,-2.41654634475708,-2.8350815773010254,-2.7850682735443115,-1.4935895204544067
2c0b3a043,-1.2363851070404053,-3.138904094696045,-3.7991652488708496,2.304835081100464,-1.6160039901733398,-4.504266738891602,-4.123538970947266,0.7884722352027893,-4.093234539031982,-0.598508894443512,-3.8266332149505615,-3.565053701400757,-0.26163825392723083,-2.4432530403137207,-1.6376675367355347,-2.3632235527038574,-3.2669837474823,-3.404886245727539,1.213366150856018,-6.408024311065674,-0.9362068772315979,-2.6483864784240723,-3.160731792449951,-2.564502716064453
2c1dd32d2,5.739735126495361,4.322702884674072,-2.1932945251464844,2.4096121788024902,-0.017259366810321808,-3.2384705543518066,-4.621807098388672,-4.422308921813965,-2.6215479373931885,-2.37111759185791,-4.015392303466797,-4.888018608093262,-0.8929924368858337,0.29790574312210083,-4.49704122543335,-3.8670878410339355,-2.6848883628845215,-4.057048797607422,-0.2024989128112793,-3.5123825073242188,-3.563964605331421,-1.228142499923706,-3.4051451683044434,0.324472576379776
2c27e1b43,-2.6695210933685303,-0.46352770924568176,-0.04268908500671387,2.3768441677093506,-3.0260636806488037,-2.6508731842041016,-2.0334153175354004,-2.2264089584350586,-5.0765886306762695,-3.253786087036133,-2.4352118968963623,-4.505540370941162,0.5341179370880127,-1.097143530845642,-3.91365385055542,-4.154084205627441,-3.047013759613037,-1.181779384613037,-3.9408411979675293,-3.034104585647583,6.440661430358887,-3.9737915992736816,-2.3314013481140137,-0.4179815948009491
2c92e60fd,-8.437356948852539,-9.602069854736328,-3.9906535148620605,-5.720785140991211,-5.448777198791504,-1.81390380859375,-5.025713920593262,-6.348690032958984,-6.5405707359313965,-4.143583297729492,-3.5110902786254883,0.06043142080307007,-4.359620094299316,-6.749431610107422,-5.6018548011779785,-5.895590305328369,-8.482919692993164,-5.152811050415039,-5.607241630554199,-2.5935587882995605,-2.1079511642456055,-6.123064994812012,-3.9344966411590576,-3.5702123641967773
2cdb5758f,-3.2495338916778564,-6.729084491729736,-3.892726421356201,3.364302158355713,-5.9482574462890625,-2.310519218444824,-5.697426795959473,-2.612682819366455,-6.986299991607666,-3.584719657897949,-2.7788872718811035,-3.0397939682006836,5.527096748352051,-5.05327033996582,-3.911237955093384,-4.25797176361084,-6.739350318908691,-6.267107009887695,1.0841667652130127,-7.01995325088501,-4.814533233642578,-5.891081809997559,0.013478338718414307,-3.4495434761047363
2ce094326,-2.293503522872925,-3.6584906578063965,0.4128378629684448,-0.3105098009109497,-5.450082778930664,-3.031583786010742,-4.191714286804199,-4.460007667541504,-4.860966682434082,-2.7369425296783447,-1.227225422859192,-1.4076998233795166,-1.43943452835083,-3.2014002799987793,-5.440895080566406,-4.737696170806885,-5.605693817138672,-0.21859967708587646,-2.886733293533325,0.8248268365859985,12.650810241699219,-5.623173713684082,-4.778879165649414,-4.460528373718262
2d02cb72a,-2.600248098373413,1.5162100791931152,-6.322505474090576,3.63415265083313,1.867217779159546,-3.574876308441162,-7.14631462097168,-5.1177473068237305,-3.040247917175293,-3.5562262535095215,-3.891547679901123,-8.121699333190918,5.066941738128662,0.5413165092468262,-5.348627090454102,-4.169083595275879,-3.137537956237793,-6.520875453948975,-0.10548920184373856,-7.198892593383789,-8.746742248535156,-0.4954097270965576,-2.8899943828582764,-0.8756766319274902
2d11dfc2f,-3.0258824825286865,-2.9776077270507812,-5.194904327392578,2.126771926879883,0.5122268795967102,-4.632889270782471,-4.000676155090332,-2.028675079345703,-3.662874460220337,-3.175098419189453,-4.879048824310303,-2.412590265274048,3.177114963531494,-2.6281700134277344,1.210994005203247,2.1726648807525635,-5.667638778686523,-2.4495205879211426,4.347784996032715,-5.153042316436768,3.760576009750366,-0.23350630700588226,-2.8556082248687744,-2.154233455657959
2d46cdd0f,-2.887907028198242,-3.7282907962799072,1.2683284282684326,-3.1298184394836426,-1.4938328266143799,-1.9195153713226318,-3.147597312927246,-0.5613070130348206,-4.5335893630981445,-1.700783610343933,-2.7232003211975098,-0.4578692317008972,-3.518404245376587,-3.4262847900390625,-3.8806397914886475,-4.865371227264404,-4.405531883239746,-2.6240901947021484,-5.055126190185547,-1.2608742713928223,-1.0303220748901367,-4.380918502807617,-1.9707372188568115,2.0083184242248535
2d5b597c9,-2.359964370727539,5.093160629272461,-5.232967853546143,2.950929641723633,-2.4584007263183594,-4.026971340179443,-3.417631149291992,-2.7280991077423096,-4.195870399475098,-2.2935965061187744,-4.525014877319336,-5.863822937011719,0.05906647443771362,3.7471656799316406,-3.3757529258728027,-2.7562785148620605,25.653671264648438,-0.18547236919403076,-2.5010268688201904,-4.6467461585998535,-5.181675910949707,-0.5519648790359497,-3.884639263153076,-1.7408699989318848
2d7ac2f07,-2.6263034343719482,-0.8461014032363892,-0.9595764875411987,2.2430620193481445,-0.7230588793754578,-1.5312252044677734,-3.4681501388549805,-1.3293111324310303,-3.657013416290283,-2.297541618347168,-3.706289768218994,-2.969019889831543,-0.8722895979881287,-2.893167495727539,-0.09252846240997314,-3.339003086090088,-3.646862030029297,-3.6543712615966797,-0.7390085458755493,-2.5705556869506836,2.566239356994629,-2.413112163543701,-1.3744173049926758,2.4250049591064453
2d7d5a1af,-0.8585181832313538,-3.5629191398620605,-5.301763534545898,2.6597423553466797,6.0374369621276855,-1.8885000944137573,-4.767303466796875,-2.688671588897705,-1.0487911701202393,-2.48854660987854,-1.068084955215454,-2.0677566528320312,5.8603644371032715,0.478798508644104,-4.814812660217285,-4.1576972007751465,-5.02412223815918,-3.6039185523986816,1.9118683338165283,-6.924652099609375,-5.510597229003906,-1.9337364435195923,-1.970951795578003,4.066292762756348
2d83a4066,-2.7425100803375244,-2.6306819915771484,1.173635482788086,3.0634565353393555,-6.170915603637695,-2.321638584136963,-1.6464064121246338,0.6481624841690063,-6.354456901550293,0.3070736825466156,-3.378927230834961,-2.203078031539917,0.9733833074569702,-3.990051746368408,-0.48885899782180786,-2.3498411178588867,-3.5281708240509033,-0.8387377858161926,0.40945911407470703,-3.669520378112793,-2.3818612098693848,-4.225388526916504,-3.9241209030151367,-3.9443485736846924
2d89f7aaf,0.7287202477455139,-0.4968796372413635,-0.11323545128107071,3.0385069847106934,-2.7456135749816895,-3.3510451316833496,-5.047633171081543,-3.779926300048828,-3.77409291267395,-1.8773479461669922,-3.1516356468200684,-4.910035133361816,3.6978516578674316,-1.3743747472763062,-2.5536673069000244,-4.006182670593262,-4.560352325439453,-3.208118200302124,-0.6441566944122314,-3.564089775085449,-0.48930495977401733,-3.2514283657073975,-4.225782871246338,-2.3733036518096924
2d90126b8,-7.917844295501709,-8.591331481933594,-3.4827303886413574,-4.905221939086914,-6.007168769836426,-2.3460259437561035,-5.837706565856934,-5.236675262451172,-5.717205047607422,-3.9706649780273438,-3.532116413116455,0.1863904595375061,-3.3183555603027344,-6.012170791625977,-4.764662265777588,-5.939269065856934,-7.208314895629883,-5.3890700340271,-4.934469223022461,-2.088409423828125,2.0496068000793457,-5.629505157470703,-4.769355297088623,-4.015686988830566
2d961c225,-3.032747268676758,0.14809760451316833,-6.4006829261779785,3.3685286045074463,-1.2169700860977173,-1.0692875385284424,-6.592726707458496,-1.570541262626648,-4.3496527671813965,-3.180828094482422,-2.786339282989502,-4.403443336486816,2.8818771839141846,-1.6004160642623901,-2.2770791053771973,-3.489222288131714,-3.188110828399658,-6.279994010925293,0.8898616433143616,-6.98720645904541,-1.3540843725204468,-0.7792394757270813,-1.190549612045288,-1.3285496234893799
2da11ef56,-2.1246109008789062,4.339004993438721,-7.964944839477539,3.6041975021362305,-1.4576060771942139,-3.9966416358947754,-4.5958452224731445,-4.502819061279297,-3.584719657897949,-3.4242706298828125,-3.852177143096924,-8.39641284942627,0.41127628087997437,-0.005507379770278931,-5.261048316955566,-4.714025020599365,19.442554473876953,-3.530425548553467,-1.9572715759277344,-7.353603363037109,-6.302666664123535,2.0608468055725098,-0.2788656949996948,-1.0383765697479248
2dd3de084,-2.0474963188171387,-4.6173882484436035,-6.751684188842773,3.427004814147949,9.03661060333252,-4.970603942871094,-7.053271293640137,-6.716402053833008,-1.9349462985992432,-3.121239423751831,-5.1366071701049805,-4.511821746826172,3.5484251976013184,3.484772205352783,-5.727407455444336,-5.4967241287231445,-5.745306015014648,-3.1234850883483887,1.6822686195373535,-9.289139747619629,-7.138689994812012,-0.11716888844966888,-3.3861093521118164,2.2957589626312256
2e0cc4891,-2.9275567531585693,6.802138805389404,-3.2485713958740234,3.1384973526000977,1.8901784420013428,-3.6806182861328125,-6.5568647384643555,-5.304264545440674,-0.23242250084877014,2.97493052482605,-4.611270904541016,-7.602854251861572,0.2509056329727173,-0.0384066104888916,1.0391935110092163,-3.680922508239746,-1.7461390495300293,-5.1569013595581055,-0.7445929646492004,-4.828755855560303,-6.873392581939697,7.3797807693481445,-2.628129720687866,-2.1668293476104736
2e1dbf36d,4.633214950561523,-6.920723915100098,-0.31273746490478516,1.823263168334961,-6.077997207641602,-7.806457042694092,-9.489622116088867,-7.7001214027404785,-3.6814444065093994,-3.8017797470092773,-4.971684455871582,-9.97372817993164,5.156924247741699,-4.3016037940979,-11.009542465209961,-6.3668341636657715,-7.126528739929199,-6.94599723815918,0.1649257242679596,-8.474760055541992,-8.228055953979492,-8.676124572753906,-7.615283012390137,-4.159939289093018
2e3a98d20,-2.7176897525787354,-1.6321394443511963,-7.346804618835449,2.64263653755188,1.5847972631454468,-4.661256313323975,-6.962031364440918,-3.6161012649536133,-2.0465359687805176,-5.388239860534668,-4.234844207763672,-7.119696617126465,-0.11289584636688232,-2.6656885147094727,6.748946189880371,-4.4132490158081055,-4.76064395904541,-4.7385077476501465,1.1556365489959717,-7.465157985687256,-0.6340193748474121,0.5818474292755127,-4.779839515686035,-1.8569872379302979
2e48b17d1,-1.503250002861023,-8.3013334274292,-7.864251613616943,2.6577811241149902,-1.6059247255325317,-6.254382133483887,-9.803434371948242,-5.835991859436035,-4.694272041320801,-4.943586349487305,-4.626275062561035,-8.574548721313477,9.030329704284668,-2.942410945892334,-7.574225425720215,-6.352926254272461,-8.559072494506836,-9.275297164916992,3.8163647651672363,-13.298337936401367,-11.15718936920166,-6.2609758377075195,-6.0954790115356445,-3.0711288452148438
2e54223cc,-2.3797309398651123,-1.7033135890960693,-3.7090516090393066,3.380237102508545,3.386045455932617,-3.822601079940796,-5.602180004119873,-4.775897979736328,-1.6193253993988037,-3.8455655574798584,-4.365115165710449,-5.561450958251953,3.902892589569092,0.5161333084106445,-2.8860695362091064,-3.696549654006958,-0.9038728475570679,-4.968507766723633,3.2725729942321777,-5.922636985778809,-6.582655906677246,-0.34020307660102844,-4.175227642059326,-0.6429049968719482
2e6617b78,-2.4797887802124023,0.7051525115966797,-3.934596300125122,2.996756076812744,-1.461303472518921,-3.3782401084899902,-6.2266106605529785,-3.7109861373901367,-1.922544002532959,2.1713414192199707,-3.0877878665924072,-6.131319999694824,2.1834888458251953,1.6664761304855347,-3.4782814979553223,-3.110452175140381,4.139355182647705,-4.370838165283203,-1.1161564588546753,-5.792142868041992,-7.0647687911987305,1.381290078163147,-2.7106082439422607,-1.546128511428833
2e6be4cee,-2.235456943511963,-0.2192707657814026,-3.5563859939575195,3.288100481033325,-2.7947006225585938,-4.215295314788818,-4.452969551086426,-0.8675135374069214,-4.633464813232422,-2.1410129070281982,-3.031750202178955,-3.4410781860351562,0.5381283760070801,-1.8772952556610107,-3.2318944931030273,2.262718915939331,-2.0519967079162598,-0.9165810346603394,-1.2674732208251953,-5.629227161407471,-5.18665885925293,-2.398098945617676,-3.1764914989471436,-2.12492036819458
2e6effabb,-3.46769118309021,-1.9722989797592163,-2.1099181175231934,2.35855770111084,-2.2650907039642334,-3.634805917739868,-5.286710739135742,-0.3556579649448395,-4.2944536209106445,-1.7840821743011475,-2.0417978763580322,-5.200985908508301,0.5782799124717712,-3.007310390472412,-2.058774471282959,-3.6751022338867188,-2.0151543617248535,-1.274814248085022,-1.9142513275146484,-5.165878772735596,-4.5111894607543945,-1.5453901290893555,-4.064449310302734,-1.237293004989624
2e8768219,-6.564712047576904,-6.520350456237793,0.545171856880188,-3.7447166442871094,-6.271642684936523,-2.769011974334717,-5.064421653747559,-0.11577123403549194,-8.70160961151123,-5.956348419189453,-3.3989126682281494,1.7061913013458252,-5.461756706237793,-4.596153736114502,-3.7087838649749756,-6.153364658355713,-7.727592945098877,-5.092362880706787,-4.530730724334717,-4.662572383880615,8.95695686340332,-7.731838226318359,-5.587086200714111,-5.515000343322754
2e9707155,-3.051389694213867,-2.1341021060943604,-2.9912304878234863,1.121255874633789,-3.0942258834838867,-1.0365750789642334,-3.344275951385498,-0.6377227306365967,-4.989839553833008,-2.7473549842834473,-3.7879624366760254,-2.9412853717803955,-3.1063647270202637,-2.893568277359009,0.27064093947410583,1.6542049646377563,-3.9526774883270264,-1.6206893920898438,-1.9661120176315308,-3.4069552421569824,4.706975936889648,-3.3004183769226074,7.417093276977539,-1.9710545539855957
2ea89e978,-4.571442127227783,-1.2995178699493408,-0.2497325837612152,0.11112189292907715,-2.7818474769592285,-3.0280332565307617,-5.395678520202637,-3.605437994003296,-6.323219299316406,-3.9822280406951904,-3.975538730621338,-4.778200149536133,-3.0583627223968506,-1.609810471534729,-2.2822341918945312,-4.542567729949951,-4.560856342315674,-3.1700494289398193,-3.987234592437744,-2.258842945098877,-0.9087897539138794,-3.0953049659729004,-5.543227195739746,-1.4377015829086304
2edcedcd5,-3.0252225399017334,3.9005632400512695,-5.321826934814453,3.2566795349121094,0.9067915081977844,-4.248897552490234,-5.935209274291992,-2.1023037433624268,-2.7737770080566406,-2.4256832599639893,-4.617098808288574,-6.977116107940674,-0.10071170330047607,0.03664258122444153,2.174431324005127,-3.5684518814086914,-2.1446290016174316,-3.4917566776275635,-2.246551513671875,-5.8011064529418945,-6.033021926879883,1.5903607606887817,-3.153397560119629,-2.373354911804199
2edd3e42c,-5.55314826965332,-3.5094351768493652,-0.11609148979187012,-2.087952136993408,-6.1879377365112305,-2.2099037170410156,-5.3710808753967285,0.6948887705802917,-7.100269317626953,-2.835766315460205,-3.8649919033050537,-2.32082462310791,-4.684929847717285,-2.9876480102539062,-0.5475412607192993,-4.749670028686523,-4.051214218139648,-3.2547972202301025,-3.5356037616729736,-3.6885249614715576,5.531669616699219,-5.755840301513672,-2.866809606552124,-3.4689388275146484
2eea631ba,-2.3175244331359863,6.423627853393555,-7.446098804473877,1.9102615118026733,-2.4224693775177,-6.467399597167969,-3.7191710472106934,-4.840786457061768,-3.773066282272339,-3.1895031929016113,-5.027520179748535,-7.868631839752197,-0.9534730911254883,-0.4920182228088379,-3.296151638031006,-4.771531105041504,21.94686508178711,0.0630524605512619,-2.7874224185943604,-4.945672988891602,-7.04072380065918,1.2125332355499268,-3.2463879585266113,-2.9266488552093506
2eff3dc94,-4.547211170196533,-4.872733116149902,0.060577891767024994,0.9740869402885437,-5.315278053283691,-3.358386993408203,-0.3781106770038605,1.9437679052352905,-5.441397666931152,-1.4735565185546875,-3.9166107177734375,-1.8264896869659424,-4.982705116271973,-5.656213760375977,-2.262944459915161,0.8060795068740845,-2.675994396209717,-0.7351473569869995,-5.518911838531494,-3.596774101257324,4.846161842346191,-5.404941082000732,-2.432706356048584,-2.9105961322784424
2f01e7532,-0.8707095384597778,-2.7695178985595703,1.0198850631713867,1.2555394172668457,-3.2162060737609863,-3.903715133666992,-3.2986955642700195,-2.192282199859619,-4.315757751464844,-0.24335229396820068,-4.364612579345703,-3.9612438678741455,-4.56898307800293,-2.8194122314453125,-3.200187921524048,1.0852556228637695,-2.8917784690856934,1.6958491802215576,-3.807183265686035,-3.534958600997925,2.2195143699645996,-4.3516011238098145,-4.480484485626221,-2.2143795490264893
2f33eeef8,-5.0612592697143555,-5.011612892150879,-2.239227533340454,-4.5500168800354,-7.057236194610596,-4.029083251953125,-5.19206428527832,-1.971936583518982,-7.022834777832031,-4.432466983795166,-0.2654893398284912,3.972848653793335,-4.223755836486816,-4.118978023529053,-6.376856803894043,-6.452733039855957,-6.111532211303711,-3.7475593090057373,-5.496955871582031,-3.5787875652313232,11.220625877380371,-7.556405544281006,-4.336309909820557,-5.088352680206299
2f9b98b8e,-0.8895184397697449,-2.2807555198669434,-2.3519060611724854,0.6258225440979004,-1.7677369117736816,-3.1560676097869873,-2.519199848175049,2.830310106277466,-1.735583782196045,-0.13410919904708862,1.3187270164489746,3.1342453956604004,1.3320990800857544,-0.8887267112731934,-3.796339988708496,-1.3091306686401367,-2.2250161170959473,-1.938797116279602,-1.1887409687042236,-4.094244956970215,-1.5334415435791016,-2.071442127227783,-2.7349905967712402,-0.6774427890777588
2fa17389b,-3.235968589782715,-5.948895454406738,-6.796908378601074,3.343660354614258,-0.21220290660858154,-4.458784580230713,-8.539743423461914,-5.932137489318848,-4.049591541290283,-4.770263195037842,-2.6730754375457764,-6.365352630615234,9.739428520202637,-1.9684088230133057,-4.616789817810059,-5.6388092041015625,-7.052952289581299,-8.86640739440918,4.401132583618164,-10.580572128295898,-10.41331672668457,-2.6569607257843018,-4.387602806091309,-2.0590901374816895
2fa556c68,1.8482768535614014,-0.8112390041351318,1.2929807901382446,-0.34583723545074463,-1.0279796123504639,-3.1703414916992188,-5.056724548339844,-5.203066349029541,-2.644484043121338,-1.2494287490844727,-4.710780620574951,-4.474411964416504,-3.382357120513916,-1.58464515209198,-5.2205376625061035,-5.277478218078613,-3.8411865234375,-3.5286829471588135,-2.423868179321289,-3.6675336360931396,-2.8143858909606934,-2.912006378173828,-4.472934246063232,-0.05132181942462921
301646fec,-3.6400375366210938,-3.6676552295684814,0.024323947727680206,1.0832271575927734,-5.69838285446167,-1.648764729499817,-0.2351597547531128,-1.769426941871643,-6.133240699768066,-1.1223047971725464,-3.5077426433563232,-1.6137396097183228,-2.2090566158294678,-4.6272501945495605,-3.3386616706848145,-3.607485294342041,-3.4982948303222656,-0.43384024500846863,-2.888815402984619,-3.129723072052002,5.589111804962158,-4.968501091003418,-4.186034202575684,-1.0845253467559814
30474821d,-6.316492080688477,-3.815577983856201,-7.2612409591674805,2.660677671432495,-1.1829502582550049,-4.6770405769348145,-5.95500373840332,-1.6853160858154297,-4.954610824584961,-6.026937484741211,-5.947215557098389,-7.158856391906738,-2.063026189804077,-4.767415523529053,10.94007396697998,-3.620297431945801,-7.96000862121582,-4.3441948890686035,0.0404667854309082,-8.414032936096191,-4.888973236083984,-0.11754712462425232,-6.061400413513184,-3.4759914875030518
30568ea36,-3.6419878005981445,-5.597969055175781,0.3405505418777466,0.9084535241127014,-6.3484649658203125,-1.4865041971206665,-2.468761682510376,1.2877819538116455,-6.6394524574279785,-1.915421485900879,-4.671849250793457,-1.1458704471588135,-6.86138391494751,-5.954729080200195,-1.3784149885177612,-2.1639719009399414,-4.065068244934082,-1.2456952333450317,-4.967641830444336,-3.027383804321289,9.64100170135498,-6.55447244644165,-3.34250807762146,-3.5794496536254883
308d57471,-1.6494745016098022,0.47094202041625977,-6.271792411804199,2.2298192977905273,-0.33654406666755676,-3.8421411514282227,-5.583704471588135,-2.3264031410217285,-1.9843686819076538,-3.4919822216033936,-3.879955291748047,-6.655179023742676,0.43112707138061523,-2.1126160621643066,7.206604957580566,-3.2652511596679688,-3.515174388885498,-4.155298233032227,-0.373308390378952,-6.78342342376709,-5.432441234588623,1.2259976863861084,-3.9057602882385254,-1.1447099447250366
309d08488,-2.866854190826416,-0.7989943623542786,-2.199995517730713,3.2391715049743652,2.5037598609924316,-3.4628500938415527,-4.3723344802856445,-4.1088995933532715,-3.424839496612549,-2.5594911575317383,-3.148137331008911,-5.159787178039551,1.005378007888794,-0.3233267068862915,-5.147678375244141,-3.602889060974121,-0.21053051948547363,-2.2932515144348145,-3.814866065979004,-3.753802537918091,-3.0618083477020264,-1.3087772130966187,-3.456488609313965,1.1183165311813354
30cdaa74f,0.717008113861084,-4.730656623840332,-7.520743370056152,3.178849697113037,2.1690146923065186,-3.178755760192871,-7.829626083374023,-5.153024673461914,7.4305009841918945,-4.520467281341553,-3.0381083488464355,-6.925567626953125,7.761386871337891,-0.8063024282455444,-5.048760890960693,-5.49985933303833,-6.262836933135986,-5.64730978012085,3.440788745880127,-6.9849934577941895,-2.5270142555236816,-2.3352017402648926,-3.2165889739990234,0.2762751281261444
30dac2698,-5.967738151550293,-6.894287586212158,-1.5884548425674438,-4.88250732421875,-5.584921836853027,-1.9623911380767822,-5.357576847076416,-4.472715377807617,-6.488994598388672,-1.2393202781677246,-2.4385769367218018,-0.7747929692268372,-4.944825649261475,-4.845211029052734,-4.274754524230957,-4.945254325866699,-6.043351650238037,-1.5296354293823242,-5.685303211212158,-2.7314305305480957,1.6690000295639038,-6.509001731872559,-4.713694095611572,-3.56646990776062
30e10a4c1,-5.708691596984863,-3.5216479301452637,-4.068427562713623,0.0875120759010315,-2.658543109893799,3.899515390396118,-1.9068630933761597,-4.232464790344238,-4.0084943771362305,-2.058845281600952,-2.48734188079834,0.4180782437324524,-2.4550387859344482,-0.5678393840789795,-5.354707717895508,-3.393669605255127,-4.994017601013184,-2.4779114723205566,-5.5251593589782715,0.18977832794189453,-1.1174829006195068,-3.2812647819519043,1.4767414331436157,0.0418931245803833
3149b42ae,-1.9295809268951416,-3.3020124435424805,-7.396703720092773,3.22454833984375,2.797760009765625,-4.946994781494141,-8.238150596618652,-6.3010573387146,-2.5131092071533203,-4.952910900115967,-4.299097537994385,-8.394548416137695,6.987189292907715,0.3431012034416199,-5.548842430114746,-4.599163055419922,-4.975636959075928,-7.744688987731934,3.7030813694000244,-9.570378303527832,-9.423282623291016,-1.8846070766448975,-3.9219110012054443,-1.1055853366851807
316cc9c2e,-4.736324310302734,-2.848752975463867,-0.20782995223999023,-0.027659296989440918,-4.574469089508057,-1.6615240573883057,-2.8639779090881348,2.198244094848633,-6.845590591430664,-2.04020357131958,-3.18731689453125,-1.7057116031646729,-3.8675174713134766,-4.879914283752441,-1.599501609802246,-3.401831865310669,-2.6900086402893066,-2.517672538757324,-2.8596816062927246,-3.113697052001953,-0.9798994660377502,-4.9296369552612305,-3.612955093383789,-1.9889211654663086
31ea1deb5,-5.349264144897461,-3.7292544841766357,-4.9116034507751465,0.3265872001647949,-2.2517690658569336,0.4343717098236084,-2.6887941360473633,-2.1490769386291504,-4.258126258850098,-2.0087766647338867,-1.9963033199310303,-0.3977489173412323,-0.8623563051223755,-3.305925130844116,-3.6992454528808594,-2.9315695762634277,-3.0172061920166016,-4.709583759307861,-2.082273006439209,-2.184612512588501,-2.137171745300293,-2.4678168296813965,6.775282859802246,0.24234887957572937
3223c5339,-2.5896761417388916,-3.4586381912231445,-3.6212661266326904,0.7990784645080566,-0.22826343774795532,-2.192862033843994,-2.7879934310913086,-2.9863128662109375,-3.5369725227355957,-2.4712209701538086,-2.7905893325805664,-0.9162071943283081,3.6228456497192383,-3.106658697128296,-4.867461204528809,-4.099632263183594,-4.844769477844238,-4.597700119018555,-1.6821801662445068,-5.410475254058838,-5.242362022399902,-3.842930555343628,-2.032052993774414,2.9680862426757812
3245e0ed5,-4.078499794006348,-7.429847240447998,0.023605838418006897,-5.424773216247559,-7.4598493576049805,-2.952526330947876,-5.57844352722168,-6.400950908660889,-6.9801859855651855,-3.31290340423584,-4.875263214111328,-3.9264650344848633,-5.22456693649292,-6.95761251449585,-4.140068054199219,-5.572887420654297,-6.645686149597168,-4.554838180541992,-5.7847700119018555,-4.2733540534973145,-0.4409145414829254,-7.612797260284424,-6.18988037109375,-3.5684707164764404
327225a72,-1.9918932914733887,6.760290622711182,-7.391876220703125,3.123459815979004,-3.3466367721557617,-5.05374813079834,-4.468982696533203,-2.520822286605835,-4.827122211456299,-3.3811521530151367,-3.777827739715576,-8.888795852661133,1.0306988954544067,0.4716944396495819,-4.486923694610596,-4.646771430969238,18.74557113647461,-3.1821510791778564,-1.4848437309265137,-6.51641845703125,-7.083081245422363,0.14763641357421875,-3.2809135913848877,-3.2443575859069824
329d536c1,-6.4686760902404785,1.0564357042312622,-8.998395919799805,2.0752816200256348,-2.267824649810791,-4.535542011260986,-7.320472240447998,-2.6566619873046875,-3.240508556365967,-5.951596260070801,-5.383750915527344,-7.535078048706055,-2.3527770042419434,-2.76887583732605,11.175313949584961,-5.446699142456055,-4.052122592926025,-5.191623687744141,-2.51418399810791,-6.496203422546387,-1.9410418272018433,1.7534101009368896,-4.754687309265137,-2.952495813369751
32d052d69,-4.583920001983643,-6.645661354064941,3.4808530807495117,-2.087223529815674,-7.024163722991943,-2.119356870651245,-3.9180405139923096,-3.698978900909424,-8.508279800415039,-2.6951828002929688,-3.258072853088379,-2.096982002258301,-5.66850471496582,-4.049570560455322,-5.038476943969727,-4.379265308380127,-6.366776466369629,-1.7460031509399414,-4.489471435546875,-1.0829664468765259,7.668111324310303,-6.950021743774414,-5.680150985717773,-5.125225067138672
332f279cf,-0.736933708190918,-3.7569806575775146,-1.3885252475738525,2.3273160457611084,-4.737836837768555,-3.015235424041748,-1.0288996696472168,2.0123441219329834,-3.8997933864593506,-0.9643502235412598,-1.9286503791809082,-1.1368645429611206,0.3505452275276184,-4.122966289520264,-3.0724449157714844,-0.9560667276382446,-2.6896910667419434,-0.12411622703075409,-1.450964331626892,-4.391366004943848,-4.104308128356934,-3.6466197967529297,-2.0184755325317383,-0.8392159938812256
3332312c7,-5.566557884216309,-3.979712724685669,0.7294540405273438,1.2142237424850464,-4.285050392150879,1.3196638822555542,-2.857862949371338,-0.3921922445297241,-4.884343147277832,-2.710674285888672,-1.7787582874298096,1.3439533710479736,-1.7372297048568726,-1.129323124885559,-2.073786735534668,-3.3497414588928223,-3.479691505432129,-2.8459479808807373,-1.9485405683517456,-3.1751973628997803,0.3730822801589966,-3.9516100883483887,7.0873212814331055,-2.0565433502197266
335ffc957,-2.234440803527832,-6.994379997253418,-7.419992446899414,2.454051971435547,-4.157658100128174,-6.117406845092773,-9.366701126098633,-5.942374229431152,-5.111023426055908,-4.789957046508789,-4.899396896362305,-8.8272705078125,9.932619094848633,-3.462392807006836,-7.911954879760742,-6.49631404876709,-8.06583023071289,-9.124691009521484,3.3323404788970947,-12.790855407714844,-11.100600242614746,-6.003417015075684,-6.234210968017578,-3.2941133975982666
336e16949,-5.4573140144348145,-4.908818244934082,-3.1097395420074463,0.7328876256942749,-6.911826133728027,-3.5176124572753906,-3.711087942123413,3.473043203353882,-6.02016544342041,-3.0493366718292236,-0.9236206412315369,4.449103355407715,-1.3691095113754272,-4.146739959716797,-4.043896675109863,-3.5748291015625,-3.889904260635376,-3.7050833702087402,-2.6190552711486816,-5.649698734283447,1.5278522968292236,-5.351609230041504,-2.7788617610931396,-3.0903263092041016
33740750f,-8.062543869018555,-8.037758827209473,-4.1915435791015625,-4.351885795593262,-4.627691268920898,-2.3881735801696777,-4.941585063934326,-5.294302463531494,-6.123188018798828,-4.754885673522949,-2.417363405227661,0.5120331645011902,-3.1742725372314453,-5.470212936401367,-3.974945068359375,-5.561972618103027,-6.568648815155029,-4.933236122131348,-4.584221839904785,-1.362715244293213,-0.7198222875595093,-4.633973598480225,-3.647245168685913,-3.359391212463379
339a579f7,-2.600078582763672,3.467195987701416,-5.484193801879883,3.5948243141174316,3.650301218032837,-3.858994960784912,-6.36286735534668,-4.612360954284668,-1.5058083534240723,-2.4766504764556885,-3.844231367111206,-6.176565647125244,2.669914722442627,-0.319762647151947,-1.3849785327911377,-3.7410888671875,-1.7963354587554932,-5.702775001525879,-0.1150834709405899,-7.414813995361328,-7.106107711791992,5.064709663391113,-3.3393750190734863,-1.6580276489257812
3425d49b4,-2.942702054977417,-4.771845817565918,-1.0238964557647705,1.8893332481384277,-5.313225746154785,-2.8032443523406982,0.1922694593667984,3.8698575496673584,-6.244965553283691,-0.38395869731903076,-4.030943870544434,-2.1331279277801514,-4.572285175323486,-5.275382041931152,-1.1832374334335327,-0.11939838528633118,-3.8125510215759277,-0.025591202080249786,-4.7943854331970215,-4.363747596740723,-2.803811550140381,-4.873137950897217,1.0059983730316162,-2.4532861709594727
349b05171,-3.9859628677368164,-3.328444480895996,0.1634414941072464,1.6395279169082642,-5.938477516174316,-2.510235071182251,-4.746182441711426,0.08732494711875916,-6.538652420043945,-2.2508978843688965,-3.705869674682617,-3.20632266998291,-1.304449200630188,-4.106091499328613,-1.674928069114685,-4.000757217407227,-2.9089114665985107,-1.2315468788146973,-2.226285219192505,-2.848576545715332,2.326986074447632,-4.874527931213379,-4.4652099609375,-2.1899325847625732
34de5e276,-2.4944560527801514,0.1942884922027588,0.2835575342178345,2.126140832901001,-2.906428337097168,-1.3832552433013916,-4.346431255340576,1.925633430480957,-4.026360988616943,-2.618560552597046,-2.6127851009368896,-3.0507378578186035,-0.9729348421096802,-1.265310525894165,0.8330113887786865,-3.817927360534668,-1.5154387950897217,-4.068964958190918,-1.5869972705841064,-4.194069862365723,1.451395034790039,-2.3619093894958496,6.885679244995117,-1.6983814239501953
34e1119d9,-2.4977622032165527,-7.745333194732666,-7.973810195922852,2.9240713119506836,-3.0031144618988037,-5.496957778930664,-10.001517295837402,-6.097385406494141,-4.780876636505127,-5.59050989151001,-4.218592643737793,-8.650443077087402,9.885494232177734,-2.614281177520752,-7.869879722595215,-6.379786491394043,-8.177604675292969,-9.649919509887695,2.8710904121398926,-13.200359344482422,-11.553892135620117,-5.9282145500183105,-6.543272018432617,-3.231710910797119
34ea20a63,-3.5337178707122803,-2.7607479095458984,-4.328166961669922,1.6471341848373413,-4.119614601135254,-3.627901792526245,-2.3908638954162598,2.6744308471679688,-5.407119274139404,-2.394162178039551,-1.9212191104888916,3.2137062549591064,0.5685948133468628,-2.8347651958465576,-2.9173460006713867,-2.362814426422119,-2.4142160415649414,-4.028841972351074,0.16051991283893585,-5.169963836669922,-5.010469436645508,-3.3309924602508545,-1.8347209692001343,-2.656222105026245
353a9b393,-2.681387186050415,-2.639800786972046,-3.820115327835083,3.1608171463012695,4.369024753570557,-0.5189727544784546,-3.8074254989624023,-4.399327278137207,-0.36443257331848145,-2.5733861923217773,-1.9225237369537354,-2.5014662742614746,4.370949745178223,-1.562535047531128,-4.661247730255127,-3.8361313343048096,-4.621589660644531,-2.6957390308380127,-2.1180992126464844,-3.6331746578216553,-0.9885468482971191,-2.613288402557373,-0.21120557188987732,1.6266478300094604
3541a0ecc,-7.767151832580566,-8.81222152709961,-3.4747605323791504,-4.748676776885986,-4.121482849121094,-1.9721344709396362,-4.823110580444336,-5.898776054382324,-5.699680328369141,-3.7876081466674805,-3.0393338203430176,0.3633386194705963,-3.583204746246338,-5.545903205871582,-4.164990425109863,-5.490289688110352,-7.361276149749756,-5.021896839141846,-5.039983749389648,-1.143033742904663,1.9274026155471802,-4.6917924880981445,-3.3911023139953613,-2.308563470840454
358b64913,-4.736000061035156,-4.9264397621154785,-5.69492244720459,2.2132065296173096,-4.389739036560059,-4.248491287231445,-5.5096893310546875,1.1370444297790527,-5.606813430786133,-4.405055999755859,-4.892364025115967,-5.342428684234619,-3.096855640411377,-5.067152500152588,7.307074546813965,-2.388139247894287,-5.394420623779297,-3.4809927940368652,-3.935824155807495,-7.3174262046813965,-4.527873992919922,-3.4162867069244385,-4.931041717529297,-2.263484001159668
35b362a5f,-2.925971031188965,2.574615001678467,1.054894208908081,3.324955463409424,0.17794573307037354,-3.8574981689453125,-4.336459159851074,-3.108976364135742,-5.252470016479492,-2.9712276458740234,-1.6832994222640991,-5.287522315979004,-1.7149608135223389,-0.6529309749603271,-4.650089263916016,-3.96354079246521,-2.4036874771118164,-1.9070581197738647,-3.514120101928711,-5.112285137176514,-4.212222099304199,-2.1790411472320557,-2.6296427249908447,-2.452491044998169
35b507e5c,-5.68096399307251,-5.2411394119262695,-0.7548370361328125,-1.6375612020492554,-4.826189994812012,-1.8712823390960693,-2.1281051635742188,-0.132956862449646,-6.563211441040039,0.6408542990684509,-1.4910544157028198,4.824974060058594,-5.116481781005859,-4.1691789627075195,-3.1941616535186768,-3.6578025817871094,-5.40083122253418,1.6934698820114136,-4.659991264343262,-3.2795894145965576,3.975409507751465,-5.772578716278076,-3.840121269226074,-3.519021987915039
3603e6777,-5.286114692687988,-4.574281692504883,-1.225135326385498,3.7208235263824463,-2.170238494873047,2.484255313873291,-3.1854147911071777,-2.8435606956481934,-4.525024890899658,-2.647956371307373,-2.443578004837036,-2.2397713661193848,4.064228057861328,-1.751707673072815,-2.628840684890747,-4.107857704162598,-5.582951545715332,-2.9514126777648926,-0.026189982891082764,-2.0951640605926514,0.1293412744998932,-4.72383975982666,0.2708010673522949,-1.313675045967102
361e62010,1.1031954288482666,-4.568655967712402,2.1719884872436523,2.33785343170166,-4.063893795013428,0.11956816911697388,-3.3748040199279785,-3.640495777130127,-4.01057243347168,-2.5756771564483643,-1.8222615718841553,-3.697850465774536,3.0618972778320312,-2.194465160369873,-6.021856307983398,-3.6625375747680664,-5.403568267822266,-2.8436360359191895,-2.0406270027160645,-3.9703967571258545,-3.8192176818847656,-4.489003658294678,-1.159193992614746,-1.549410104751587
366f22f5c,-8.222718238830566,-9.696893692016602,0.35685229301452637,-5.338983535766602,-8.122417449951172,-2.8597207069396973,-2.120551586151123,-0.0888400673866272,-8.875664710998535,-0.7136772871017456,-4.74613094329834,0.5682745575904846,-5.970644474029541,-8.154199600219727,-4.308508396148682,-2.9530141353607178,-6.668256759643555,-3.0616650581359863,-6.89704704284668,-4.213839530944824,-0.18498143553733826,-9.055259704589844,-5.413907051086426,-5.422841548919678
36a115147,-5.199845314025879,-4.280662536621094,-1.36112380027771,-0.928869366645813,-5.1785783767700195,-2.841562271118164,-2.305302619934082,1.8735425472259521,-6.236255168914795,0.8846927881240845,4.093663692474365,7.406130790710449,-4.888123512268066,-3.387321949005127,-3.787928581237793,-4.086734771728516,-5.089319229125977,4.8498334884643555,-5.003499507904053,-2.846125602722168,5.527931213378906,-6.28428840637207,-3.9596409797668457,-4.385287284851074
36a636992,-4.495389461517334,-6.483399391174316,-6.752013206481934,2.952385663986206,-6.077290058135986,-4.806061267852783,-8.905486106872559,-5.424073696136475,-6.950473785400391,-4.649397850036621,-3.8315460681915283,-7.270803451538086,9.152278900146484,-3.42498779296875,-8.027328491210938,-5.81484842300415,-7.9543280601501465,-9.761539459228516,1.9031877517700195,-11.30640983581543,-11.200145721435547,-6.466832637786865,-5.616405487060547,-3.8555774688720703
36ca25530,0.8576379418373108,-4.056122779846191,-3.066047430038452,2.8711259365081787,1.30537748336792,-5.360166549682617,-5.761682510375977,-4.142364978790283,-3.4727396965026855,5.840981960296631,-5.200625419616699,-4.243010520935059,5.402115821838379,-2.3971855640411377,-5.27462911605835,-4.652547836303711,-6.587839126586914,-2.4027061462402344,2.149857997894287,-8.683908462524414,-8.357803344726562,-4.280316352844238,-5.7606682777404785,-2.900938034057617
36f81df3d,-3.4156761169433594,3.826350450515747,-5.054634094238281,3.69918155670166,1.0082844495773315,-4.49214506149292,-6.592720031738281,-4.47202205657959,-3.2078161239624023,-2.8033785820007324,-5.040861129760742,-7.499249458312988,0.9179593920707703,-0.06703716516494751,-2.295257091522217,-3.6358039379119873,-2.181431770324707,-5.965302467346191,-0.16510359942913055,-7.132476329803467,-7.457496166229248,4.156266689300537,-4.43017053604126,-2.5374574661254883
36fad96f1,-1.3567883968353271,-4.780572414398193,-6.959306716918945,2.639504909515381,-1.5059294700622559,-5.046504974365234,-9.103590965270996,-5.5503387451171875,-4.7821455001831055,-3.7831664085388184,-2.776639938354492,-6.7740864753723145,9.531463623046875,-2.3684377670288086,-6.152081489562988,-6.041909217834473,-7.145895481109619,-9.418516159057617,4.047852039337158,-11.662837982177734,-10.886186599731445,-3.4429407119750977,-5.539961814880371,-2.87176251411438
372c61a91,-4.1658101081848145,-4.044769763946533,0.8982856869697571,-1.7918874025344849,-4.049630641937256,-1.01861572265625,-2.3056159019470215,1.5069292783737183,-6.4657392501831055,0.02950751781463623,-0.8746410608291626,4.693483829498291,-5.374833583831787,-3.470177173614502,-3.346707820892334,-2.353847026824951,-4.938957214355469,1.9796843528747559,-4.952415943145752,-2.8922555446624756,10.339848518371582,-6.625919342041016,-2.7980618476867676,0.48532891273498535
374589151,4.838578224182129,-5.170522689819336,-4.888960838317871,3.631385326385498,4.056158542633057,-2.4581611156463623,-7.568822860717773,-6.827446937561035,4.901615619659424,-2.028491258621216,-3.516185760498047,-5.276398658752441,8.56093978881836,-1.0822582244873047,-2.8260693550109863,-5.476803779602051,-7.020749092102051,-6.779913902282715,2.872291326522827,-6.866193771362305,-4.193554878234863,-3.2032065391540527,-4.849064826965332,-1.6457710266113281
3779d8e9a,3.6620702743530273,-2.6529979705810547,0.7792016863822937,1.3258146047592163,-2.5214290618896484,-1.9824333190917969,-3.3448610305786133,-1.8791218996047974,-5.753187656402588,-2.740618944168091,-4.1142191886901855,-1.4084025621414185,-0.6048928499221802,-3.518467903137207,-2.4252188205718994,-4.6702094078063965,-4.175821304321289,-3.676179885864258,-1.3016735315322876,-3.532151699066162,-2.93304181098938,-5.744987487792969,-3.0659046173095703,1.3496274948120117
37995e38e,-2.617887020111084,-0.422486811876297,-1.764585256576538,3.2426300048828125,1.7639336585998535,-3.1004228591918945,-4.807417869567871,-5.005938529968262,-2.248385190963745,0.6868699789047241,-4.387125015258789,-4.3221893310546875,-0.10259366035461426,-0.4075927734375,-4.489080429077148,-3.8356244564056396,-2.961819648742676,-1.72236967086792,-1.876802921295166,-5.3123979568481445,-6.814481735229492,1.1918612718582153,-3.3938424587249756,-1.3313854932785034
37c587efe,-0.8650436997413635,-0.4305792450904846,1.237398386001587,2.4008212089538574,-1.0514756441116333,-0.1225690245628357,-4.033249855041504,-3.1387691497802734,-1.9958562850952148,-0.9485505819320679,-3.105271339416504,-3.338791847229004,-0.9579510688781738,-1.0374176502227783,-2.719259262084961,-3.1033787727355957,-2.7492852210998535,-2.4329447746276855,-1.6837353706359863,-2.576174020767212,1.3675004243850708,-1.5702598094940186,-2.4223527908325195,0.17252880334854126
381df8140,-2.1129326820373535,-2.411055088043213,-4.490180015563965,2.9047865867614746,-1.4173252582550049,-1.968332052230835,-6.293608665466309,-3.2418007850646973,-1.612777829170227,-3.483546018600464,-2.8987112045288086,-6.642182350158691,7.844644069671631,0.36144644021987915,-2.291661024093628,-4.282867431640625,-5.217537879943848,-6.390222072601318,1.3785626888275146,-6.385394096374512,-4.773197174072266,-3.180988311767578,-2.500697135925293,-0.1526472419500351
38495ba18,-0.5152150392532349,-0.5919985771179199,-6.503546714782715,2.962298631668091,-1.0850239992141724,-4.89536190032959,-7.124072074890137,-2.0238454341888428,-4.731505870819092,-3.393585205078125,-4.382434844970703,-6.687129974365234,1.7256344556808472,-2.9315390586853027,2.3162591457366943,-4.914491653442383,-5.444614410400391,-6.511014938354492,3.863091468811035,-8.56583309173584,-7.148500442504883,-0.28218650817871094,-4.111651420593262,-1.2830973863601685
38a144172,-4.3769636154174805,-2.721242904663086,-8.515632629394531,2.529015064239502,-0.5070044994354248,-3.988408088684082,-7.1138715744018555,-3.4398703575134277,-0.9005876779556274,-6.272152423858643,-4.5836896896362305,-8.12208366394043,-1.373336672782898,-3.6767945289611816,10.029623031616211,-5.267055988311768,-5.524538040161133,-5.503658294677734,-0.9675285220146179,-7.690497398376465,-3.0788211822509766,0.13688506186008453,-5.691532135009766,-1.6662966012954712
38ae4301f,-5.245328903198242,-7.8032307624816895,-8.178123474121094,2.8350989818573,-5.483420372009277,-5.001679420471191,-10.19516658782959,-6.293428897857666,-6.515570640563965,-6.285637378692627,-4.500984191894531,-7.880984783172607,9.328736305236816,-4.46148681640625,-6.720824241638184,-6.205197811126709,-8.645997047424316,-11.643983840942383,4.006783485412598,-13.479228973388672,-11.307345390319824,-5.847607612609863,-5.863921165466309,-4.35380220413208
38b70ff91,-3.667039155960083,-6.100608825683594,2.2499630451202393,-3.3008766174316406,-5.954015731811523,-1.832341194152832,-3.2301015853881836,1.9191374778747559,-6.732847213745117,-1.0659995079040527,-4.006667613983154,-1.7179458141326904,-5.520044326782227,-5.379959583282471,-2.9528732299804688,-3.766847610473633,-5.014793872833252,-1.9294341802597046,-3.9584836959838867,-3.4031238555908203,5.407330513000488,-6.055547714233398,-4.53589391708374,-4.795582294464111
38befb816,-5.264294147491455,-3.593626022338867,-4.517109394073486,2.0315184593200684,-3.480410575866699,-1.6371684074401855,-5.804955959320068,-3.813291311264038,-1.229013442993164,-3.914743423461914,-3.0225043296813965,-3.9425790309906006,4.319391250610352,-2.3257570266723633,-2.992732048034668,-3.1846275329589844,-4.803636074066162,-6.480045318603516,1.212441086769104,-4.790099620819092,-1.768754482269287,-2.87546443939209,-1.4960312843322754,-2.890913486480713
38c1a5827,-4.290768146514893,-4.331199645996094,1.812652349472046,3.962878465652466,-5.834492206573486,-1.0427358150482178,-5.1086530685424805,-3.818382978439331,-6.713218688964844,-3.261049747467041,-3.4240646362304688,-4.274903774261475,5.767761707305908,-4.338263034820557,-3.674060344696045,-3.5174243450164795,-4.950176239013672,-5.1496052742004395,1.4013603925704956,-5.765637397766113,-4.305812835693359,-5.6899566650390625,6.587210655212402,-3.0022735595703125
38e3be52f,-4.228499889373779,-3.446458339691162,-2.1628942489624023,-2.2658138275146484,-3.1908445358276367,-1.7896409034729004,-3.2227249145507812,-3.1295485496520996,-5.3932204246521,1.6356370449066162,-1.570360541343689,0.6711591482162476,-3.042621612548828,-3.43910813331604,-1.7831952571868896,-3.6991214752197266,-4.828707218170166,2.476022243499756,-2.225004196166992,-0.1061461865901947,6.34255313873291,-2.8570427894592285,-3.0465285778045654,-1.8186861276626587
38ecaadea,-7.288634300231934,-7.341243267059326,-0.8538044691085815,-1.859743595123291,-5.038087368011475,-4.021457672119141,-4.801141738891602,-6.179628372192383,-7.8265509605407715,-4.082661151885986,-6.617764949798584,-5.930422782897949,-4.493179798126221,-7.483762741088867,-2.821211099624634,-3.680126190185547,-6.724877834320068,-3.4218802452087402,-3.276160717010498,-5.470283508300781,-2.3861169815063477,-5.9433183670043945,-7.578188896179199,-1.795481562614441
39229863e,-3.948451519012451,-5.961543083190918,-6.858920097351074,3.2427539825439453,-7.9307332038879395,-3.564117908477783,-8.58353328704834,-4.647872447967529,-3.359001636505127,-4.4929046630859375,-2.3977890014648438,-5.635554313659668,9.972921371459961,-4.162396430969238,-7.872518539428711,-5.259171485900879,-7.439589500427246,-8.516529083251953,0.5943902134895325,-10.45400619506836,-8.972688674926758,-7.56950569152832,-0.46970701217651367,-3.026928424835205
394f61bca,-5.336145401000977,-3.258220911026001,-2.3631558418273926,-0.0792073905467987,-5.2524261474609375,-4.051908493041992,-5.155162334442139,2.6298224925994873,-5.410096645355225,-2.660555362701416,-3.6722278594970703,2.753540515899658,-1.3237971067428589,-3.7035014629364014,-3.3457846641540527,-3.0585379600524902,-3.690549373626709,-5.116971969604492,-1.2352516651153564,-5.8468475341796875,-2.504579782485962,-3.735175132751465,-3.7262072563171387,-3.6552345752716064
397570ea1,-1.2440125942230225,-3.1969032287597656,-2.7128517627716064,1.9476381540298462,-2.074979782104492,-3.3441872596740723,-4.618494510650635,-0.7508792877197266,-3.4328384399414062,-2.0582194328308105,-2.414134979248047,-4.2335052490234375,2.7621140480041504,-2.4323997497558594,-0.4338386654853821,-3.5533647537231445,-3.63967227935791,-2.3743104934692383,2.1972062587738037,-5.541522979736328,7.957357406616211,-2.3318543434143066,-3.315783977508545,-2.797154426574707
398230aad,-4.54996395111084,-4.972784996032715,-0.9409027695655823,-0.10104984045028687,-6.5281596183776855,-2.5174107551574707,0.9204677939414978,2.3668675422668457,-6.714825630187988,-1.4949103593826294,-3.87825870513916,-0.7172379493713379,-5.015944480895996,-5.412311553955078,-0.7897944450378418,-1.0529335737228394,-4.117804527282715,-0.8453184366226196,-5.025031089782715,-4.014960289001465,12.043281555175781,-6.180658340454102,-3.332628011703491,-3.7908079624176025
39d659bfb,-1.7153130769729614,1.7891687154769897,-4.580700874328613,3.5937960147857666,4.153074264526367,-2.126315116882324,-5.449455261230469,-4.225131034851074,-1.255549430847168,-2.218510389328003,-3.316086530685425,-4.761122703552246,3.5037217140197754,0.1641075313091278,-1.4645200967788696,-3.7174060344696045,-1.9635045528411865,-4.223445892333984,0.5512140989303589,-6.863256454467773,-6.44636344909668,6.8366899490356445,0.6277320384979248,0.3729606866836548
3a16e46fd,5.795896530151367,-2.155925989151001,2.3174121379852295,2.219419002532959,-5.814024925231934,-3.6585538387298584,-4.796099662780762,-5.20569372177124,-5.062069892883301,-2.664214611053467,-4.67913818359375,-3.2730655670166016,-0.6600066423416138,-2.5581140518188477,-6.799483299255371,-4.10926628112793,-3.1887245178222656,-2.9826395511627197,-0.2970087230205536,-4.988790035247803,-3.0344600677490234,-5.871999263763428,-5.777171611785889,-4.201509475708008
3a19029d7,-7.07407808303833,-6.993842124938965,1.2637544870376587,-1.3530495166778564,-8.988046646118164,-4.068130016326904,-2.4304819107055664,4.587948799133301,-8.559882164001465,-2.0256762504577637,-4.924441337585449,2.4185075759887695,-7.9028825759887695,-7.262529373168945,-2.7001190185546875,-3.268141746520996,-2.643498420715332,-3.355923652648926,-7.027860641479492,-3.747905731201172,2.815653085708618,-7.357978343963623,-3.6333749294281006,-6.610241889953613
3a3c5c9c6,-3.220139503479004,-5.962430953979492,-4.671401500701904,3.1493897438049316,-4.845207691192627,-4.783295631408691,-4.092817306518555,-2.9790940284729004,-5.821761131286621,-2.80875825881958,-3.206247568130493,-3.815221071243286,9.747804641723633,-2.9657070636749268,-4.080483913421631,3.842373847961426,-6.355746269226074,-1.7969826459884644,1.7835087776184082,-4.727814674377441,-4.829008102416992,-5.9934515953063965,-3.0038113594055176,-2.5554144382476807
3a5568ef6,-4.6271209716796875,-4.667450904846191,2.8547298908233643,2.2762649059295654,-6.503936290740967,-2.51171875,-3.5656752586364746,-1.336423397064209,-8.907896041870117,-2.917330265045166,1.7976062297821045,-4.143698692321777,-1.007262945175171,-4.238321304321289,-1.935579776763916,-4.951445579528809,-5.233529090881348,-4.0541558265686035,-0.6309275031089783,-4.573798179626465,-3.941492795944214,-5.154850006103516,-5.106575012207031,-4.681635856628418
3a793c210,-1.8007268905639648,2.361950159072876,-3.314744472503662,3.4469149112701416,-2.143975019454956,-4.055939674377441,-5.401394844055176,-3.5362305641174316,-4.826272010803223,-1.9660532474517822,-3.311145782470703,-4.381910800933838,1.2699382305145264,-1.2865188121795654,-3.661642074584961,-4.3478803634643555,-2.805712938308716,-5.650843143463135,-1.0778472423553467,-6.121914386749268,-6.43031120300293,-0.9025342464447021,-3.422450542449951,-3.0414319038391113
3a94108ae,-6.041411399841309,-6.516918659210205,-0.08670588582754135,0.19298884272575378,-6.115726470947266,-2.608767509460449,-4.369007587432861,-5.13226842880249,-5.904607772827148,-2.8515892028808594,-3.354795455932617,-1.2364399433135986,-3.8965249061584473,-4.048067092895508,-4.262814521789551,-4.777923583984375,-6.314333915710449,-2.739093780517578,-1.9906938076019287,-0.24513956904411316,0.21015793085098267,-4.97376012802124,-5.905316352844238,-5.616369247436523
3a9c9e770,-4.893335819244385,-5.426222801208496,-1.2677247524261475,-1.388878345489502,-6.01711368560791,-1.9290471076965332,-2.2397751808166504,-1.260836124420166,-7.057516574859619,-1.7723453044891357,-4.981326103210449,-2.8328351974487305,-5.7927141189575195,-6.3970794677734375,2.556647300720215,-3.718608856201172,-5.597010612487793,-1.1154406070709229,-4.069445610046387,-4.489613056182861,6.338671684265137,-6.060786247253418,-5.25262975692749,-4.743671894073486
3aa9f305e,-4.295873641967773,-3.6510262489318848,-4.158723831176758,1.9074883460998535,4.656732559204102,-3.8372020721435547,-6.151958465576172,-4.913251876831055,-4.421872138977051,-3.566880702972412,-4.749480724334717,-4.669776439666748,3.720036029815674,-0.6731492280960083,-1.530153751373291,-3.7927041053771973,-5.195168495178223,-5.893263816833496,1.8625922203063965,-6.9269232749938965,-5.91615104675293,-1.832633376121521,-4.862650394439697,-0.6951977014541626
3aabef20f,-3.3720202445983887,-5.250544548034668,0.10082492977380753,2.66483736038208,-6.218047618865967,-2.511117458343506,-1.7263199090957642,2.9755935668945312,-6.69956111907959,-1.351832628250122,-3.4258408546447754,-1.8302202224731445,-2.145336866378784,-5.283038139343262,0.24463951587677002,-1.593241572380066,-3.3846940994262695,-1.0028225183486938,-3.516754388809204,-3.4872593879699707,-1.7858636379241943,-5.704022407531738,-3.767026424407959,-4.468863487243652
3ac0902fb,0.6571459770202637,-5.614255905151367,-6.0375165939331055,2.387711763381958,-2.421177864074707,-0.34522539377212524,-6.852878570556641,-5.127044677734375,5.104351997375488,-3.2086057662963867,-1.5941089391708374,-4.119185447692871,11.140342712402344,-1.4365990161895752,-4.33271598815918,-4.4580888748168945,-6.432801246643066,-4.614531517028809,2.3487792015075684,-4.631608009338379,-1.4310534000396729,-5.384098529815674,-2.1202259063720703,0.18170861899852753
3ad586fd9,-1.709155559539795,-1.5437395572662354,-5.272058486938477,3.0671703815460205,-2.8520126342773438,-4.229714393615723,-7.292324542999268,-4.649295806884766,-5.676213264465332,-5.075327396392822,-3.5959763526916504,-7.376818656921387,8.612547874450684,-1.8221526145935059,-5.423667907714844,-4.365386486053467,-5.39453125,-7.78571891784668,2.193571090698242,-7.99957275390625,-8.386096954345703,-4.835934638977051,-4.948848247528076,2.082474946975708
3aed2f517,5.851630210876465,-0.530362069606781,2.3890223503112793,1.571144461631775,-6.343493461608887,-5.851038932800293,-7.5175886154174805,-6.135936737060547,-4.797388553619385,-2.92811918258667,-5.013972282409668,-4.466305732727051,-2.3009755611419678,-2.6090898513793945,-8.901126861572266,-5.634066581726074,-3.593031406402588,-4.0703277587890625,-1.1687853336334229,-2.0356569290161133,-0.7575840353965759,-6.540095806121826,-6.6517252922058105,-4.244156837463379
3afe39615,-0.9816220998764038,-1.6897656917572021,0.07146689295768738,2.270604133605957,-2.7683424949645996,-0.37717628479003906,-2.8419761657714844,-1.4969079494476318,-4.002643585205078,0.3207629919052124,-3.272129535675049,-2.397693634033203,-0.13682344555854797,-2.929244041442871,-1.1716015338897705,-1.1937565803527832,-3.334090232849121,-0.4406026005744934,-0.7141560912132263,-1.9874255657196045,2.4870567321777344,-3.371269702911377,-2.7399189472198486,-1.157359004020691
3b42a21c2,2.133795738220215,-7.8590898513793945,-5.42226505279541,2.069911003112793,-6.079308032989502,-4.8420257568359375,-8.346434593200684,-5.366908073425293,-5.095797538757324,-4.209171295166016,-1.9908027648925781,-5.575220108032227,9.764182090759277,-4.9453229904174805,-9.032585144042969,-5.659634590148926,-8.035623550415039,-8.675163269042969,1.293123483657837,-9.610824584960938,-9.710396766662598,-7.689316749572754,-5.427862644195557,-3.7955708503723145
3b4bd5f20,-2.4660348892211914,-3.128335475921631,0.03245842456817627,1.4366167783737183,-4.454172134399414,-2.576406717300415,-2.5384202003479004,-2.791304111480713,-5.665639877319336,-2.9680252075195312,-4.072649955749512,-4.411584854125977,-5.208457946777344,-4.282721996307373,0.33463773131370544,-0.7066735029220581,-3.611668825149536,-0.3146358132362366,-2.9095964431762695,-2.580512285232544,2.49247407913208,-4.959440231323242,-4.882159233093262,-2.5848002433776855
3b62ed484,-5.118055820465088,-7.894805908203125,-8.413823127746582,2.4107589721679688,-3.617093801498413,-3.4539544582366943,-9.382926940917969,-6.388730049133301,-4.695955276489258,-5.738163948059082,-3.870309352874756,-6.037442684173584,9.650404930114746,-3.4701170921325684,-7.458498001098633,-6.173505783081055,-8.551467895507812,-10.280118942260742,2.973893642425537,-10.867938995361328,-10.024405479431152,-4.863493919372559,-3.211556911468506,-2.4695353507995605
3b76bbc91,-1.6343767642974854,4.8736252784729,-4.345586776733398,3.2458081245422363,-2.8615760803222656,-2.4902563095092773,-3.9631879329681396,-2.8941524028778076,-3.8917839527130127,-3.05381441116333,-3.1490743160247803,-6.213379383087158,-1.1018422842025757,0.35964709520339966,-5.080201148986816,-3.402945041656494,21.506860733032227,-2.052471876144409,-3.2812938690185547,-5.234602928161621,-5.835114479064941,0.4250487983226776,-1.6812684535980225,-2.0558948516845703
3b928f30b,5.532275199890137,-4.822111129760742,-4.175140380859375,2.0020434856414795,-4.444612979888916,-6.815893173217773,-8.575440406799316,-6.305707931518555,-2.9407191276550293,-4.13104772567749,-4.572551727294922,-7.776486396789551,5.601683139801025,-3.2144203186035156,-9.76117992401123,-5.478323936462402,-6.00560188293457,-7.1555938720703125,1.9999451637268066,-8.673393249511719,-8.918050765991211,-7.3717122077941895,-6.26209831237793,0.8902302980422974
3b933198e,-5.08864164352417,-5.42973518371582,0.624162495136261,-0.5487603545188904,-6.96143102645874,-2.681326389312744,-2.03847599029541,2.5807485580444336,-6.435380458831787,-2.7358078956604004,-3.359795093536377,0.4214901328086853,-4.672713279724121,-4.654026031494141,-1.9380018711090088,-0.18736688792705536,-4.000698566436768,-1.4447619915008545,-3.967672348022461,-3.0604665279388428,3.6036229133605957,-6.117933750152588,-3.037109851837158,-4.990116119384766
3ba2bdb06,0.868775486946106,-6.474895477294922,6.737984657287598,1.793216586112976,-4.130788803100586,-3.0805399417877197,-5.294869899749756,-4.589877128601074,-5.265833854675293,-4.316982269287109,-0.6472388505935669,-4.481117248535156,4.0141143798828125,-4.083434104919434,-7.015427112579346,-5.565298080444336,-6.794915199279785,-3.4556469917297363,1.149824619293213,-4.779841423034668,2.061614751815796,-6.377655029296875,-4.582165241241455,-1.8192243576049805
3ba4edeba,-4.519108772277832,-4.065272331237793,1.4106428623199463,-2.23892879486084,-7.680405616760254,-2.9040348529815674,-3.989612102508545,3.023500442504883,-6.71381950378418,-1.5485472679138184,-2.597551107406616,0.6661933660507202,-6.1693549156188965,-5.3440775871276855,-1.7255380153656006,-4.684297561645508,-1.485884189605713,-3.7083048820495605,-5.27139949798584,-0.9511613249778748,0.7485993504524231,-4.2200469970703125,-3.321042060852051,-3.567518472671509
3bd259456,-3.749099016189575,-6.3712968826293945,-6.9977240562438965,2.486358642578125,-6.903091907501221,-4.672901153564453,-9.003612518310547,-4.934958457946777,-4.1861066818237305,-4.823333740234375,-1.9090286493301392,-6.796483039855957,10.01571273803711,-3.7192068099975586,-7.774181365966797,-5.155123710632324,-7.357261657714844,-8.83831787109375,0.5787857174873352,-10.878142356872559,-10.7398681640625,-6.682592391967773,-4.7655792236328125,-4.355501651763916
3bdf2e2f3,-3.4705560207366943,5.473341941833496,-3.0916800498962402,2.9200448989868164,-2.410686492919922,-3.1532442569732666,-3.6643972396850586,-2.7337145805358887,-2.2593417167663574,-1.8904590606689453,-2.6759421825408936,-3.560351848602295,1.437276840209961,-0.7324128150939941,-3.437588930130005,-3.3019261360168457,12.726493835449219,-1.9528592824935913,-1.250638484954834,-2.6456358432769775,-5.909157752990723,2.4697787761688232,-2.5761821269989014,-2.2460594177246094
3be052546,-3.8330721855163574,-3.9119482040405273,-6.515753746032715,2.968608856201172,-3.1754486560821533,-0.7634268999099731,-4.096460342407227,-3.021415948867798,-3.7870237827301025,-3.498828887939453,-2.3678808212280273,-4.747687339782715,9.553503036499023,-2.456373929977417,-5.16010046005249,-3.285510778427124,-3.6895508766174316,-6.000304698944092,-0.3370094299316406,-6.308866024017334,-5.343236446380615,-3.771961212158203,3.4149177074432373,-0.5964872241020203
3be35b503,-6.66044282913208,-8.10635757446289,-1.1932841539382935,-5.696017265319824,-5.708695888519287,-2.106431007385254,-3.7763993740081787,-0.5306034088134766,-5.931781768798828,-1.7105638980865479,-3.509221076965332,1.5652635097503662,-3.862544059753418,-6.248212814331055,-4.621993064880371,-4.3210248947143555,-5.675159454345703,-4.108203887939453,-5.10012149810791,-2.2282347679138184,1.043256163597107,-6.056267261505127,-3.304635524749756,-3.4155099391937256
3bf293ad6,-8.047527313232422,-10.715564727783203,-1.046805500984192,-6.179610252380371,-9.133726119995117,-3.617007255554199,-7.94367790222168,-8.487396240234375,-10.258750915527344,-4.691205978393555,-7.217708587646484,-6.194098472595215,-7.926435470581055,-9.768972396850586,-4.415609359741211,-6.887381553649902,-8.8775634765625,-6.637638568878174,-6.0341386795043945,-7.004430770874023,0.6262984275817871,-9.009195327758789,-9.200278282165527,-7.490439414978027
3c03b2503,-1.7977733612060547,-5.150372505187988,-0.44121479988098145,1.4902515411376953,-6.445072174072266,-2.5829615592956543,0.07151700556278229,-0.8230193853378296,-5.801495552062988,-1.6789984703063965,-3.8276686668395996,-3.358060836791992,-0.8011716604232788,-4.7441582679748535,-3.1824326515197754,2.6223559379577637,-3.480269432067871,-0.6590152382850647,-1.3313322067260742,-3.8515334129333496,-1.5799176692962646,-5.306645393371582,-3.215075969696045,-3.565816879272461
3c5257721,-4.416798114776611,-0.36022478342056274,-4.799346923828125,2.179699659347534,-1.1111265420913696,-3.3534939289093018,-5.717473030090332,-4.484437942504883,-3.781951665878296,-3.47033429145813,-4.605226039886475,-6.4325714111328125,-0.10628515481948853,-2.460131883621216,-1.7012242078781128,-3.718212127685547,-2.281397581100464,-5.764301776885986,-0.3185034990310669,-6.378040313720703,-2.920985221862793,-1.8002619743347168,-2.1524722576141357,-1.1812050342559814
3cb7b0132,0.9658675789833069,-2.115347385406494,0.5498783588409424,-2.57944917678833,-5.095061302185059,-1.1115466356277466,-5.267413139343262,-4.2701873779296875,-5.34107780456543,-2.841207981109619,-4.775485992431641,-4.317054748535156,-3.5272164344787598,-2.543429136276245,-1.799498438835144,-5.743095397949219,-4.841944694519043,-3.1143605709075928,0.39914730191230774,-1.5784962177276611,0.5753568410873413,-5.893861293792725,-6.489289283752441,-2.9846949577331543
3d259c6a2,-3.528594493865967,-2.2727954387664795,-0.5617730617523193,3.221182346343994,-2.141740560531616,-3.01041841506958,0.0011293087154626846,0.17144232988357544,-5.574463844299316,-1.3929553031921387,-5.145913124084473,-3.1850314140319824,1.0983774662017822,-1.247689127922058,0.799538254737854,-1.6880162954330444,-4.313582420349121,-2.320807933807373,3.755070209503174,-3.6873559951782227,-2.7572784423828125,-2.268275737762451,-3.7552616596221924,-3.8129019737243652
3d461e965,-2.3109374046325684,5.72342586517334,-1.4340184926986694,3.9941420555114746,-1.771829605102539,-2.963974952697754,-3.8248414993286133,-3.444028854370117,-4.887759208679199,-3.4289183616638184,-4.189573764801025,-5.592044353485107,-1.1627182960510254,0.376526415348053,-3.3151302337646484,-3.47564697265625,-1.8329275846481323,-4.642394542694092,-2.5504164695739746,-3.613438129425049,-1.4866687059402466,-0.061073675751686096,-4.252168655395508,-1.9949769973754883
3d60d5b03,-0.8812877535820007,-4.336945056915283,-6.541097164154053,2.8759288787841797,-1.970751166343689,-4.74208402633667,-8.43947982788086,-5.965517044067383,-3.06898832321167,-3.492906093597412,-4.707854270935059,-8.082706451416016,9.517176628112793,-2.902790069580078,-3.869560718536377,-4.897576332092285,-7.1030988693237305,-8.979633331298828,2.3020682334899902,-10.22463607788086,-8.109442710876465,-5.313121795654297,-6.016655445098877,-4.057342529296875
3d7d6dadb,-0.1642225682735443,-2.3245630264282227,1.89017915725708,1.9297401905059814,-6.095701217651367,-3.8910183906555176,-3.6960837841033936,-3.051203727722168,-3.5908396244049072,-1.47514009475708,-2.669170379638672,-4.650815010070801,4.780186653137207,-3.3195061683654785,-6.610145568847656,-4.468909740447998,-5.99808406829834,-5.519631385803223,0.7326738834381104,-7.187741279602051,-6.152225971221924,-6.390803337097168,-5.174156188964844,-4.337152004241943
3d7f62c79,4.725411415100098,-2.957040786743164,0.47446221113204956,0.8894596099853516,-4.904275894165039,-2.973977565765381,-3.489105701446533,-4.787469863891602,-5.027960300445557,-2.058340072631836,-3.3765969276428223,-0.9898945093154907,-0.6072246432304382,-3.427299737930298,-5.14163875579834,-4.257905006408691,-4.6173200607299805,-2.7774477005004883,-0.2354646474123001,-0.3464675545692444,-2.3085741996765137,-4.662607669830322,-4.705650329589844,-3.4936723709106445
3d89d5571,-1.351560354232788,-0.4763439893722534,0.7587904930114746,1.77389657497406,-4.766719818115234,-4.414843559265137,-2.9839372634887695,-0.24108272790908813,-4.8438720703125,-2.140108585357666,-4.082908630371094,-3.7541332244873047,-1.0459387302398682,-2.2248003482818604,-1.0478545427322388,0.21398043632507324,-1.5553505420684814,-2.2815470695495605,-1.9190891981124878,-4.147773742675781,1.546374797821045,-4.29926872253418,-3.4101762771606445,-2.4331607818603516
3d8ed3eed,-2.1133675575256348,-4.021721363067627,-0.11882874369621277,0.08957785367965698,-3.499069929122925,-2.405514717102051,-1.4167948961257935,4.0329508781433105,-4.447109222412109,-2.0997061729431152,-1.736114263534546,8.351646423339844,-1.4205869436264038,-3.319568634033203,-2.2053210735321045,-2.1656017303466797,-3.2963249683380127,-2.592071056365967,-1.36245858669281,-3.653113603591919,0.3893788456916809,-3.600189685821533,-3.2967398166656494,-0.9413913488388062
3d8fbaf50,-4.081844329833984,-2.1968157291412354,-1.3030660152435303,-0.8377556204795837,-1.258782982826233,-0.920756459236145,-2.9197568893432617,-3.4947004318237305,-3.860841751098633,-2.048323631286621,-1.5450890064239502,-1.546128511428833,-1.8283181190490723,-0.622374415397644,-2.95327091217041,-2.7470510005950928,-4.074158668518066,-1.2176103591918945,-2.4418296813964844,-0.21927082538604736,-0.41440171003341675,-3.328976631164551,2.843520164489746,-0.5323965549468994
3d93af672,-3.284306049346924,-4.613633155822754,-0.19469483196735382,-1.9774318933486938,-6.084112167358398,-2.367560863494873,-4.809802055358887,-4.100347518920898,-5.191188335418701,-3.8381764888763428,7.3446149826049805,-1.4568002223968506,-2.859973192214966,-3.1734297275543213,-3.5775136947631836,-4.275667190551758,-5.061252593994141,-1.6524739265441895,-3.5550308227539062,-2.5695624351501465,6.179240703582764,-5.20196008682251,-4.546841621398926,-4.097350120544434
3dabe2366,-4.148427963256836,-5.354353904724121,-2.061434745788574,2.0813963413238525,-4.712672233581543,-2.691962480545044,-5.863778114318848,-1.6084370613098145,-5.6969313621521,-2.524488925933838,-2.122589111328125,-1.425785779953003,4.1407647132873535,-4.4474897384643555,-3.9750990867614746,-5.941809177398682,-5.9495530128479,-6.605005741119385,0.45828795433044434,-6.386467933654785,-3.378875255584717,-3.9826595783233643,-3.5897789001464844,-1.1143546104431152
3db0b6ad6,-1.571327567100525,1.028705358505249,-1.3800604343414307,2.3953890800476074,-4.096036911010742,-3.4180893898010254,-2.2734296321868896,-0.8976747989654541,-5.002664566040039,-1.625860333442688,-2.896085262298584,-3.490266799926758,0.9786646962165833,-1.0411864519119263,-3.3583035469055176,-1.0614311695098877,-0.370895653963089,-1.4697704315185547,-1.662475824356079,-3.287703275680542,-3.2424070835113525,-1.8402373790740967,-2.5307810306549072,-2.728163719177246
3dc375aec,5.540249824523926,-0.6861538290977478,2.3049516677856445,1.8143784999847412,-4.203465461730957,-4.356213569641113,-6.076948165893555,-5.07598352432251,-4.734663009643555,-2.0733463764190674,-4.526304244995117,-5.913808822631836,3.5937137603759766,-1.9876501560211182,-7.528128147125244,-4.620819091796875,-4.135058403015137,-3.1135923862457275,0.1804458051919937,-3.659087657928467,-3.169278144836426,-5.924934387207031,-6.079804420471191,-1.2721636295318604
3de11e9f6,-2.024573802947998,-5.801675319671631,-7.433225631713867,2.760437488555908,8.407645225524902,-4.618877410888672,-8.129354476928711,-6.4811296463012695,-2.4983162879943848,-3.9570910930633545,-2.5424320697784424,-5.680098533630371,10.52786922454834,1.2491387128829956,-6.959627151489258,-5.8973846435546875,-6.930093765258789,-6.752278804779053,2.1671295166015625,-10.468611717224121,-8.692787170410156,-1.987788200378418,-3.94823956489563,2.2459497451782227
3de2e5efc,-1.2725331783294678,-0.8514381647109985,-0.6185739040374756,2.467641830444336,-0.5718932151794434,-1.314156413078308,-3.727623462677002,-3.103858470916748,-0.005333662033081055,-1.7593400478363037,-2.8933703899383545,-3.774527072906494,2.001467704772949,-0.9219843149185181,-1.111197590827942,-3.234657049179077,-3.573216438293457,-1.6628137826919556,1.2739084959030151,0.4515701234340668,-2.423285484313965,-1.1908774375915527,-2.639700174331665,-0.3289235830307007
3de404cd1,0.17172062397003174,-4.351557731628418,-3.08613920211792,2.063047170639038,-1.902449131011963,-4.608746528625488,-4.6134538650512695,0.919435441493988,-3.846233606338501,-0.8195227384567261,-3.503953218460083,-2.436735153198242,-0.9530820846557617,-2.82961106300354,0.8413649797439575,-0.8126316070556641,-4.45728063583374,-1.9224765300750732,-0.01909424364566803,-5.340042591094971,-0.6637775301933289,-3.4968504905700684,-3.1500887870788574,-2.3073678016662598
3de82b52b,-2.2717247009277344,2.6263177394866943,-4.35290002822876,3.3150837421417236,-1.1159158945083618,-4.2241997718811035,-6.366948127746582,-3.7137372493743896,-3.918416976928711,-2.7679476737976074,-3.728102684020996,-5.5517144203186035,3.598500967025757,-0.7898686528205872,-3.6647493839263916,-3.9468116760253906,-2.661491870880127,-5.151313304901123,0.8920576572418213,-5.987979888916016,-6.193109512329102,-0.563292920589447,-3.032421827316284,-1.68245267868042
3e214fe98,-0.4306318759918213,-2.662539482116699,1.1142446994781494,2.1417980194091797,-4.402209281921387,-2.0050690174102783,-3.18310809135437,-2.6234378814697266,-6.162317276000977,-2.650256395339966,-3.1190848350524902,-3.6968913078308105,0.0894307941198349,-3.3006887435913086,-3.673616886138916,-2.070117473602295,-3.568849563598633,-2.0403943061828613,-1.6005533933639526,-3.027393341064453,4.876880645751953,-4.9120378494262695,-2.767697811126709,0.0625767707824707
3e4114fad,-4.763533115386963,-3.5670058727264404,-3.212724208831787,0.011673212051391602,-1.4680278301239014,2.3944196701049805,-3.0170764923095703,-4.0518035888671875,-3.070427417755127,-2.409614086151123,-1.8475196361541748,-0.0707223042845726,-1.9548759460449219,-1.1421453952789307,-4.401585578918457,-3.2609925270080566,-4.977872848510742,-1.8723818063735962,-3.9020462036132812,3.6826529502868652,-0.2620943784713745,-2.7250571250915527,0.3329547941684723,1.5099117755889893
3e46d90e7,-3.9134910106658936,-3.995133399963379,-0.33903050422668457,-1.3551772832870483,-1.281317949295044,-0.3986107409000397,-1.892279028892517,-1.456897258758545,-4.698034286499023,-1.106860637664795,-3.2598369121551514,-0.026839017868041992,-3.9386348724365234,-3.357621908187866,-2.471698760986328,-2.932943820953369,-3.7952332496643066,-0.8387515544891357,-4.705214023590088,-1.7123889923095703,1.2875149250030518,-4.244168281555176,-1.3249157667160034,2.0084023475646973
3e693e956,-5.356103420257568,-2.088958740234375,-3.5575926303863525,2.9612507820129395,-4.3636016845703125,-2.733339309692383,-6.075654983520508,-1.1596367359161377,-5.663372039794922,-2.8834705352783203,-4.051189422607422,-4.593604564666748,0.7834537625312805,-3.377237558364868,3.2600462436676025,-3.748706102371216,-2.636453866958618,-4.433842182159424,-0.7909553050994873,-4.228765487670898,-2.650418758392334,-2.296309232711792,0.20129719376564026,-2.696751117706299
3e79a8489,6.051769256591797,4.475080490112305,-3.7012922763824463,2.852905750274658,-3.6258444786071777,-5.406895637512207,-7.143092155456543,-5.2309136390686035,-3.65507173538208,-3.026355266571045,-4.06374454498291,-9.068952560424805,5.203315734863281,0.1941683441400528,-6.683106899261475,-4.655261993408203,-2.627807378768921,-6.669280529022217,-0.8846937417984009,-5.946013450622559,-6.414107322692871,-2.6479403972625732,-5.1500959396362305,-2.4499354362487793
3e8e64622,3.532937526702881,2.3580689430236816,-2.451655626296997,2.260533571243286,-2.368042230606079,-4.286369323730469,-3.2160913944244385,-2.7460148334503174,-1.9771724939346313,0.9324235916137695,-4.227106094360352,-5.471899032592773,2.8027756214141846,-0.7368559241294861,-4.319263458251953,0.46453607082366943,-2.7838401794433594,-2.6480045318603516,0.8311135172843933,-4.157632350921631,-1.4833736419677734,-2.272935628890991,-3.677016258239746,-2.4311342239379883
3ea29035a,-1.6081736087799072,4.384768009185791,-3.581834554672241,4.510670185089111,-3.2777297496795654,-3.8227434158325195,-7.114846229553223,-1.7577885389328003,-5.039876461029053,-3.6203365325927734,-3.2769079208374023,-7.687586784362793,0.020549297332763672,0.23665252327919006,-3.8625175952911377,-3.9165525436401367,-0.4060729742050171,-3.585831642150879,-1.9424244165420532,-6.160008430480957,-3.28955078125,-1.8862297534942627,-2.6828866004943848,-2.32486629486084
3ec54ea51,2.0945277214050293,-2.8605282306671143,-2.1400258541107178,2.3221287727355957,-3.102715492248535,-2.0723798274993896,-6.144505023956299,-2.46478271484375,-3.6675164699554443,-2.4812512397766113,-1.8756462335586548,-4.966705322265625,5.088400363922119,-2.864414691925049,-4.800370216369629,-3.9425737857818604,-5.232912540435791,-5.529885292053223,1.3413795232772827,-6.826567649841309,-4.423627853393555,-4.168878078460693,-2.562760829925537,-2.0341172218322754
3ef8f39f8,-4.14962100982666,-4.687467575073242,1.9881346225738525,-0.3825826644897461,-8.457159042358398,-3.0576844215393066,-5.131902694702148,4.269336223602295,-7.943966865539551,-3.0449295043945312,-3.152881145477295,1.1328785419464111,-5.119019985198975,-5.336897850036621,-1.3905433416366577,-4.142813205718994,-2.861325740814209,-3.943603754043579,-4.291957855224609,-3.673161745071411,-1.1661708354949951,-6.125273704528809,-4.66426420211792,-5.480862617492676
3f052aa50,-2.5829524993896484,-6.319034576416016,-7.067106246948242,3.522878408432007,-2.080817699432373,-5.109983921051025,-9.642273902893066,-6.3614277839660645,-4.675291061401367,-4.447001934051514,-4.271157264709473,-7.979247570037842,9.127988815307617,-2.7192940711975098,-6.15739107131958,-5.726099967956543,-7.919489860534668,-9.607198715209961,3.111403226852417,-12.493598937988281,-10.802014350891113,-5.252742290496826,-6.611850738525391,-3.1630184650421143
3f16bf597,-3.6207332611083984,2.609269857406616,-1.043076753616333,1.5346176624298096,-5.586585521697998,-1.9683985710144043,-4.8609418869018555,-0.9548499584197998,-6.436897277832031,-3.595984697341919,-3.587320327758789,-1.525294303894043,-1.0118615627288818,-3.1394121646881104,-1.6318422555923462,-4.307924270629883,-1.9032169580459595,-4.468692779541016,-1.6133246421813965,-2.144484043121338,0.4087647795677185,-3.374941349029541,-3.338139057159424,-3.336869955062866
3f4297971,-5.924105644226074,-7.524192810058594,2.898407220840454,-2.5060153007507324,-5.887433052062988,-1.0552384853363037,-3.130892753601074,-3.360689878463745,-7.646407127380371,-1.558583378791809,-2.6208224296569824,-0.8178169131278992,-4.780707836151123,-5.186022758483887,-5.620668411254883,-4.1063642501831055,-6.117700576782227,-1.2532646656036377,-5.8903069496154785,0.45042112469673157,-0.16591140627861023,-7.004090309143066,-4.210909843444824,-2.1238913536071777
3f6fe7d19,-2.888741970062256,-1.8371164798736572,0.38907063007354736,2.198244333267212,-3.9460055828094482,-0.595415472984314,-2.5273940563201904,-1.789407730102539,-6.400559902191162,-3.3129782676696777,-3.019887924194336,-1.9029731750488281,-3.9467148780822754,-3.003096342086792,-0.4733116626739502,-3.1431689262390137,-3.763866424560547,-1.6624829769134521,-2.3439574241638184,-1.4367492198944092,3.712955951690674,-4.9625654220581055,-0.8490501642227173,-1.4607571363449097
3f75c5715,-5.273953914642334,-5.611765384674072,-1.8381818532943726,-4.144784927368164,-4.622668266296387,-1.381625771522522,-4.976531028747559,-2.7228589057922363,-6.245767593383789,-3.9936106204986572,-3.2676408290863037,1.926880121231079,-4.436724662780762,-4.3886237144470215,-3.853374481201172,-4.998912334442139,-5.717619895935059,-3.620680809020996,-3.9003500938415527,0.08866733312606812,2.64005446434021,-5.2248663902282715,-1.8818540573120117,-2.8120341300964355
3f9a8ba65,-1.5918152332305908,-5.598696708679199,-5.8671112060546875,3.4907758235931396,9.12938117980957,-4.024518966674805,-6.374953269958496,-5.758787155151367,-2.2024857997894287,-2.650465488433838,-2.2224063873291016,-3.995155096054077,7.908868312835693,3.0627493858337402,-6.914544105529785,-5.102570533752441,-6.426214218139648,-2.869440793991089,0.9618018865585327,-8.726140975952148,-6.840744972229004,-1.304123878479004,-4.011350631713867,2.4481382369995117
3fc5a5df4,-0.9427648782730103,-4.810176372528076,-3.9087462425231934,1.9489511251449585,-3.2550036907196045,-1.87483549118042,-6.919281482696533,-6.154752731323242,0.9879574775695801,-4.4782185554504395,-2.442568063735962,-4.745255947113037,8.266860961914062,-3.2845754623413086,-4.376431465148926,-5.416995525360107,-7.2572855949401855,-5.09536075592041,0.800372838973999,-4.977234840393066,4.1519880294799805,-5.672601699829102,-4.1859540939331055,-1.5956207513809204
3fcc38f27,-5.8266143798828125,-7.078886032104492,0.17435666918754578,-4.444300651550293,-5.8241963386535645,-1.6488757133483887,-4.185584545135498,-0.9490092992782593,-6.571267604827881,-1.8045045137405396,-2.1907944679260254,-0.6121608018875122,-4.940162658691406,-4.552772521972656,-3.5537517070770264,-4.3462300300598145,-5.692879676818848,-2.331041097640991,-5.666309356689453,-1.704958438873291,0.21991044282913208,-6.304733753204346,-2.416780948638916,-2.819345712661743
3fdcfc43e,5.175291538238525,-0.6768877506256104,0.6673070788383484,1.296156883239746,-5.515321731567383,-3.766954183578491,-5.668065071105957,-5.39898681640625,0.1871752142906189,-2.863987922668457,-5.512914180755615,-8.297560691833496,-4.077733039855957,-2.3211424350738525,-5.773504257202148,-4.534684181213379,-3.5445632934570312,-3.9631457328796387,-1.584314227104187,-3.2147388458251953,-1.3411927223205566,-5.378853797912598,-5.6501665115356445,-3.8986546993255615
3fe42e809,4.675580024719238,-1.482954978942871,-3.051290273666382,2.747438430786133,-5.076991081237793,-6.664124011993408,-8.304695129394531,-4.760589122772217,2.222398281097412,-3.522010564804077,-5.51419734954834,-9.163244247436523,4.005836486816406,-2.641522169113159,-5.747633457183838,-4.527600288391113,-3.7038822174072266,-6.118984222412109,0.9043797254562378,-7.250357151031494,-4.596297264099121,-5.200035572052002,-5.92664909362793,-3.2048614025115967
3fe8034aa,-1.9397059679031372,1.1756293773651123,1.0190176963806152,1.976249098777771,-0.8027827739715576,-2.9738283157348633,-4.342381000518799,-3.477595806121826,-3.4754533767700195,-1.90922212600708,-3.357710361480713,-4.226284980773926,-0.04472041130065918,-0.055503007024526596,-3.974832773208618,-3.9532265663146973,-2.969658374786377,-2.3218889236450195,-1.938094973564148,-2.36088228225708,-2.761310577392578,-1.797452688217163,-3.9979453086853027,-1.4302982091903687
4006b60ad,-1.6408581733703613,-4.838923931121826,-7.5830912590026855,2.8612475395202637,-0.17661097645759583,-4.344875335693359,-8.085241317749023,-5.125490188598633,-3.1769447326660156,-4.630301475524902,-3.98234224319458,-7.7443108558654785,7.801153659820557,-1.0266677141189575,-5.628225326538086,-3.8590636253356934,-5.575308799743652,-8.034582138061523,3.4238245487213135,-10.099246978759766,-9.563055992126465,-2.7141404151916504,-3.521676778793335,-1.2113066911697388
402313292,-3.8018720149993896,-3.266012668609619,1.283099889755249,-0.4236619472503662,-5.4046173095703125,-1.3029601573944092,-4.210235118865967,-0.16913540661334991,-6.6576104164123535,-2.647428274154663,-2.8936526775360107,-0.9367005825042725,-4.247493743896484,-4.653346061706543,-2.7688393592834473,-4.312425136566162,-3.715088367462158,-2.5101168155670166,-3.7049343585968018,-3.061525344848633,-0.1494334638118744,-5.710635185241699,-3.6954379081726074,-2.2102012634277344
403dde5a6,-4.517401695251465,-7.077802658081055,0.9047735929489136,0.4257865250110626,-7.552634239196777,-2.5700817108154297,-5.97967529296875,-3.635280132293701,-8.938929557800293,-4.017159461975098,-4.577251434326172,-4.93106746673584,-5.018767833709717,-5.614316463470459,-3.5314908027648926,-5.068675518035889,-6.59821891784668,-4.589295864105225,-2.1293764114379883,-3.9085521697998047,1.1688787937164307,-7.0484819412231445,-6.357241153717041,-5.710301876068115
40508a6ab,-4.291579246520996,-4.703939437866211,1.3806586265563965,-0.07278529554605484,-5.670818328857422,-1.0220831632614136,-1.7126214504241943,0.82941073179245,-5.9750566482543945,0.2513618469238281,-3.796569585800171,-1.2537436485290527,-5.31318473815918,-4.895397186279297,-1.7824748754501343,-3.0668792724609375,-3.5763368606567383,-2.2744545936584473,-3.6586103439331055,-2.8613452911376953,3.3671412467956543,-5.424349784851074,-3.012746572494507,-3.6278514862060547
40a1a33b7,-4.633401870727539,-2.563875198364258,-4.94264030456543,2.615548849105835,-2.2344391345977783,-0.7328709363937378,-3.7382466793060303,-2.740776538848877,-4.7304229736328125,-2.4217913150787354,-2.880892515182495,-0.4684523046016693,1.9541575908660889,-2.699058771133423,-3.2997982501983643,-3.7818307876586914,-4.556543350219727,-4.199503421783447,0.528383195400238,-3.930635452270508,-2.858112335205078,-1.579854965209961,0.39665672183036804,1.789773941040039
40b0e1e5e,-5.383470058441162,-3.487842559814453,-0.48063644766807556,-2.8824031352996826,-5.765380382537842,-2.2778799533843994,-5.2559614181518555,-4.977305889129639,-6.601798057556152,-2.996145725250244,-3.6898245811462402,-2.343461036682129,-4.883610248565674,-3.1035914421081543,-2.5128233432769775,-4.661437034606934,-5.663614273071289,-3.6245787143707275,-4.899758338928223,-1.2668390274047852,5.614346981048584,-5.261984825134277,-5.015814304351807,-2.10707950592041
410190cfc,-4.101199626922607,2.698824405670166,-6.674037456512451,3.822050094604492,-2.5809292793273926,-3.4444069862365723,-6.273004531860352,-4.106515884399414,-4.714509010314941,-2.8045849800109863,-3.5197057723999023,-4.766180515289307,2.8488616943359375,-1.1398437023162842,-4.10821008682251,-4.306166648864746,1.2227551937103271,-6.665624618530273,-0.7121075391769409,-6.440298557281494,-6.978253364562988,0.01903313398361206,-2.826486825942993,-2.135965347290039
410fb8cc1,-2.272839307785034,-2.7090020179748535,1.890905499458313,0.1762816309928894,-2.177393913269043,-0.05707870423793793,-3.231184720993042,-2.0564448833465576,-5.273386478424072,0.8053501844406128,-3.4563851356506348,-0.3430037200450897,-2.1623477935791016,-3.3126649856567383,-5.065779685974121,-3.666311264038086,-4.855219841003418,-1.317657709121704,-2.740304946899414,-2.295063018798828,-1.4013755321502686,-4.005215167999268,-3.5971174240112305,-1.1387200355529785
413b41f30,-3.7498779296875,-4.323849678039551,-1.4544522762298584,1.6198747158050537,-4.624476432800293,-2.0981271266937256,-1.1044843196868896,0.21614235639572144,-5.538947582244873,-0.9363530278205872,-2.8431406021118164,4.130405426025391,-2.8460283279418945,-3.9187304973602295,-1.690904140472412,-2.1691999435424805,-3.1520133018493652,-0.37095630168914795,-2.6891205310821533,-3.797590732574463,4.343440055847168,-4.134366989135742,-2.4986214637756348,-1.626551628112793
41402125e,0.3517366051673889,-4.996255874633789,4.599822998046875,0.5784226655960083,-7.014171600341797,-2.6066901683807373,-4.896477222442627,1.3093591928482056,-8.701650619506836,-2.1646509170532227,-5.190807819366455,-3.2169759273529053,-5.799233436584473,-4.5651469230651855,-3.0377345085144043,-3.881962537765503,-4.311348915100098,-3.1477208137512207,-2.12495756149292,-4.588391304016113,-3.593456745147705,-7.490512847900391,-5.218194007873535,-4.65571403503418
4143bb919,-2.732985019683838,0.528369665145874,-2.1214118003845215,2.3154714107513428,-2.1250174045562744,0.0509488582611084,1.070284128189087,-1.09438157081604,-3.851978302001953,-1.27359938621521,-4.1706342697143555,-1.6376515626907349,-0.5831940174102783,-2.834869861602783,-3.3777294158935547,3.894007921218872,-2.819422960281372,-0.7885839939117432,-1.398195505142212,-3.1721084117889404,-1.670182228088379,-1.9959392547607422,-1.5763537883758545,-1.7591243982315063
416ece2aa,-4.548633575439453,-1.6433920860290527,-0.9542096257209778,-2.9708681106567383,-2.87778902053833,-1.5287975072860718,-4.144174575805664,-5.146236419677734,-4.844750881195068,-2.7687840461730957,-3.6287765502929688,-1.9263865947723389,-4.543694496154785,-3.1103692054748535,-2.055434226989746,-4.101681709289551,-4.982844352722168,-3.2075133323669434,-3.8542418479919434,-1.091646432876587,2.603888511657715,-2.947889566421509,-4.366866111755371,-0.7411967515945435
41732ffe5,-4.248250961303711,-4.426727771759033,0.6679409146308899,0.4531221389770508,-5.192323684692383,-1.2758725881576538,-1.0034141540527344,-2.097149610519409,-6.219533920288086,-1.124105453491211,-4.0355753898620605,-2.23531174659729,-4.391186714172363,-4.60332727432251,-2.9255144596099854,-3.0094432830810547,-4.721400260925293,-0.6346714496612549,-4.11290168762207,-3.0870771408081055,5.273651123046875,-5.422405242919922,-4.1467132568359375,-3.024765729904175
41862ce19,-3.73185133934021,-5.480999946594238,-5.949375629425049,1.9275206327438354,-3.9074153900146484,-3.2107560634613037,-6.739600658416748,-5.5309858322143555,-3.6655375957489014,-4.840766429901123,-1.7351961135864258,-5.113965034484863,8.4298095703125,-2.57804012298584,-6.730502128601074,-4.32683801651001,-5.864290237426758,-6.85167932510376,0.39910417795181274,-7.351281642913818,-8.215482711791992,-3.5407469272613525,-3.042816400527954,-1.5569775104522705
419c8ebfa,-0.524486780166626,-0.3078479766845703,-2.4159650802612305,3.503521680831909,-1.6238514184951782,-0.0845729410648346,-3.6892411708831787,-3.542598247528076,1.460259199142456,-2.1098852157592773,-2.3995444774627686,-3.3974344730377197,3.255803108215332,-1.486670970916748,-1.4245154857635498,-2.391826629638672,-3.2378687858581543,-2.5091986656188965,1.3911726474761963,-2.715930938720703,-0.21168464422225952,-1.3110878467559814,-1.2909486293792725,-0.6001660823822021
41b9efd30,-5.005642890930176,-5.448648929595947,7.314814567565918,2.3848156929016113,-4.323326587677002,-2.06697940826416,-3.7365260124206543,-3.1119580268859863,-6.042229652404785,-1.8787651062011719,-4.091547012329102,-4.868306636810303,4.109058856964111,-2.6415598392486572,-6.899985313415527,-4.910725116729736,-6.644199371337891,-3.1448845863342285,-0.7308023571968079,-4.633313179016113,1.1699973344802856,-4.9884233474731445,-5.282995223999023,-3.4832491874694824
41f6da863,-3.0207414627075195,-4.709567070007324,-0.26756373047828674,2.239203929901123,-3.602170467376709,-3.0756030082702637,1.0699238777160645,3.427248001098633,-4.436024188995361,-0.531402051448822,-1.5819017887115479,-0.5888048410415649,-1.010851263999939,-3.9386301040649414,-1.7958667278289795,0.32249951362609863,-1.2089120149612427,-0.8963351845741272,-2.946892738342285,-3.593820333480835,-0.1731206178665161,-4.430139541625977,-2.849928140640259,0.4468842148780823
422d116ec,-5.4553608894348145,-5.833688735961914,6.417977333068848,3.0869808197021484,-5.496048450469971,-2.649035930633545,-3.1609609127044678,-2.625007152557373,-6.862821578979492,-0.9203500747680664,-2.3625223636627197,-4.770114421844482,5.076318740844727,-4.58862829208374,-5.318436622619629,-4.979765892028809,-6.314270973205566,-2.311014175415039,-0.1946794092655182,-6.3132171630859375,-3.9195022583007812,-6.098330020904541,-5.206742763519287,-5.276411056518555
423b07fc7,-4.845681667327881,-2.3865160942077637,-9.402057647705078,2.3311641216278076,3.6513655185699463,-5.525753498077393,-8.397785186767578,-3.0002694129943848,-4.3791093826293945,-5.9278669357299805,-5.651885032653809,-8.174118041992188,-0.9882766008377075,-4.089810371398926,10.418129920959473,-5.656274318695068,-6.936191082000732,-7.58767032623291,2.187652349472046,-10.41555404663086,-8.506406784057617,1.9044833183288574,-5.741554260253906,-2.01009464263916
424f23229,-4.944927215576172,-4.643418312072754,-0.7718133926391602,-2.6051785945892334,-6.317093849182129,-2.5195889472961426,-5.608797073364258,-1.3452221155166626,-6.580381393432617,-3.0583114624023438,-3.1445412635803223,-2.794426918029785,-5.417226791381836,-4.536421298980713,0.6248566508293152,-5.64935827255249,-5.786803722381592,0.8638038635253906,-3.703420639038086,-3.1137142181396484,7.833711624145508,-6.169790267944336,-5.867316246032715,-5.705073833465576
426e6b200,-4.182438850402832,-2.316093683242798,0.4379897117614746,3.2227425575256348,-3.3916006088256836,-2.0882201194763184,-3.5292916297912598,-2.4309000968933105,-5.778389930725098,-2.8588333129882812,-1.503287672996521,-2.6109700202941895,3.1751463413238525,-2.996048927307129,-5.807401657104492,-4.35621976852417,-5.1605753898620605,-2.751596212387085,-0.8588910698890686,-1.751503825187683,-0.6042040586471558,-4.607397079467773,-4.181373596191406,0.5481625199317932
42788ca70,-4.078361511230469,-5.574702262878418,1.834484338760376,0.12180141359567642,-6.645725727081299,-0.8652336597442627,-4.378190994262695,0.433077335357666,-6.298447132110596,-0.8531579971313477,-3.1439881324768066,-0.769113302230835,-3.97440767288208,-4.428467750549316,-1.6418640613555908,-3.3242039680480957,-3.4616594314575195,-2.167787551879883,-3.1668684482574463,-2.1087827682495117,1.7922921180725098,-5.817956447601318,-2.1138246059417725,-3.531691551208496
428b2868b,-2.5717339515686035,0.6862860918045044,-0.31873735785484314,3.0732085704803467,-3.182133197784424,-3.1996350288391113,-3.748497486114502,-1.740816354751587,-5.240797519683838,-2.402121067047119,-5.107316970825195,-4.961477279663086,-1.37775719165802,-1.307938814163208,0.4241609573364258,-3.2160725593566895,-2.9136509895324707,-2.6038379669189453,-2.073249578475952,-4.613495826721191,0.6750449538230896,-3.080997943878174,-4.905595302581787,-1.0515782833099365
42959f4b0,-3.2920053005218506,-2.481961250305176,-2.390134811401367,3.4135730266571045,-3.1813299655914307,-4.940916061401367,-6.094359874725342,-0.2906566262245178,-6.386643886566162,-2.23885440826416,-4.162070274353027,-3.974853992462158,1.395432472229004,-3.5224785804748535,-2.9366726875305176,-3.644902229309082,-5.24566125869751,-6.115665435791016,1.6225544214248657,-6.248755931854248,-4.787315368652344,-3.580752372741699,-5.428764343261719,-1.7465429306030273
429818de1,-5.166696071624756,-6.060120582580566,0.7928550243377686,-1.8617480993270874,-8.469637870788574,-4.061235427856445,-4.372905731201172,3.07431960105896,-7.745974540710449,-2.0450258255004883,-1.7875173091888428,2.226787567138672,-5.367248058319092,-4.8955793380737305,-2.470719337463379,-3.8314671516418457,-3.4168953895568848,-1.6956610679626465,-4.201966285705566,-2.1747515201568604,5.532027244567871,-7.349348545074463,-4.759660720825195,-6.023118495941162
42997fe35,-4.799896717071533,-5.338340759277344,-6.862272262573242,4.593631744384766,-1.8284536600112915,-5.149106502532959,-9.243236541748047,-6.204230308532715,-4.694279670715332,-4.588943004608154,-5.038117408752441,-8.076656341552734,8.437347412109375,-2.4720940589904785,-6.959846019744873,-6.735953330993652,-8.319354057312012,-10.031469345092773,3.788641929626465,-10.520886421203613,-4.105382919311523,-4.256620407104492,-6.693790912628174,-4.852753639221191
42a1872b5,-4.980234146118164,-6.393000602722168,-0.46613430976867676,2.605590343475342,-7.1786322593688965,-2.6257739067077637,-6.06220817565918,-2.959677219390869,-8.090136528015137,-2.8025078773498535,-4.466275215148926,-3.479172706604004,-1.5570423603057861,-5.72413969039917,-2.9488167762756348,-3.648952007293701,-6.062925338745117,-5.184872627258301,-0.24774852395057678,-4.329536437988281,-2.3109025955200195,-5.997574329376221,-5.6701154708862305,-4.639562606811523
42c309ad6,-2.6581878662109375,-2.1600096225738525,-2.4511232376098633,1.8023290634155273,0.8682523965835571,-2.4634878635406494,-2.352898597717285,0.44755661487579346,-3.8540725708007812,-1.638026237487793,-2.359339475631714,-1.9343464374542236,0.6410331726074219,-1.56856369972229,-3.9416537284851074,-0.9722918272018433,-4.643632888793945,-1.5744178295135498,-0.7519311308860779,-4.633280277252197,8.134899139404297,-3.156311511993408,-3.030378580093384,-1.2259838581085205
42d145a7c,-4.111641883850098,-7.369075775146484,-9.063883781433105,3.044139862060547,-5.029002666473389,-5.169745922088623,-10.154505729675293,-7.104685306549072,-5.440810203552246,-5.699954986572266,-3.873534917831421,-7.981696128845215,10.565714836120605,-4.324568271636963,-7.804971694946289,-6.320117473602295,-9.040777206420898,-10.808395385742188,2.893768787384033,-11.818814277648926,-11.810510635375977,-6.770482063293457,-5.716236114501953,-4.143548011779785
42fc1746e,-12.318137168884277,-12.93204116821289,-3.9639453887939453,-6.1651458740234375,-8.591446876525879,-4.768004417419434,-10.396177291870117,-10.503545761108398,-10.174028396606445,-5.900920867919922,-6.5252885818481445,-3.1843464374542236,-5.732507705688477,-8.819040298461914,-6.590208530426025,-8.565387725830078,-11.708563804626465,-9.974225997924805,-6.5751566886901855,-6.856830596923828,-4.531052589416504,-9.075862884521484,-8.701377868652344,-6.581284523010254
4350e1e1a,-3.8893730640411377,-4.4852752685546875,-2.791987419128418,1.5136663913726807,-2.212277412414551,-2.0871896743774414,-2.436732053756714,-1.5600736141204834,-4.925396919250488,1.0622713565826416,-3.3721790313720703,-1.8058583736419678,-3.321007490158081,-4.903718948364258,-3.4298338890075684,2.4616334438323975,-4.492668151855469,-0.5160089731216431,-4.313105583190918,-4.175962448120117,-3.732595920562744,-4.499353408813477,-1.9312245845794678,2.0124752521514893
4370a00a3,-4.815929889678955,-4.009853363037109,0.8069929480552673,-3.263363838195801,-6.983996391296387,-2.569843292236328,-3.791902542114258,-2.6453890800476074,-7.898710250854492,-0.8432682752609253,-5.280704021453857,-1.2746379375457764,-6.222437381744385,-3.342052698135376,-3.891049385070801,-3.291255474090576,-6.9232892990112305,-2.354106903076172,-5.024677276611328,-3.542483329772949,10.912233352661133,-8.038385391235352,-5.436318874359131,-6.19713020324707
437ce0f6c,-3.1475250720977783,-1.0116616487503052,0.07806667685508728,2.1695756912231445,-5.333981990814209,-2.256711006164551,-3.5381722450256348,-3.4907469749450684,-6.126601696014404,-2.7508139610290527,-3.0780386924743652,-3.206826686859131,4.443056583404541,-2.2238311767578125,-3.3954427242279053,-4.19219970703125,-3.790632724761963,-1.8778042793273926,-1.1770663261413574,-1.8069164752960205,6.032934188842773,-5.288600921630859,-5.392690658569336,-2.471129894256592
4396bcf4b,-0.03820541501045227,-0.7601686716079712,-3.086007595062256,2.5494625568389893,-0.7924126982688904,-5.541414260864258,-5.500033855438232,0.2391383945941925,-3.663236618041992,-0.8110184669494629,-4.8060455322265625,-5.5624589920043945,0.6072794198989868,-2.8121557235717773,0.6330987811088562,-0.1937245875597,-2.02093505859375,-2.5402004718780518,1.6709767580032349,-6.266435623168945,-3.714106559753418,-2.2866692543029785,-4.49022102355957,-2.2347898483276367
43a6746f3,-4.505712985992432,-4.190016746520996,-0.168680340051651,3.7751855850219727,-5.046799659729004,-4.272736549377441,-7.290980815887451,-5.762383460998535,-8.039942741394043,-3.078909397125244,-6.189328670501709,-7.834802627563477,2.3732571601867676,-3.7348380088806152,-4.542662620544434,-5.481181621551514,-6.190420150756836,-5.707541465759277,0.6104199886322021,-8.928659439086914,-3.460867404937744,-5.166384696960449,-7.887124061584473,-5.352428436279297
43c27fde5,-5.102808475494385,-3.0230872631073,-1.9170138835906982,-0.7233699560165405,-5.012269496917725,-2.311923027038574,-5.421878814697266,-5.050413608551025,-5.468204498291016,-2.6028099060058594,-3.8308379650115967,-3.6766176223754883,-2.54530930519104,-4.495786666870117,-3.0840413570404053,-5.243415832519531,-4.709718704223633,-3.7232506275177,-2.572355270385742,-3.770843505859375,-0.6226545572280884,-4.9579620361328125,-4.769031524658203,-3.2818706035614014
43f2a4343,-5.447628021240234,-3.8516860008239746,-3.706519603729248,-2.8246335983276367,-1.6156730651855469,0.9190322756767273,-2.8404974937438965,-4.2545952796936035,-4.505270004272461,-2.6816518306732178,-2.7223269939422607,-0.1473153680562973,-4.665781021118164,-2.481144428253174,-5.339148044586182,-3.7558481693267822,-5.908565521240234,-3.285684585571289,-5.853748321533203,-1.8250250816345215,-0.38031068444252014,-3.835017204284668,1.8292021751403809,2.898268222808838
44594169f,-4.891947269439697,-4.670196533203125,-0.9734197854995728,0.5178616046905518,-4.84505033493042,-2.517899751663208,-5.17280387878418,-3.0753793716430664,-6.261692523956299,-2.728808879852295,-4.288926124572754,-2.258289337158203,-0.10232093930244446,-3.935065746307373,-2.209418773651123,-4.471545219421387,-5.932864189147949,-4.094620704650879,-0.7182834148406982,0.5243173837661743,-2.8789751529693604,-3.591641902923584,-4.83875846862793,-3.4997105598449707
446ffa381,-3.275726795196533,-3.594874620437622,0.010684825479984283,0.2176748514175415,-4.365289211273193,-0.9585891962051392,2.5375449657440186,-0.3966223895549774,-5.171908855438232,2.5620720386505127,-2.5544605255126953,1.3248378038406372,-4.303488254547119,-3.2072343826293945,-2.612722635269165,-3.2343995571136475,-3.6132583618164062,-0.30651968717575073,-3.225541114807129,-1.5435009002685547,2.0375545024871826,-4.076725006103516,-2.8472330570220947,-2.228940486907959
44826e880,-6.368496417999268,-5.553543567657471,1.9127178192138672,-2.008160352706909,-6.369500637054443,-2.549581289291382,-2.320615291595459,-3.211120128631592,-9.04243278503418,-2.893425464630127,-4.444934844970703,-3.1768786907196045,-5.597929954528809,-4.767490386962891,-3.6003427505493164,-4.670087814331055,-5.85505485534668,-3.177067518234253,-3.617400646209717,-3.357607841491699,-0.8169240951538086,-6.422569751739502,-7.077133655548096,-5.218974590301514
449490cb5,0.8140921592712402,-1.7805964946746826,-6.484978199005127,3.3597540855407715,0.8798114061355591,-4.158987045288086,-8.09658432006836,-5.229738235473633,-0.5319651365280151,-4.099775314331055,-2.01884126663208,-6.153972148895264,8.746562004089355,-0.22343452274799347,-4.7816972732543945,-4.394088268280029,-4.002325534820557,-7.303894996643066,1.9001436233520508,-7.568936347961426,-7.178598403930664,-1.1454368829727173,-4.286098480224609,-0.2831365466117859
449612fa1,-2.1982219219207764,-4.447700023651123,-0.27859175205230713,3.2424871921539307,-1.8568823337554932,-1.1311495304107666,-2.1417202949523926,-0.6724209785461426,-4.594443321228027,-1.3206615447998047,-2.768038272857666,-2.1931915283203125,4.3272786140441895,-3.394432544708252,-2.7345170974731445,-0.47117650508880615,-4.555940628051758,-0.8324612379074097,1.3821816444396973,-3.301154613494873,0.18125367164611816,-4.162552833557129,-2.302388906478882,-1.0678625106811523
44b5cbd50,-5.914930820465088,-4.096959114074707,-1.0934778451919556,-3.051974296569824,-3.9466371536254883,-2.275136947631836,-2.5294036865234375,-0.22019848227500916,-6.530069351196289,-3.792545795440674,-1.2775273323059082,2.963855266571045,-3.781801223754883,-3.377440929412842,-4.102608680725098,-4.802900791168213,-5.256201267242432,-3.6317031383514404,-4.735808849334717,-1.2698522806167603,5.1697773933410645,-6.121419906616211,-2.5652754306793213,0.759884238243103
44faab195,-4.899205684661865,-1.9629456996917725,-3.978501558303833,2.4518020153045654,-3.4603641033172607,0.13303501904010773,-2.7092208862304688,-2.467316150665283,-4.792366981506348,-2.2475850582122803,-2.8007442951202393,-0.5275461673736572,-1.4980273246765137,-2.223750591278076,-3.1863608360290527,-3.293510675430298,-3.518080234527588,-4.342573165893555,-3.8169705867767334,-3.9367165565490723,-2.38979434967041,-3.0702338218688965,-0.13647881150245667,-0.10628269612789154
45035fceb,-3.5070059299468994,-4.03162145614624,0.08436846733093262,1.8653414249420166,-5.736541748046875,-1.6443428993225098,-2.4715700149536133,-0.8130806088447571,-5.197486877441406,-1.67341947555542,-2.1532435417175293,-1.8148088455200195,-3.595149517059326,-4.33643913269043,-1.7772347927093506,-3.50253963470459,-3.350715160369873,0.3442673087120056,-3.1294968128204346,-0.9214555025100708,3.2224786281585693,-5.1970109939575195,-4.123530864715576,-2.64851713180542
45879ff68,0.7449734210968018,3.9531733989715576,-1.9363641738891602,0.5861021280288696,-2.8901889324188232,-2.739928722381592,-4.272233009338379,-3.1440303325653076,-3.621870279312134,-1.6741862297058105,-3.3181862831115723,-3.979623556137085,-1.920142650604248,-0.7092223763465881,-4.865415573120117,-4.554866313934326,15.219250679016113,-1.39585542678833,-4.020508289337158,-3.417484998703003,-4.277989864349365,-1.6461093425750732,-1.8615245819091797,0.8110562562942505
45a3f2528,0.13877183198928833,-7.57724666595459,-8.188688278198242,3.1113247871398926,-2.787471294403076,-6.163447380065918,-10.468774795532227,-6.0305562019348145,-4.878975868225098,-4.516733169555664,-5.278689861297607,-9.75161361694336,9.408381462097168,-3.3095483779907227,-7.766788005828857,-5.8018693923950195,-7.883367538452148,-10.32664680480957,3.90035343170166,-13.41727066040039,-11.967718124389648,-5.655950546264648,-5.821174621582031,-3.025909900665283
45d52d166,-2.5810160636901855,-7.232350826263428,-8.044513702392578,2.740706443786621,-0.9984400868415833,-5.131725788116455,-9.306486129760742,-6.0219502449035645,-5.104900360107422,-4.978687763214111,-4.659355163574219,-8.467864990234375,10.544731140136719,-2.2480032444000244,-8.091882705688477,-6.3609700202941895,-8.184194564819336,-9.444713592529297,3.6369924545288086,-11.975852012634277,-11.083932876586914,-5.846983909606934,-5.918683052062988,-3.004948854446411
45e17759f,-8.857479095458984,-9.778761863708496,-4.415327072143555,-6.264791488647461,-5.55876350402832,-2.2307167053222656,-6.171023368835449,-7.497984409332275,-7.072347640991211,-5.394765377044678,-3.9012653827667236,0.14663919806480408,-2.9187216758728027,-6.372840881347656,-5.13411808013916,-6.349587917327881,-8.492892265319824,-6.025137901306152,-4.406885147094727,-2.0551598072052,-1.4593857526779175,-6.2062835693359375,-5.365121841430664,-4.234408378601074
45ed62fd0,-2.816725254058838,2.622878313064575,-4.871432781219482,3.3767035007476807,-0.9629379510879517,-3.597630262374878,-5.126309394836426,-4.885525226593018,-2.9700767993927,-2.5135202407836914,-3.148655652999878,-5.900783061981201,2.7032036781311035,6.062112808227539,-6.012979507446289,-3.5845563411712646,-1.8068596124649048,-3.8498826026916504,-0.9988076090812683,-4.244261741638184,-5.44390869140625,-0.4522416591644287,-3.7644598484039307,-0.9929167032241821
4617e268b,-1.936444878578186,3.2063755989074707,-5.630647659301758,3.0571651458740234,-1.5637915134429932,-4.644309997558594,-6.68540096282959,-4.868922233581543,-3.7878761291503906,-1.6656681299209595,-4.1407060623168945,-7.829773426055908,2.3706183433532715,-0.2179633229970932,-5.594532012939453,-4.480063438415527,-0.4543827176094055,-4.864419937133789,0.14783111214637756,-7.396907806396484,-7.787215232849121,0.26647287607192993,-3.14003324508667,-2.1455023288726807
4622e761d,-4.213351726531982,-4.043153762817383,0.903418779373169,-2.4847240447998047,-5.110471725463867,-1.0104894638061523,-2.5926733016967773,-0.24552088975906372,-6.7424445152282715,-0.02969798445701599,-3.087088108062744,1.3119533061981201,-4.806358337402344,-3.1469364166259766,-2.6189041137695312,-2.9734787940979004,-5.1007184982299805,-0.4098178744316101,-4.5260396003723145,-3.4445738792419434,8.049291610717773,-6.058954238891602,-3.318861484527588,-2.547281265258789
46387adc8,-3.512639284133911,-5.853367805480957,-6.2493815422058105,2.087794542312622,2.1880195140838623,-1.1828784942626953,-5.7753190994262695,-4.944764614105225,-2.747260808944702,-3.8239002227783203,-0.9813668131828308,-3.237959384918213,7.836402893066406,-1.5353164672851562,-6.747132301330566,-4.4079203605651855,-6.816910743713379,-6.400565147399902,-0.693803071975708,-5.180840969085693,-6.5173797607421875,-4.383512496948242,-0.5738133192062378,0.7873605489730835
464790631,-1.8803894519805908,-2.030630111694336,-4.929320335388184,4.066251754760742,2.7080140113830566,-2.4322261810302734,-6.570697784423828,-3.6897544860839844,-2.6347999572753906,-3.2010555267333984,-2.536562442779541,-7.224784851074219,6.1385087966918945,-0.38094210624694824,-5.758091449737549,-4.283405303955078,-3.835631847381592,-5.856699466705322,-0.299721896648407,-6.858954429626465,-6.97269344329834,-1.768978238105774,-2.8553404808044434,-0.28531885147094727
46568db5b,-5.815354347229004,-4.454532623291016,0.10993099212646484,-3.143824577331543,-7.259774684906006,-2.896505832672119,-5.415613174438477,2.612865924835205,-7.616028785705566,-3.1174893379211426,-3.8520028591156006,-1.9685839414596558,-6.250589370727539,-5.2470245361328125,-1.8640824556350708,-4.856438636779785,-3.8591997623443604,-3.246150016784668,-4.931418418884277,-3.7262611389160156,21.646697998046875,-6.7747955322265625,-3.4391393661499023,-4.538135528564453
465af2eae,-4.102904796600342,-0.41387975215911865,-4.8939409255981445,3.0210301876068115,-0.5576268434524536,-0.08570903539657593,-3.652543067932129,-3.745835781097412,-3.506340265274048,-2.743500232696533,-2.5585596561431885,-1.5615291595458984,2.1555089950561523,-0.4528103768825531,-4.177624702453613,-3.982741117477417,-3.971318244934082,-3.9988341331481934,-2.620842456817627,-3.6015572547912598,-4.582155704498291,-1.9173346757888794,0.5561284422874451,2.5792171955108643
465f1aa89,6.978909015655518,-1.4436625242233276,3.0934462547302246,2.146238327026367,-3.8064544200897217,-5.473630428314209,-7.020130634307861,-5.044987678527832,-4.630053520202637,-2.982942819595337,-7.883934020996094,-9.621180534362793,-2.825641393661499,-2.068112850189209,-6.069461822509766,-7.371820449829102,-4.413178443908691,-6.648245334625244,0.062030524015426636,-7.540297985076904,-6.544999599456787,-5.005945205688477,-6.972402095794678,-4.19993782043457
46c30cdc6,-5.663262844085693,-6.219206809997559,-2.3536391258239746,2.7915635108947754,-5.994870185852051,-3.444047212600708,-6.111659049987793,-2.2176671028137207,-7.950367450714111,-3.216073513031006,-2.2333412170410156,-5.275798320770264,6.946205139160156,-5.057756423950195,-1.7810750007629395,-5.466179370880127,-6.98233699798584,-5.846678256988525,1.0991017818450928,-7.510180950164795,-4.663196563720703,-5.914816856384277,-5.314611434936523,-4.084192276000977
46c79837c,-3.180994749069214,-8.496944427490234,-7.189877986907959,3.598942279815674,-3.1329245567321777,-5.535500526428223,-9.891179084777832,-5.6138386726379395,-6.077138423919678,-5.335404396057129,-2.424117088317871,-7.158246994018555,9.94011116027832,-4.248516082763672,-6.951119422912598,-5.975414276123047,-9.498706817626953,-10.740415573120117,3.9194374084472656,-12.421215057373047,-11.89724349975586,-5.608318328857422,-6.259655952453613,-3.5187413692474365
472ed54cf,-3.9044852256774902,-6.236383438110352,0.9136266112327576,-1.618492841720581,-6.024039268493652,-1.5147910118103027,-1.7478686571121216,3.411691188812256,-6.357851028442383,-2.021030902862549,-2.799344062805176,3.922389507293701,-5.293595790863037,-5.386688709259033,-2.4775378704071045,1.5219159126281738,-5.448154449462891,-0.7381307482719421,-4.75339937210083,-2.5004374980926514,5.954448699951172,-7.004857063293457,-2.95080828666687,-2.8251943588256836
4756c6ca9,-7.290926456451416,-7.396300315856934,-3.3425328731536865,-0.5601157546043396,-4.554513931274414,-1.741459608078003,-4.759850025177002,-3.4795312881469727,-6.75390100479126,-3.917947292327881,-3.5163543224334717,-1.4206149578094482,-2.0772860050201416,-5.957009315490723,-1.8331791162490845,-4.753247261047363,-7.203641891479492,-4.349120140075684,-2.698282480239868,-2.7399368286132812,-2.0125880241394043,-5.617407321929932,3.541121482849121,-3.1644034385681152
475f0d0b2,-4.1583967208862305,-4.893439292907715,-0.419333279132843,2.720712661743164,-4.617316246032715,-2.846752166748047,-0.6749399304389954,1.402953863143921,-7.268448829650879,-2.6646687984466553,-3.410041332244873,3.069488763809204,-2.417717456817627,-4.610658645629883,-1.2301788330078125,0.09423291683197021,-3.328646183013916,-2.151064395904541,-0.8796701431274414,-3.4569501876831055,0.8690603375434875,-4.37643575668335,-3.1043338775634766,-3.2399823665618896
47b44e368,-2.8439908027648926,-0.8000526428222656,-0.42965590953826904,2.786461591720581,-3.328216552734375,-1.9020447731018066,-5.175695419311523,-0.9707757234573364,-5.617219924926758,-4.402577877044678,-0.03351175785064697,-3.3976094722747803,1.2607994079589844,-2.4972352981567383,-2.391700029373169,-3.3488807678222656,-2.806828498840332,-3.3969998359680176,1.2405920028686523,-3.459821939468384,6.031439781188965,-2.3036375045776367,-0.9797980785369873,-2.662853479385376
47b84e8d7,-4.445842266082764,-3.803645610809326,-0.14918434619903564,-1.9745978116989136,-4.691477298736572,0.12303260713815689,-3.381621837615967,-0.1693011224269867,-5.711054801940918,-1.6546473503112793,1.2950923442840576,0.3768424987792969,-5.124053955078125,-3.401925563812256,-1.9850481748580933,-2.708909273147583,-4.278984069824219,-1.5663666725158691,-4.857481956481934,-3.1189560890197754,14.588554382324219,-6.020570278167725,-1.1464362144470215,-1.3087444305419922
47bfff5de,-4.693789005279541,-7.9666748046875,-7.004680633544922,3.037355422973633,-9.543498992919922,-4.515002727508545,-8.647018432617188,-4.965682029724121,-6.711118698120117,-5.18843936920166,-1.3541934490203857,-7.38051700592041,10.379291534423828,-4.927026271820068,-9.139158248901367,-5.030270576477051,-8.08211898803711,-8.653446197509766,-0.4790278971195221,-10.672213554382324,-10.516244888305664,-9.334123611450195,-3.3544442653656006,-5.20689582824707
47d3c2851,-4.104970932006836,-4.945399284362793,-0.7843254208564758,0.5458461046218872,-4.844459533691406,-1.4367434978485107,-0.30565178394317627,-2.1524791717529297,-5.844695091247559,-2.8613462448120117,-3.3649449348449707,-3.320671558380127,-3.2271595001220703,-4.758882999420166,-2.635432720184326,4.737557411193848,-3.568807601928711,-1.9925236701965332,-3.0499091148376465,-1.815065622329712,-1.1298091411590576,-4.509258270263672,-2.3943076133728027,-2.637023448944092
47e931bf1,-4.82229471206665,-3.744194984436035,-1.4298957586288452,0.38493144512176514,-6.081476211547852,-3.3098080158233643,-3.149319887161255,1.4294183254241943,-6.384065628051758,-3.1404166221618652,0.6878546476364136,5.707845687866211,-2.580594301223755,-3.874703884124756,-3.030085325241089,-3.540226936340332,-3.1533193588256836,-3.817729949951172,-1.905900239944458,-4.531843662261963,4.350129127502441,-4.55704927444458,-2.4942822456359863,-2.50337553024292
47f301ecc,0.14769355952739716,2.208828926086426,-2.0407965183258057,2.6709442138671875,-2.7710771560668945,-3.849027156829834,-6.07392692565918,-3.270784854888916,-4.100853443145752,-3.5523622035980225,-2.5216004848480225,-6.529720306396484,3.012087821960449,-0.771978497505188,-4.2534589767456055,-4.280161380767822,-2.608431339263916,-4.806629657745361,-1.670449137687683,-3.4361772537231445,-3.2840874195098877,-2.6295063495635986,-4.174922466278076,-0.6156159043312073
47f5519af,-3.6116702556610107,-3.4071125984191895,-3.8068671226501465,2.2610068321228027,-3.361175060272217,1.7239181995391846,-4.250791072845459,-3.1550114154815674,-2.194976329803467,-2.2868354320526123,-1.628971815109253,-3.1336593627929688,7.536516189575195,-0.4310492277145386,-4.121695518493652,-3.124506711959839,-5.433178901672363,-2.912419080734253,-0.7306690216064453,-4.542985439300537,-2.543595790863037,-4.232005596160889,-0.8967616558074951,-0.8676692247390747
47fff70ec,-3.3798813819885254,5.174737453460693,-7.30679178237915,2.4443085193634033,-0.9137598872184753,-3.7375080585479736,-6.089743614196777,-2.060305118560791,-2.312671422958374,-4.0698041915893555,-4.510934829711914,-6.584506034851074,-0.3639470338821411,0.33704960346221924,6.420803070068359,-3.5936038494110107,-2.7088780403137207,-4.696579456329346,-1.3698146343231201,-5.951145172119141,-6.01370906829834,1.8467226028442383,-3.85532546043396,-0.9224579334259033
48285e818,-2.7168636322021484,-1.5716595649719238,-2.2508459091186523,3.0949578285217285,-3.3145461082458496,0.7418277263641357,-3.074376106262207,2.4765195846557617,-4.067136764526367,-2.495460033416748,-1.6264381408691406,-1.6616336107254028,1.9007295370101929,-2.154979705810547,-2.093841552734375,-3.2427496910095215,-1.6954680681228638,-4.234947204589844,-0.43325668573379517,-5.018138885498047,-0.006549954414367676,-3.131178617477417,6.625732421875,-1.3018512725830078
483cd95f6,-3.082807779312134,-1.9539761543273926,8.405502319335938,2.7009599208831787,-1.799605369567871,-0.10931169241666794,-3.204836845397949,-1.9244729280471802,-4.063395023345947,-1.0006651878356934,-2.4693732261657715,-3.506103038787842,-3.3613195419311523,-2.0058839321136475,-2.771904468536377,-3.2212233543395996,-1.7717242240905762,-2.1025562286376953,-3.171967029571533,-4.484373092651367,5.3519697189331055,-2.5513243675231934,5.918810844421387,-1.7520629167556763
487fe1a0a,-1.2156939506530762,-3.3180689811706543,-6.114969253540039,3.915480136871338,5.5625691413879395,-5.498613357543945,-8.894611358642578,-5.393497467041016,-3.2964694499969482,-4.6985273361206055,-5.438535690307617,-9.057546615600586,7.883150100708008,-0.4523201584815979,-5.892899990081787,-5.282615661621094,-5.922320365905762,-8.580883026123047,3.1866140365600586,-11.207318305969238,-9.794286727905273,-2.565014362335205,-6.166809558868408,-0.854173481464386
488ce42a4,-7.218077182769775,-6.872825622558594,-2.934231758117676,-2.884255886077881,-3.061882734298706,-2.921459674835205,-5.754121780395508,-3.9345664978027344,-7.352360725402832,-3.111030340194702,-3.2127151489257812,-1.689056396484375,-4.149798393249512,-5.496567726135254,-2.8699111938476562,-4.625048637390137,-6.269029140472412,-3.7683753967285156,-3.620609760284424,-4.5197529792785645,-3.0289604663848877,-5.955132007598877,-5.156064033508301,-2.3892509937286377
48a94a63f,-4.705784797668457,-2.9266138076782227,-4.545899868011475,1.7877647876739502,0.0038098692893981934,-0.46497783064842224,-2.899282455444336,-3.5808427333831787,-3.8204104900360107,-2.077418565750122,-2.634040355682373,0.2829360067844391,-0.8352116942405701,-2.704986095428467,-2.9334187507629395,-3.605823278427124,-4.913274765014648,-3.758255958557129,-2.325413942337036,-3.100959062576294,-2.933659791946411,-2.8503875732421875,-0.14698275923728943,3.2356390953063965
48b151826,-2.088794231414795,-0.21298803389072418,-2.2183268070220947,1.9811599254608154,-1.2492022514343262,0.4796789884567261,-3.8921549320220947,-4.1969218254089355,0.9254547357559204,-2.4576005935668945,-2.4371280670166016,-3.648200035095215,4.111761093139648,-0.7333519458770752,-1.6446850299835205,-3.7019317150115967,-5.475017547607422,-2.242140531539917,1.0555040836334229,-0.8614274859428406,-1.21084725856781,-2.1107115745544434,-2.799177408218384,-0.19235697388648987
48cd2fc52,0.973902702331543,1.0760648250579834,0.3594127893447876,0.8750931024551392,-5.378976821899414,-3.3568038940429688,-2.884077548980713,-0.019312739372253418,-5.378484725952148,-0.7950356006622314,-3.237668037414551,-3.2422072887420654,-1.8077675104141235,-1.9612975120544434,-2.684492588043213,-2.1400163173675537,-0.6331473588943481,-1.2414658069610596,-2.1851985454559326,-3.435394525527954,-1.8022195100784302,-3.6611526012420654,-1.8626976013183594,-2.585510492324829
48d668602,-4.246363639831543,1.5631420612335205,-7.634271621704102,3.969940662384033,0.8042493462562561,-5.36577033996582,-9.0327730178833,-5.792231559753418,-3.279994010925293,-5.71337890625,-6.646388053894043,-8.377551078796387,-0.01926267147064209,-1.1877033710479736,6.007576942443848,-4.277416706085205,-4.180410385131836,-7.706496238708496,0.6849384307861328,-8.626373291015625,-4.989385604858398,2.0138344764709473,-5.653151512145996,-1.65652334690094
490e4119a,-6.426023483276367,-7.756915092468262,1.4977965354919434,-2.2343461513519287,-8.050701141357422,-0.9644569158554077,-3.427258014678955,2.0067245960235596,-9.210713386535645,-0.8220010995864868,-3.4518179893493652,-0.7024374604225159,-7.736300468444824,-6.421547889709473,-1.775219202041626,-2.958740711212158,-5.0642242431640625,1.8197405338287354,-5.249787330627441,-3.383943557739258,0.4651561975479126,-8.279163360595703,-5.398776531219482,-5.169840335845947
4913a3448,-3.241957426071167,4.0695648193359375,-3.197359561920166,2.806128978729248,-3.185932159423828,-1.4390901327133179,-3.9127955436706543,-1.9252369403839111,-5.125513553619385,-3.157944679260254,-3.6226048469543457,-5.574914932250977,1.0393553972244263,0.3552362024784088,-4.331695556640625,-3.4089484214782715,14.175346374511719,-1.816641926765442,-2.878328561782837,-3.234050750732422,-3.9249534606933594,-0.8763335943222046,-1.8798043727874756,-2.593132972717285
492b3dc52,-0.25399452447891235,0.4042201042175293,1.8277902603149414,-0.4346648156642914,-2.6651151180267334,-2.0923514366149902,-2.247735023498535,-1.1602331399917603,-5.200745582580566,4.413787841796875,-3.6050007343292236,-0.2770678997039795,-4.135799884796143,-2.1109046936035156,-2.8571462631225586,-0.8980504274368286,-4.229404449462891,2.1834468841552734,-1.9951716661453247,-2.147108316421509,15.475412368774414,-4.264904022216797,-2.5688424110412598,-0.08478100597858429
4938071c3,-3.1998560428619385,-3.717348575592041,-5.561667442321777,2.801893711090088,-1.8409652709960938,-0.42416754364967346,-5.780896186828613,-4.969559192657471,-2.0143542289733887,-3.765479803085327,-2.5766656398773193,-5.409801959991455,8.784721374511719,-1.2057714462280273,-4.151522636413574,-3.8548099994659424,-5.209361553192139,-6.456756591796875,2.171644926071167,-6.949138641357422,-5.775843620300293,-2.5970005989074707,-1.7682602405548096,-0.7062287330627441
496f64ad5,-3.6065354347229004,-1.9405325651168823,-1.053194522857666,2.503538131713867,-3.152467727661133,-3.386082410812378,-3.6345303058624268,-0.704562246799469,-5.148254871368408,-2.788440465927124,-2.3146846294403076,-2.6589629650115967,-0.8531825542449951,-1.5747729539871216,5.0640869140625,-0.3404010534286499,-3.8698487281799316,-1.2365217208862305,0.7872857451438904,-4.951480388641357,-1.9329965114593506,-2.5671534538269043,-4.048734664916992,-3.191448211669922
499aac6a0,7.099489212036133,-2.4767255783081055,-4.168636322021484,2.9076037406921387,-4.770605087280273,-4.8877787590026855,-8.396854400634766,-4.968844890594482,-4.403602123260498,-3.4124231338500977,-3.0054073333740234,-7.736321926116943,7.629097938537598,-3.130708694458008,-6.092196464538574,-5.582879066467285,-5.434646129608154,-7.161212921142578,2.6731932163238525,-8.348106384277344,-7.578981876373291,-6.0392608642578125,-5.938657283782959,-3.362313985824585
49ad4da37,-1.7019833326339722,-1.87025785446167,-1.452927827835083,1.8832287788391113,3.4297261238098145,-1.2553287744522095,-4.461632251739502,-1.3464534282684326,-1.7318452596664429,-1.2993404865264893,-1.4418902397155762,-3.6030256748199463,3.8105897903442383,-0.9829372763633728,-4.023138046264648,-3.2633323669433594,-3.0477280616760254,-3.161893844604492,-0.7939841747283936,-5.253376483917236,-3.7599568367004395,0.1296900510787964,-2.750117063522339,-1.1648708581924438
49c9308c6,-3.0541672706604004,-2.264172077178955,-0.14343148469924927,1.46012544631958,-5.608979225158691,-3.0527663230895996,-3.500643253326416,2.9047610759735107,-6.111824989318848,-2.032330274581909,-1.694274663925171,3.4638781547546387,-1.3180453777313232,-2.865950107574463,-0.5883733034133911,-0.5225037932395935,-2.6400630474090576,-1.712296485900879,-1.5860929489135742,-4.170122146606445,5.624716758728027,-3.7022652626037598,-1.359339952468872,-3.2607834339141846
49e9404e8,-1.010992169380188,2.782395362854004,-5.283350467681885,2.266110897064209,-2.0202677249908447,-4.274748802185059,-5.758389949798584,2.345897674560547,-3.2931289672851562,-2.35036563873291,-4.815967559814453,-5.313043594360352,2.8651785850524902,-1.1606628894805908,3.4061954021453857,-1.0481024980545044,-0.5102682709693909,-4.620970726013184,-0.3218271732330322,-5.804361343383789,-2.3144030570983887,1.815351963043213,-2.7827134132385254,-2.3068504333496094
4a037fc29,-3.1522393226623535,-4.809881210327148,-0.5176138281822205,2.0220916271209717,-3.3400793075561523,-3.8333373069763184,2.8334908485412598,-2.189598560333252,-5.509546756744385,-1.2291806936264038,-3.204681634902954,-3.8251709938049316,3.13618540763855,-3.1259377002716064,-5.568835258483887,0.5035014152526855,-3.530118942260742,-0.2396356761455536,-2.6581125259399414,-3.0696582794189453,-2.9303131103515625,-4.383512496948242,-3.358138084411621,-1.2587254047393799
4a0e4eda5,-5.977486610412598,-6.986481666564941,0.327813059091568,-2.587244987487793,-6.2197794914245605,-0.12343853712081909,-1.7337414026260376,-0.2505483031272888,-7.065334320068359,1.9483587741851807,-2.201864719390869,0.601630687713623,-6.484156131744385,-5.716399192810059,-3.440342426300049,-3.295462131500244,-5.09785795211792,7.4914326667785645,-5.536924362182617,-1.0363341569900513,5.475522994995117,-7.302809238433838,-3.978877544403076,-3.930751085281372
4a114a045,-4.56069278717041,-5.759131908416748,-0.663174033164978,-1.9426430463790894,-7.557690143585205,-3.755795478820801,-2.012808322906494,1.2877912521362305,-7.708939075469971,-3.3073878288269043,0.34732329845428467,5.606574058532715,-4.6105194091796875,-4.0209550857543945,-3.5674548149108887,-3.6021106243133545,-4.639051914215088,-0.9545361995697021,-3.9851667881011963,-4.373857498168945,6.735288143157959,-6.7749104499816895,-3.9708762168884277,-5.016903877258301
4a11d338b,-3.6015679836273193,-5.081210136413574,-5.419208526611328,2.409017324447632,-0.6316562294960022,-2.415534496307373,-5.698330402374268,-6.419436931610107,-2.59142804145813,-5.2866668701171875,-2.061751365661621,-4.571633338928223,8.51400375366211,-1.6154781579971313,-6.058564186096191,-4.691311836242676,-5.524253845214844,-6.287701606750488,0.23386621475219727,-5.992771625518799,-1.9177778959274292,-3.4781670570373535,-1.524261236190796,-0.4120667576789856
4a1d4e88e,-6.635443687438965,-8.072442054748535,-0.8676687479019165,-4.831432819366455,-7.543832302093506,-1.064328908920288,2.9459352493286133,-3.181190252304077,-7.286560535430908,0.20902085304260254,-2.141247510910034,0.2817871570587158,-5.702743053436279,-5.716810703277588,-3.5657548904418945,-5.105393886566162,-5.882420539855957,0.45177972316741943,-5.859362602233887,-3.534593105316162,5.23853063583374,-7.782387733459473,-5.566403388977051,-4.646901607513428
4a3915b12,-3.7162415981292725,-0.9544041752815247,-6.224488258361816,2.1192805767059326,-3.029883861541748,-3.6668717861175537,-5.3430023193359375,-0.724026083946228,-3.170426607131958,-4.674530982971191,-4.5442047119140625,-5.354419231414795,-0.5490813255310059,-2.5843117237091064,6.246704578399658,0.10345745086669922,-3.9821019172668457,-3.718173027038574,-2.214242696762085,-6.378753662109375,-3.476146697998047,-0.7563458681106567,-2.4655346870422363,-1.2858574390411377
4a5bb080e,-1.2230594158172607,-0.7363783717155457,-0.991849422454834,-1.923499345779419,-2.184662342071533,3.326293706893921,-3.631458282470703,-3.5305240154266357,-3.2261343002319336,-1.8503941297531128,-3.0491557121276855,-2.0338354110717773,-3.077569007873535,-0.8974552154541016,-3.186689615249634,-3.6793510913848877,-4.07015323638916,-1.2353839874267578,-2.8702070713043213,-0.7766479253768921,1.1582297086715698,-3.4740920066833496,-1.8349204063415527,0.8906108140945435
4a8be14c7,-5.503301620483398,-5.230264186859131,-3.5943048000335693,3.016536235809326,0.015392601490020752,-3.872631549835205,-6.126499652862549,-4.462913513183594,-5.966916084289551,-2.9871649742126465,-3.4228134155273438,-4.480600357055664,4.219956398010254,-3.3029677867889404,-4.594696044921875,-5.257789611816406,-6.730404853820801,-5.904359817504883,1.6179358959197998,-6.990922927856445,-6.613036155700684,-2.346961259841919,-5.76711368560791,-3.7375261783599854
4aa325fed,-5.849201679229736,-7.287868976593018,-4.764712333679199,2.423581123352051,-4.7790985107421875,-3.9625978469848633,-7.313145160675049,-5.962899208068848,-5.581604957580566,-4.263514518737793,-3.658097982406616,-4.212111473083496,6.531689643859863,-4.430785179138184,-5.20591926574707,-3.971730947494507,-7.094089031219482,-8.0079927444458,1.2834123373031616,-5.206584930419922,-6.780116081237793,-5.4098711013793945,-4.391998291015625,-3.556034564971924
4aa5b1f82,0.5401591658592224,3.0163321495056152,-2.1247169971466064,3.474663496017456,-1.90915048122406,-1.2696104049682617,-5.015380859375,-1.8981497287750244,-2.7392282485961914,-2.3213298320770264,-2.462641954421997,-5.238960266113281,0.3049440383911133,-0.4577389657497406,-3.0471317768096924,-2.797292709350586,0.9864339232444763,-3.7163033485412598,-2.1066792011260986,-4.267514228820801,-3.9556972980499268,0.25002503395080566,-0.7325007915496826,-0.7058390378952026
4ada8655d,-3.7813196182250977,-4.256582260131836,-1.212712287902832,1.8385686874389648,-4.124099254608154,-1.2436226606369019,-1.574880838394165,-1.185685396194458,-4.929058074951172,-1.2439590692520142,-3.560333728790283,-1.1236201524734497,-3.4110193252563477,-4.729333877563477,-2.5202746391296387,1.523453712463379,-3.013901710510254,-1.1998839378356934,-2.905892848968506,-3.68212628364563,-1.1028755903244019,-3.9486989974975586,-2.617708683013916,-0.30132099986076355
4b09fdb25,6.792823314666748,-3.4369125366210938,-5.364870071411133,1.7211744785308838,-1.7370057106018066,-5.298061370849609,-7.37589168548584,-6.476369857788086,5.368160247802734,-3.574906349182129,-4.365631580352783,-7.428321838378906,3.944546699523926,-3.0006213188171387,-3.2647576332092285,-4.846580505371094,-5.633562088012695,-6.022042274475098,3.7634613513946533,-7.2957234382629395,-3.797053337097168,-4.258302211761475,-5.30267858505249,-1.1531261205673218
4b3082d1b,-2.1624526977539062,-0.22591611742973328,-5.0265350341796875,2.362926959991455,0.32755380868911743,-2.414377450942993,-4.695643424987793,-2.0121512413024902,-3.237204074859619,-3.5794503688812256,-4.391336441040039,-3.693938732147217,0.09380629658699036,-2.0603299140930176,4.819969654083252,-3.864809036254883,-3.859315872192383,-4.776546001434326,2.073843479156494,-6.144519805908203,0.6441621780395508,-0.3623639941215515,-2.421649932861328,2.6919355392456055
4b414fd6c,-2.675340414047241,1.3945540189743042,-5.097472667694092,3.7957723140716553,7.169708251953125,-4.0499267578125,-6.256176948547363,-5.683401107788086,-0.7533179521560669,-1.6526890993118286,-5.084037780761719,-5.288730621337891,1.5727274417877197,2.533237934112549,-0.48691660165786743,-3.9110546112060547,-2.0556931495666504,-4.485500812530518,0.8809973001480103,-7.090784549713135,-7.382584571838379,6.148900508880615,-3.5512843132019043,0.7228748202323914
4b468fc98,-4.495988845825195,-5.092325210571289,-6.878113746643066,3.2437520027160645,6.2467498779296875,-1.4180772304534912,-6.564949035644531,-5.711015701293945,-4.1527099609375,-2.7502245903015137,-2.7091469764709473,-2.372032880783081,4.45307731628418,-0.7993938326835632,-4.3468403816223145,-5.482632637023926,-6.647844314575195,-6.827713966369629,0.42345720529556274,-4.772340774536133,-6.593273639678955,-2.602604866027832,-1.5830466747283936,0.9314357042312622
4b502b199,-8.826647758483887,-9.724485397338867,-2.912029266357422,-6.070404052734375,-5.138583183288574,-2.4150633811950684,-6.580528259277344,-6.647977828979492,-7.3457746505737305,-3.955639123916626,-3.406989574432373,0.5106704831123352,-4.158657550811768,-7.270934581756592,-5.394455909729004,-6.809893608093262,-9.137248992919922,-5.785185813903809,-5.785722732543945,-3.7438483238220215,4.142422676086426,-7.000850677490234,-0.9694336652755737,-3.8073432445526123
4b7939a9b,-4.358371734619141,-3.177525043487549,-4.167466163635254,1.925726056098938,-4.320694923400879,-3.990647792816162,-1.2065372467041016,-2.833979606628418,-4.850259780883789,-1.330195426940918,-3.1039509773254395,-5.019580841064453,-0.3481336832046509,-3.0900442600250244,-4.852713108062744,-3.5551974773406982,25.433311462402344,0.8179522752761841,-3.430974245071411,-3.1077780723571777,-6.009309768676758,-3.911317825317383,-3.5533549785614014,-2.9904086589813232
4b99e28b2,3.041877269744873,7.174783706665039,-1.5806684494018555,3.8812949657440186,-2.32730770111084,-4.04869270324707,-5.309596061706543,-4.547531604766846,-3.9264657497406006,-1.964771032333374,-4.909527778625488,-7.442319393157959,0.7383778095245361,1.0438361167907715,-3.79072642326355,-3.768994092941284,-2.1748197078704834,-5.113090515136719,0.6817728281021118,-4.456843376159668,-4.454422950744629,-0.40373313426971436,-4.9263529777526855,-1.9938551187515259
4bf4d09ae,-3.036088466644287,5.552022933959961,-2.8509230613708496,1.9618127346038818,-3.9296622276306152,-4.506439208984375,-6.350570201873779,-2.670572519302368,-6.078900337219238,-3.780290126800537,-4.761226654052734,-7.031120300292969,-1.2799081802368164,-1.548358678817749,-1.461930274963379,-3.872310161590576,1.6048524379730225,-5.103477478027344,-1.9123543500900269,-5.133603096008301,-4.18795108795166,-1.015925645828247,-4.052682876586914,-2.6679420471191406
4c3426dcc,-4.5552077293396,-4.516895771026611,2.5841660499572754,1.2790734767913818,-5.612907409667969,-1.901001214981079,-3.482495069503784,-0.5311356782913208,-6.104746341705322,-0.7576776146888733,-2.9680042266845703,-1.1896613836288452,0.2095019519329071,-4.825212001800537,-3.8853604793548584,-3.4216411113739014,-4.709169387817383,-0.9603747129440308,-2.9373109340667725,-4.262076377868652,6.979976654052734,-5.580881118774414,-1.861087441444397,-2.6172471046447754
4c5edb35f,-5.9007978439331055,-6.6392621994018555,-0.11111968755722046,-0.9861036539077759,-7.7781453132629395,-2.9784789085388184,-1.3236939907073975,-0.35765910148620605,-7.814704895019531,-2.3786654472351074,-3.7229347229003906,0.748433530330658,-5.606919765472412,-4.956724166870117,-3.0004520416259766,-2.711643934249878,-6.0518293380737305,1.217444658279419,-5.8589067459106445,-4.273040771484375,12.042394638061523,-7.93129825592041,-4.999354839324951,-5.988853454589844
4c7fa442c,-5.867071151733398,-7.676633834838867,1.3150837421417236,-2.1885175704956055,-6.9021100997924805,-1.6616579294204712,-3.4553914070129395,0.40967369079589844,-8.0889253616333,-1.366716980934143,-4.176980972290039,-2.089637279510498,-6.813158988952637,-5.359196662902832,-1.8485740423202515,1.6308743953704834,-6.071041107177734,-0.7401053309440613,-5.775928497314453,-3.859002113342285,2.075589179992676,-7.967714309692383,-3.4431347846984863,-4.764697551727295
4c875b787,-3.4653818607330322,-3.861729860305786,0.30987074971199036,1.7234658002853394,-5.55239200592041,-2.2630796432495117,-2.040449857711792,-0.8801400661468506,-6.213286399841309,-2.0188446044921875,-4.020657539367676,-3.6081020832061768,-2.3003759384155273,-4.580412864685059,-1.544818639755249,0.9542268514633179,-3.9954171180725098,0.005949974060058594,-2.37962007522583,-4.108086585998535,-0.7860989570617676,-5.182509899139404,-4.297364234924316,-2.7173213958740234
4c980657a,-2.286501169204712,-0.8822405338287354,-4.238420009613037,2.0708601474761963,-2.9592041969299316,-2.555077314376831,-5.199168682098389,-2.0751426219940186,-4.907013893127441,-3.678647041320801,-3.4091317653656006,-5.241075038909912,-2.121544599533081,-3.0125913619995117,4.176026821136475,-3.0565497875213623,-2.5196638107299805,-4.3679518699646,-0.12171292304992676,-5.043761253356934,7.465696334838867,-2.263345718383789,1.1961865425109863,-0.2733350694179535
4cad242d2,-2.0442752838134766,-1.4415369033813477,-0.12987841665744781,1.6234867572784424,-3.0431840419769287,-1.5943564176559448,-4.364528179168701,-3.2940378189086914,-5.289474010467529,-2.6235432624816895,-3.5071334838867188,-2.650796890258789,0.18784958124160767,-1.6213409900665283,-2.8917653560638428,-3.7654881477355957,-4.79733943939209,-2.034517288208008,-2.013256072998047,1.2792942523956299,-2.2550759315490723,-3.889462471008301,-5.08454704284668,-2.0121726989746094
4cb83a45f,-4.73689079284668,-5.033967018127441,-1.1919069290161133,0.46572405099868774,-5.655765533447266,-1.2309235334396362,-2.799222469329834,2.733020544052124,-6.29384708404541,0.5526794791221619,-1.366865634918213,6.251459121704102,-4.816141128540039,-3.758780002593994,-2.900540351867676,-2.904569149017334,-4.909820079803467,4.727596282958984,-3.3930954933166504,-3.641984462738037,4.066870212554932,-6.031546592712402,-3.6049211025238037,-3.032345771789551
4cbd62be3,-3.227931261062622,-3.1862361431121826,1.6385648250579834,-0.06936371326446533,-5.979983329772949,-2.2528576850891113,-2.895109176635742,-0.05675903707742691,-6.677382469177246,-2.124145984649658,-4.287602424621582,-2.254767894744873,-5.459375381469727,-4.358854293823242,-2.3085567951202393,-3.1878204345703125,-3.6824324131011963,-1.9461278915405273,-4.2908148765563965,-3.241245746612549,13.378267288208008,-6.176139831542969,-4.410717487335205,-3.4850211143493652
4cf4dc8e3,-1.151488184928894,0.48926541209220886,-5.910024166107178,3.2100024223327637,5.519903659820557,-3.6559205055236816,-6.798269271850586,-4.808533191680908,-2.3316309452056885,-3.8567748069763184,-4.912291526794434,-7.43650484085083,4.92488956451416,1.919074535369873,-3.934375286102295,-3.869004726409912,-3.1710939407348633,-5.88719367980957,2.571408271789551,-6.856069564819336,-7.88853645324707,0.014784008264541626,-3.44519305229187,0.2907869219779968
4d146bc95,-1.9512858390808105,-4.148451328277588,0.43061918020248413,-0.9930172562599182,-5.8186564445495605,-2.3205995559692383,-4.054814338684082,-3.930711030960083,-6.33789587020874,-1.4705166816711426,-4.1207451820373535,-2.8323779106140137,-3.4627771377563477,-4.247668743133545,-4.687033653259277,-4.35450553894043,-5.214569091796875,-1.875158667564392,-3.0242083072662354,-1.8852555751800537,8.826079368591309,-5.047731876373291,-5.532541275024414,-0.8737834095954895
4d1b0db48,-0.846947431564331,6.743010520935059,-6.842446804046631,4.198944091796875,-1.8068013191223145,-4.866405487060547,-4.391286849975586,-4.664376258850098,-3.3981337547302246,-3.3168210983276367,-4.810940742492676,-7.900301933288574,1.8439545631408691,0.05716222524642944,-5.302774429321289,-4.863775253295898,13.665587425231934,-2.0057578086853027,-2.2257461547851562,-5.4262237548828125,-8.111305236816406,0.5651336312294006,-4.043618202209473,-1.8368103504180908
4d2d010a6,-4.005796909332275,-5.2600016593933105,-6.33665657043457,3.7097909450531006,-4.3566083908081055,-5.107634544372559,-9.65325927734375,-5.902992248535156,-6.1419267654418945,-4.735811710357666,-4.563377857208252,-9.463173866271973,7.577409744262695,-3.036095380783081,-6.3612518310546875,-5.912752151489258,-7.5772929191589355,-9.38650131225586,3.083977460861206,-11.615577697753906,-11.289091110229492,-5.094756126403809,-6.237845420837402,-3.7091822624206543
4d5bbcbfd,-1.5855257511138916,-3.7219300270080566,-3.0127406120300293,2.6612775325775146,-0.8176243901252747,-2.7730467319488525,-3.1301798820495605,-0.9794967174530029,-3.9703335762023926,2.8291525840759277,-3.783290147781372,-3.086632490158081,1.4425857067108154,-2.4347591400146484,-1.0209078788757324,1.0743420124053955,-3.8226776123046875,-0.18643933534622192,1.3180372714996338,-5.386622428894043,1.5071494579315186,-3.729623317718506,-3.0613322257995605,-1.1626007556915283
4d80f1b11,-4.31331205368042,2.4501724243164062,-6.192968368530273,3.6803834438323975,0.002462834119796753,-4.466330051422119,-6.315293312072754,-3.9634008407592773,-2.7494966983795166,-4.680760383605957,-5.843562126159668,-6.492362976074219,1.212430715560913,-0.7411082983016968,4.321045875549316,-3.8203938007354736,-3.129635810852051,-6.373699188232422,0.16403089463710785,-5.98550271987915,-3.8075969219207764,1.4096192121505737,-5.000868320465088,-1.225479006767273
4d8a025e4,-3.2244720458984375,-1.8007131814956665,-0.49912455677986145,2.5427517890930176,-2.224608898162842,-2.9217581748962402,-3.522836685180664,0.429801344871521,-4.433159828186035,-2.5565667152404785,-2.5373260974884033,-2.2293665409088135,2.538374423980713,-2.0565524101257324,-2.976388692855835,3.090003252029419,-3.5170204639434814,-0.9560661911964417,0.5787713527679443,-4.414679050445557,-1.5885660648345947,-0.9302424192428589,1.1101468801498413,-1.7699031829833984
4d8b8e447,-4.359841346740723,-7.686645984649658,0.023490458726882935,0.8440374135971069,-6.333151340484619,-3.4740657806396484,-5.073159694671631,0.387432336807251,-8.206636428833008,-3.2661609649658203,-4.949890613555908,-2.029521942138672,-1.999791145324707,-6.589113235473633,-2.6388397216796875,-4.094707489013672,-5.811798095703125,-4.141304016113281,-1.4968712329864502,-5.020350933074951,-2.036172389984131,-5.85434627532959,-4.873439788818359,-4.590798377990723
4dab7201c,-4.77354621887207,-6.382199287414551,-1.4916257858276367,2.778345823287964,-6.28011417388916,-1.579697608947754,-3.2290916442871094,-2.910007953643799,-5.9664411544799805,-2.9390625953674316,-2.861072063446045,-3.625448226928711,5.6802239418029785,-3.7684640884399414,-4.133174419403076,0.12044119834899902,-6.5306172370910645,-2.4993724822998047,-0.5460397005081177,-3.373189687728882,2.3786892890930176,-6.0250396728515625,-4.282985210418701,-3.850952625274658
4dba0df2a,2.8657360076904297,-2.272862434387207,2.72586989402771,2.134516954421997,-6.324880599975586,-2.5849437713623047,-3.7026426792144775,-5.8191304206848145,-4.624510765075684,-2.158146381378174,-3.5841546058654785,-2.5936856269836426,-2.9540538787841797,-2.880247116088867,-6.377699375152588,-4.793834686279297,-4.258028507232666,-1.0359852313995361,-1.6317778825759888,-1.123623013496399,1.9023215770721436,-6.336979866027832,-6.136118412017822,-4.1317009925842285
4dc072cc0,3.2897720336914062,-0.6049352884292603,-1.994660496711731,1.4565283060073853,-0.5498712062835693,-2.3208837509155273,-5.848172187805176,-4.187750339508057,-1.6581929922103882,3.43198823928833,-4.13710880279541,-4.963541507720947,2.9526267051696777,-1.0770595073699951,-2.0505449771881104,-4.074373245239258,-4.968064308166504,-2.32582426071167,1.9781246185302734,-3.7786459922790527,6.221621513366699,-2.6673669815063477,-4.549167633056641,-2.35728120803833
4dcf0be4a,4.110700607299805,-2.0921523571014404,-4.415306091308594,3.6374146938323975,-3.2193474769592285,-5.432921409606934,-8.048748016357422,-4.018005847930908,-3.663412570953369,-3.4524574279785156,-5.236701011657715,-7.4603118896484375,4.428380012512207,-2.503817081451416,-3.0207431316375732,-3.227586269378662,-4.003672122955322,-6.756518363952637,2.151073455810547,-8.483671188354492,-7.1424455642700195,-3.3729512691497803,-4.846433162689209,-1.8998055458068848
4dcfcf9c1,-5.135587692260742,-5.848034858703613,-5.5660810470581055,3.5358388423919678,-4.133382797241211,-5.224361896514893,-9.701501846313477,-6.41224479675293,-6.112746238708496,-5.427133560180664,-5.154664993286133,-8.311598777770996,7.092861175537109,-3.559248447418213,-6.493274688720703,-6.200979232788086,-8.261663436889648,-9.589715957641602,1.7576403617858887,-11.394132614135742,-10.065287590026855,-5.383027076721191,-7.110818862915039,-4.978652000427246
4de2b6553,-4.575214385986328,-4.986718654632568,-2.70701003074646,3.5469841957092285,-2.9738664627075195,-4.18452262878418,-6.746232509613037,-5.295827865600586,-6.527705192565918,-2.3214118480682373,-4.566567897796631,-6.023075103759766,6.236082077026367,-3.2412290573120117,-3.67134952545166,-5.804880142211914,-7.605251312255859,-7.113969802856445,1.8124606609344482,-10.27507209777832,-8.187381744384766,-5.397472858428955,-6.759106636047363,-4.1902055740356445
4de9319a3,-2.444584846496582,-1.459794521331787,-0.579572319984436,1.442685604095459,-3.6241021156311035,-2.597179889678955,-3.8115415573120117,-2.1111578941345215,-3.993900775909424,0.12562662363052368,-2.12637996673584,-0.5124925374984741,2.803891658782959,1.688204288482666,-4.277998447418213,-3.6673471927642822,-4.311150550842285,1.333030104637146,-1.0086276531219482,-3.1069154739379883,3.6875710487365723,-3.2796528339385986,-3.3916754722595215,-2.21380352973938
4e025b553,-4.597201347351074,-2.572956085205078,-2.330034017562866,3.131577253341675,-2.6859443187713623,-2.0728912353515625,-3.4468483924865723,-2.0595638751983643,-5.570601463317871,-3.8053581714630127,-4.282319068908691,-4.437706470489502,-2.111910820007324,-3.2092103958129883,5.418062210083008,-2.8242292404174805,-5.42946195602417,-0.8142290115356445,-0.043040379881858826,-3.507619857788086,-1.0380451679229736,-2.5262794494628906,-4.771544456481934,-2.0680198669433594
4e0cc2172,-5.471279144287109,-3.2948055267333984,-8.685428619384766,2.917508125305176,-2.3149900436401367,-5.1901750564575195,-8.033832550048828,-2.660858631134033,-5.478806495666504,-6.1435370445251465,-5.791676998138428,-8.11085319519043,-2.302271604537964,-4.582271575927734,9.702922821044922,-5.964622497558594,-7.4039459228515625,-6.442276954650879,0.20724746584892273,-10.830533027648926,-7.499622821807861,-0.8589978814125061,-6.510844707489014,-3.523601531982422
4e68c47b0,-1.7337360382080078,2.2666749954223633,-2.1940760612487793,3.361229658126831,-1.6298787593841553,-2.9440627098083496,-5.744537353515625,-4.913961887359619,-3.59266996383667,-2.735030174255371,-2.950761079788208,-5.274537563323975,2.25658917427063,-1.0989134311676025,-4.26458740234375,-4.257750511169434,-2.734590530395508,-3.50307035446167,-1.1706109046936035,-3.679410457611084,5.019121170043945,-0.9379978775978088,-2.9965271949768066,-2.381925344467163
4e6d1a9ed,-6.023098468780518,-5.55800724029541,-1.1445770263671875,-2.2923169136047363,-5.620689392089844,-1.594190239906311,-4.90415096282959,-1.9717235565185547,-6.38327693939209,-2.597714424133301,-2.2354073524475098,-0.33949369192123413,-4.29482364654541,-5.0057477951049805,-3.7819666862487793,-4.906972408294678,-5.550220012664795,-3.7399039268493652,-3.817577838897705,-2.6081995964050293,0.45843446254730225,-5.1719465255737305,-4.157100677490234,-3.332306146621704
4e82fe1fe,-3.8633780479431152,-6.400838851928711,-9.427314758300781,2.9863734245300293,-3.725825309753418,-3.436896324157715,-9.257094383239746,-5.802271842956543,-4.780097007751465,-5.172010898590088,-2.820590019226074,-6.232141494750977,10.584086418151855,-3.2576639652252197,-6.566090106964111,-5.605454444885254,-7.565462112426758,-10.361260414123535,2.788679599761963,-11.532398223876953,-10.701780319213867,-4.2635602951049805,-3.0010924339294434,-1.5695303678512573
4ea911070,-3.6803972721099854,0.3124583959579468,-3.795684814453125,3.6541481018066406,0.595177948474884,0.4082314670085907,-2.00951886177063,-3.3100037574768066,-1.7604212760925293,-2.1887078285217285,-1.2003411054611206,-0.9639164209365845,2.0058884620666504,-0.25073063373565674,-3.3364663124084473,-1.911350965499878,-2.8074951171875,-0.018168330192565918,1.0979801416397095,3.515131711959839,-1.2974910736083984,0.7081588506698608,0.517231822013855,1.4677493572235107
4eecb971e,-3.640777349472046,-0.36701151728630066,-0.3199191093444824,1.9774892330169678,-3.9429965019226074,-2.3540492057800293,-4.81755256652832,-0.8292308449745178,-5.3837738037109375,-3.1288843154907227,-2.700474262237549,-1.3242994546890259,-2.0017037391662598,-1.8195834159851074,-2.2412045001983643,-2.8541488647460938,-2.3913497924804688,-3.3905045986175537,-0.41431063413619995,-1.1501610279083252,0.4034552574157715,-2.020972967147827,-2.8112637996673584,-2.2395741939544678
4f06a9e71,-3.233607769012451,-2.148066520690918,-3.3406336307525635,3.8902387619018555,-5.56430721282959,-4.128264427185059,-7.4157514572143555,-3.548086166381836,-5.8434343338012695,-3.003473997116089,-4.136934757232666,-7.421868324279785,6.096064567565918,-3.1209871768951416,-2.410417079925537,-3.6936593055725098,-5.003259658813477,-5.2317585945129395,1.398613452911377,-7.478879928588867,-7.908037185668945,-4.244823455810547,-4.798436641693115,-3.9261608123779297
4f22b87c5,-0.8176357746124268,-2.7758514881134033,-0.18425464630126953,-0.6861496567726135,-2.926323890686035,0.1762162148952484,-3.29264497756958,-3.0542383193969727,-3.088690996170044,0.8738314509391785,-2.7311973571777344,-1.0555288791656494,-3.647752523422241,-2.7342238426208496,-4.192105293273926,-2.2858216762542725,-3.6034371852874756,-0.6419026255607605,-3.099008083343506,-0.42373400926589966,4.624823570251465,-4.007153511047363,-2.9388387203216553,0.5214290618896484
4f4b5de86,-4.744393825531006,-5.154448986053467,0.5223376750946045,-2.231008768081665,-3.1632943153381348,-1.3650691509246826,-2.017442226409912,-2.2362887859344482,-6.882988452911377,-2.156548023223877,-3.759866714477539,-1.6000491380691528,-5.655705451965332,-4.62631893157959,-2.7655842304229736,-3.277377128601074,-3.869473934173584,-3.1527352333068848,-5.353513717651367,-3.628201723098755,-0.6034754514694214,-5.545731067657471,2.961261034011841,1.1478995084762573
4f6ee7ced,-4.986920356750488,-5.374329566955566,2.4380311965942383,-2.010409355163574,-6.9867048263549805,-2.7590794563293457,-1.3605048656463623,-0.832707405090332,-7.837917804718018,-1.9663825035095215,-3.1701037883758545,-0.8525255918502808,-5.261003494262695,-5.419058799743652,-3.3458988666534424,-2.36861515045166,-3.8795063495635986,-0.6826072335243225,-4.804901123046875,-3.1749091148376465,1.3453367948532104,-6.713493347167969,-4.329623699188232,-4.31528377532959
4f8e76174,-5.919649124145508,-8.278038024902344,-8.374809265136719,2.4536046981811523,-11.179120063781738,-4.389215469360352,-9.177734375,-4.58278751373291,-7.200055122375488,-5.216666221618652,-1.2443785667419434,-6.6261749267578125,11.65904712677002,-5.851129055023193,-9.302979469299316,-5.7874016761779785,-8.763450622558594,-9.318220138549805,-0.17218570411205292,-11.136972427368164,-10.570989608764648,-9.972114562988281,-3.8351454734802246,-4.994311809539795
4fb5da14d,-4.407548904418945,-5.055910110473633,-5.246777534484863,2.624349594116211,-5.256420612335205,-4.56440544128418,-7.802311897277832,-5.098397731781006,-5.3322038650512695,-4.864990234375,-1.6051172018051147,-5.580977916717529,8.790291786193848,-2.4927940368652344,-8.367928504943848,-4.76658821105957,-6.252418518066406,-7.477437973022461,0.41983646154403687,-9.391341209411621,-9.722270965576172,-5.124594211578369,-3.1762635707855225,-3.096797227859497
4fdc94a87,3.482072114944458,-3.6492362022399902,-4.441107749938965,2.6456780433654785,-5.215278148651123,-4.782073020935059,-6.853764533996582,-3.6300559043884277,-4.723116874694824,-4.258543968200684,-2.3298730850219727,-3.882005214691162,6.9944024085998535,-3.2874093055725098,-5.555893898010254,-4.892413139343262,-5.152299404144287,-7.584489345550537,1.5679550170898438,-6.451041221618652,-7.512690544128418,-6.243725299835205,-4.983537673950195,-1.708554744720459
4ff5c37b7,-5.959652900695801,-5.539646625518799,-1.7019984722137451,-3.8328304290771484,-8.053340911865234,-3.8601186275482178,-2.401343822479248,1.191236138343811,-8.0731201171875,-4.474699020385742,0.3181022107601166,8.110542297363281,-3.9890780448913574,-3.7587947845458984,-7.422197341918945,-5.3244476318359375,-4.969204425811768,-3.981905460357666,-5.307744026184082,-4.083048343658447,10.157417297363281,-7.207530975341797,-4.3754987716674805,-4.651524066925049
4ffefd1aa,-4.4289398193359375,-0.5670548677444458,-1.8758363723754883,1.7701478004455566,-1.98035728931427,-2.199141502380371,-4.537146091461182,-3.683380126953125,-1.5657860040664673,-3.6119768619537354,-2.911708116531372,-0.8848402500152588,-2.9616856575012207,-2.6218819618225098,0.1361830234527588,-3.071110486984253,-3.3207297325134277,-3.1196184158325195,-1.060682773590088,0.7759816646575928,0.12052011489868164,0.23082971572875977,-4.10174036026001,-0.8121401071548462
5012f0b4f,-3.2112135887145996,-5.647807598114014,0.9121015071868896,-0.8951563835144043,-5.1195783615112305,-2.183373212814331,-4.819631576538086,-4.526534080505371,-7.27473258972168,-2.7431135177612305,-4.726871013641357,-2.2856717109680176,-4.711297988891602,-5.694189071655273,-4.150778293609619,-5.525406360626221,-6.7013139724731445,-3.6140024662017822,-2.6866865158081055,-4.06131649017334,-2.235924482345581,-5.21705436706543,-6.289816856384277,-4.623208045959473
501e91887,-3.716841697692871,-5.0930328369140625,-2.0597362518310547,-0.9631263613700867,-4.12117862701416,-1.3509225845336914,-3.382014751434326,-2.015742063522339,-4.467165946960449,5.159947395324707,-2.8380439281463623,0.7952197194099426,-3.621063709259033,-3.9236578941345215,-4.21657657623291,-4.437128067016602,-5.402154445648193,4.035928249359131,-3.327289581298828,-1.298757553100586,4.697783470153809,-4.9492692947387695,-4.351994037628174,-2.4713242053985596
503683ee6,-5.250067710876465,-4.975586414337158,-0.5267025232315063,-1.196105718612671,-5.512320518493652,-2.514397621154785,-4.811230182647705,-1.7765041589736938,-7.2577972412109375,-4.3389763832092285,-4.975033283233643,-5.134743690490723,-5.142430782318115,-4.208458423614502,3.515782356262207,-4.662146091461182,-5.195460796356201,-1.9999077320098877,-3.4224045276641846,-4.193291187286377,9.195389747619629,-5.681934356689453,-4.963104248046875,-6.036069393157959
50b6ac32f,-0.9287033081054688,-3.505829334259033,-5.625028610229492,3.140228271484375,-1.7275545597076416,-2.649404287338257,-4.733990669250488,-3.799560070037842,-3.42482328414917,-3.7058587074279785,-3.5994298458099365,-5.134385108947754,5.421745777130127,-3.1619162559509277,-3.4495058059692383,-2.636223316192627,-4.742520332336426,-5.622974395751953,2.030620813369751,-6.70750093460083,-6.696100234985352,-3.454580783843994,-2.359529495239258,1.9854698181152344
50c1bca03,-2.1663646697998047,-2.4189529418945312,0.27911800146102905,1.4025816917419434,-3.626624822616577,-1.3160836696624756,-2.9762933254241943,1.6731772422790527,-5.003518104553223,-1.630958080291748,-2.899277448654175,2.3884711265563965,-4.278878688812256,-3.8354411125183105,-0.7527585625648499,0.6305957436561584,-3.2506282329559326,-1.0652923583984375,-4.038951873779297,-3.2607576847076416,7.6421613693237305,-3.6917195320129395,-0.6869823932647705,-1.6149747371673584
50fc0af68,-5.595122337341309,-6.256382942199707,-2.5350375175476074,3.130249500274658,-7.08167839050293,-3.3146255016326904,-5.175780773162842,-5.353436470031738,-8.049312591552734,-3.951462507247925,-3.354588270187378,-4.062954902648926,10.621512413024902,-4.6062541007995605,-4.516808986663818,-4.383438587188721,-6.591981410980225,-4.707497596740723,0.7269149422645569,-3.342078924179077,-4.388708114624023,-6.298741817474365,-5.329594135284424,-4.274545192718506
512dc3932,-3.1419382095336914,-3.586465835571289,1.4383050203323364,2.8939831256866455,-5.023907661437988,0.33923816680908203,-1.9153109788894653,0.2534278929233551,-5.565110683441162,-0.8496565818786621,-2.9461123943328857,-0.8330421447753906,-1.9210948944091797,-2.9693188667297363,-0.24643929302692413,-2.4865975379943848,-3.4537353515625,-1.838403582572937,-1.1176602840423584,-2.59365177154541,-1.0642333030700684,-4.08777379989624,-2.3579792976379395,-2.3846733570098877
5130a7a44,-6.185603141784668,-6.743196487426758,0.9279587268829346,-4.303335189819336,-7.59208869934082,-1.8568484783172607,-4.258134841918945,-2.213648796081543,-7.386183738708496,-1.5468759536743164,-2.8501334190368652,0.7905170321464539,-4.995762348175049,-5.747128486633301,-4.018892288208008,-4.612105369567871,-5.77499532699585,-2.4858970642089844,-5.892385959625244,-2.931617498397827,1.9644832611083984,-7.255382061004639,-4.644779205322266,-4.092487812042236
518867197,-2.7445709705352783,-2.500162124633789,-2.9605064392089844,3.0434823036193848,-1.5174734592437744,-2.7909584045410156,-6.3187575340271,-3.010823965072632,-5.264726638793945,-4.549052715301514,-5.2340264320373535,-5.188957691192627,0.925234317779541,-3.1342132091522217,1.9180879592895508,-4.438854217529297,-5.655247688293457,-5.288542747497559,3.446781635284424,-5.0670623779296875,-2.0742568969726562,-1.575866937637329,-5.6998701095581055,-3.3427834510803223
51a33a543,-5.292871475219727,-5.522512912750244,-2.990091562271118,1.3573131561279297,-9.293346405029297,-5.541572570800781,-3.8816261291503906,4.209442138671875,-8.1968994140625,-3.093109130859375,-2.00445294380188,4.514056205749512,-3.038923740386963,-5.534332752227783,-2.0534884929656982,-2.5583221912384033,-2.69197940826416,-4.321878910064697,-4.788597106933594,-5.815481185913086,-4.993826866149902,-6.29783821105957,-3.689587116241455,-4.942761421203613
51b186f15,-4.055502414703369,-6.407164573669434,-1.8125425577163696,-0.5322083830833435,-6.535848617553711,-2.969515800476074,-4.63707971572876,-2.9795494079589844,-5.615080833435059,2.6843605041503906,-1.622671127319336,-0.7810035347938538,-4.258173942565918,-5.759627342224121,-3.425644636154175,-4.952095985412598,-4.81314754486084,9.130884170532227,-5.353211402893066,-3.809081554412842,3.961721897125244,-7.370706558227539,-6.163400173187256,-4.072639465332031
51c33f465,-3.956111192703247,-3.923330068588257,8.462092399597168,1.1794447898864746,-3.724457025527954,-0.28990256786346436,1.7243859767913818,-1.7928454875946045,-6.68310546875,-1.2245097160339355,-4.511914253234863,-3.5134687423706055,-5.5883636474609375,-2.698604106903076,-3.9692416191101074,2.1448841094970703,-5.271267890930176,-0.915937066078186,-3.6568593978881836,-3.9740614891052246,-0.3269929587841034,-5.024376392364502,-3.5795650482177734,-4.777679443359375
51cd29975,-6.456733703613281,-2.0128817558288574,-10.167129516601562,1.925534725189209,-1.485914945602417,-4.92521858215332,-7.6473541259765625,-3.064058303833008,-2.7800660133361816,-7.475830078125,-5.868486404418945,-9.845508575439453,-3.477992057800293,-4.252690315246582,10.165229797363281,-5.898582458496094,-7.172057151794434,-6.22926664352417,-2.8233742713928223,-9.41903305053711,-6.785688400268555,0.3697274625301361,-6.114377975463867,-2.5922021865844727
5220e985d,-2.999289035797119,-5.206210136413574,-1.4293581247329712,1.5593349933624268,-4.800146579742432,-2.9890942573547363,-4.08869743347168,0.18050241470336914,-5.513308525085449,2.9316675662994385,-1.1286113262176514,-1.1113603115081787,-2.3046717643737793,-5.1933488845825195,-3.4767568111419678,-4.107702255249023,-3.6807031631469727,9.333279609680176,-4.014690399169922,-4.922414779663086,-0.6781027317047119,-5.02403450012207,-4.974730968475342,-1.7281677722930908
522979dc6,-6.322028160095215,-4.37146520614624,9.438865661621094,2.578859806060791,-5.1281962394714355,-2.4022021293640137,-4.792709827423096,-3.3577017784118652,-10.122739791870117,-1.8694053888320923,-5.708411693572998,-5.648644924163818,-6.601134300231934,-3.517055034637451,-7.787349700927734,-7.048367023468018,-7.203392028808594,-2.8751344680786133,-4.231435298919678,-7.640162467956543,-4.716665267944336,-5.924222946166992,-5.911986351013184,-8.593744277954102
523a0d164,-4.703337669372559,-5.378612518310547,1.0579748153686523,-3.078392744064331,-5.4529194831848145,0.7194323539733887,-3.3874382972717285,-0.6559773087501526,-6.319226264953613,0.6011224985122681,-3.7486438751220703,-0.8417744636535645,-5.953752517700195,-4.763434410095215,-3.599602699279785,-3.2537426948547363,-5.3368120193481445,-0.5407893657684326,-4.887592315673828,-3.0718183517456055,0.9540402293205261,-5.927220821380615,-4.012908458709717,-2.7631847858428955
523c96546,8.509443283081055,-4.473339557647705,-4.35964298248291,1.9294785261154175,-5.067837715148926,-4.629634380340576,-8.61114501953125,-6.078755855560303,-3.9161131381988525,-3.271772861480713,-2.809051752090454,-6.3794965744018555,9.382365226745605,-3.6867988109588623,-7.853012561798096,-5.759066581726074,-7.498425006866455,-8.98198413848877,2.1245474815368652,-11.133136749267578,-10.05807876586914,-7.956255912780762,-5.385465621948242,-4.008167743682861
52465595f,-1.7365036010742188,-0.8552179932594299,0.404413104057312,0.16505829989910126,-3.0314793586730957,-1.0048699378967285,-4.211549758911133,-4.031213760375977,-3.2514052391052246,-1.3417754173278809,-3.5695486068725586,-2.805610179901123,-2.2752692699432373,-1.3276588916778564,-3.951080799102783,-3.760615110397339,-3.9657645225524902,-2.2794554233551025,-1.7187223434448242,-1.462127685546875,1.8947455883026123,-3.9673779010772705,-4.326027870178223,-0.9252610206604004
525c73390,-6.500237464904785,-5.581321716308594,-6.166597366333008,3.633948802947998,-3.8050389289855957,-5.267884254455566,-10.16019344329834,-8.51004695892334,-6.19966983795166,-7.1043009757995605,-5.709872245788574,-8.265847206115723,7.966775894165039,-3.7404041290283203,-6.576184272766113,-7.0924763679504395,-9.57741928100586,-8.976967811584473,2.5100433826446533,-10.33234977722168,-4.698464870452881,-5.737950801849365,-7.6919403076171875,-5.94118595123291
527ac9db6,-2.379528522491455,-4.033990383148193,-4.305646896362305,3.9567971229553223,-3.316713809967041,-2.3762106895446777,-6.751763820648193,-6.189914226531982,1.7932908535003662,-3.774306297302246,-5.370783805847168,-6.30425500869751,6.953800678253174,-2.853919506072998,-4.094023704528809,-5.046241283416748,-6.627882957458496,-6.679699897766113,1.45561945438385,-5.956418991088867,-4.344734191894531,-3.727958917617798,-5.36419153213501,-2.0714292526245117
5287a7fd8,-3.7636497020721436,-2.087632179260254,-0.21851393580436707,-1.857323408126831,-3.095080614089966,-1.2594070434570312,-3.4308953285217285,-1.086138129234314,-5.825778484344482,-2.3577020168304443,-3.242689847946167,-0.8793522119522095,-3.7824788093566895,-3.215242385864258,-2.28320574760437,-4.123284339904785,-4.437957763671875,-2.636643409729004,-2.9147846698760986,-2.27592134475708,-0.12496206164360046,-5.06952428817749,-3.36226749420166,1.8120671510696411
5289c9926,-2.1737968921661377,-1.6974250078201294,-0.304350882768631,3.102163314819336,-2.9279730319976807,-1.9935863018035889,-1.981555461883545,-1.7563449144363403,-5.7867937088012695,-1.2185516357421875,-4.540772438049316,-3.665790557861328,4.7435760498046875,-1.939583659172058,-3.230685234069824,0.4940662980079651,-4.193085670471191,-1.026505470275879,1.340071678161621,-2.414745330810547,-2.1339526176452637,-3.175673007965088,-2.960448741912842,-2.3629140853881836
52c1e5fae,-6.093396186828613,-6.797518730163574,-0.8928148746490479,-3.850823163986206,-7.421143054962158,-1.6870291233062744,-2.657517910003662,-3.6301069259643555,-7.5451250076293945,-1.929375171661377,-3.6754894256591797,-1.5979303121566772,-5.709290504455566,-6.0172529220581055,-3.3450112342834473,-4.763411045074463,-6.263635635375977,-1.9996051788330078,-4.309357643127441,-3.203688144683838,-0.23208270967006683,-7.09712028503418,-5.517185211181641,-4.00272274017334
52c76de7b,-1.9715592861175537,-3.117440700531006,-6.667152404785156,3.257059097290039,2.2834300994873047,-3.4106059074401855,-7.175518035888672,-5.83975887298584,-2.7215187549591064,-4.714827537536621,-2.4042725563049316,-5.630827903747559,8.426493644714355,-0.30298417806625366,-4.643757343292236,-4.146601676940918,-5.319746971130371,-7.845337867736816,2.854297161102295,-7.794094085693359,-7.924020767211914,-2.0540895462036133,-3.326476573944092,-1.4602241516113281
52cb0db2d,-9.277009010314941,-9.053646087646484,-1.993106484413147,-4.452254772186279,-7.056221008300781,-3.7858994007110596,-7.9525465965271,-7.1894659996032715,-9.386600494384766,-5.81346321105957,-5.701165199279785,-5.359963417053223,-5.814952850341797,-6.7032976150512695,-2.2074368000030518,-4.721596717834473,-6.461312294006348,-6.837639808654785,-3.4807627201080322,-6.338834762573242,-1.994025707244873,-5.8707170486450195,-6.937061309814453,-5.829315185546875
52d7b5192,-5.402860641479492,-4.83859920501709,-0.10021617263555527,3.125657558441162,-4.886568069458008,3.904731273651123,-3.079939603805542,-1.8663289546966553,-5.849728584289551,-2.408322811126709,-1.7058746814727783,-1.5180909633636475,-2.23563551902771,-2.6759445667266846,-0.7446029186248779,-3.56343412399292,-5.7948198318481445,-2.3154661655426025,-0.9957430362701416,-2.8231024742126465,-0.5103064775466919,-4.9218292236328125,-0.25507891178131104,-1.8744410276412964
53222dab1,-3.08667254447937,-2.752460479736328,-1.4662224054336548,-1.752331256866455,-1.071031093597412,-0.9351541996002197,-3.6903066635131836,-4.248030662536621,-3.547954559326172,-2.265342950820923,-2.8655004501342773,-0.6904726028442383,-2.767575979232788,-1.2378941774368286,-3.621488332748413,-3.876116991043091,-4.695813179016113,-1.376651644706726,-3.457354784011841,3.2324178218841553,4.622735977172852,-3.594122886657715,-2.8268630504608154,-0.23107017576694489
53286585d,-1.1865544319152832,-3.076357841491699,-2.077662944793701,3.088977336883545,2.881591320037842,-4.318716526031494,-3.459244728088379,-0.04786241054534912,-3.589975118637085,1.6560298204421997,-3.781980514526367,-3.0089163780212402,-0.9764342308044434,-2.5182924270629883,-0.03757910430431366,0.1026800274848938,-3.9555511474609375,0.4196535050868988,0.4775919020175934,-4.912234306335449,2.8513290882110596,-0.8777812719345093,-4.301138877868652,-1.2854386568069458
536c394c8,-0.3058428168296814,-0.7617247104644775,-0.8610841035842896,0.966594398021698,-3.2636892795562744,-3.184530258178711,-2.6420302391052246,-2.607903480529785,-4.609891891479492,4.098293304443359,-3.467977523803711,-0.1749221533536911,-2.8652138710021973,-2.205552577972412,-4.085624694824219,-3.0701375007629395,-4.344239234924316,5.859858512878418,-2.108823537826538,-3.46358585357666,6.153514862060547,-4.222972393035889,-5.234467029571533,-2.4453225135803223
537c891bb,-4.060108184814453,-1.5489033460617065,-1.4127423763275146,3.1485629081726074,-0.7704523801803589,-3.3061811923980713,-5.335672378540039,-3.095602035522461,-4.313514709472656,-1.7869033813476562,-3.3978078365325928,-4.167106628417969,3.8177740573883057,-1.552140235900879,-4.674752235412598,-4.413730621337891,-3.8548316955566406,-2.9073727130889893,0.5966440439224243,-6.924940586090088,-6.241062164306641,-1.702441930770874,-3.9456892013549805,-1.2531976699829102
53a7ac024,-5.65170431137085,-1.1959915161132812,-4.561042785644531,4.033109188079834,-2.7040789127349854,-1.0029300451278687,-4.864472389221191,-4.369173049926758,-4.2072978019714355,-2.8015146255493164,-2.4741294384002686,-1.9509928226470947,2.772531509399414,-2.115563154220581,-4.161664962768555,-4.213753700256348,-4.896759033203125,-4.449831962585449,-0.17269915342330933,-4.641942501068115,-1.3962185382843018,-1.6477317810058594,-0.9441880583763123,0.6620762348175049
53b10ab00,-3.5865466594696045,-1.881046175956726,-0.3147681653499603,0.5070538520812988,-3.3730053901672363,-1.5478570461273193,-3.362065076828003,-2.0077762603759766,-5.156374931335449,-3.391871929168701,1.2309885025024414,0.677814245223999,-2.8298466205596924,-1.9483633041381836,-3.3304638862609863,-2.7374043464660645,-3.0083484649658203,-2.492029905319214,-2.426957607269287,-0.7488967776298523,7.229907989501953,-3.2971348762512207,-2.4397716522216797,-0.2876776456832886
53bce4c90,-4.016392707824707,-2.591571569442749,0.7195608019828796,4.034430980682373,-3.0878028869628906,-4.6352949142456055,-6.375872611999512,-5.615583896636963,-6.611533164978027,-3.450591564178467,-6.096972465515137,-7.497189044952393,2.193253517150879,-3.0736684799194336,-3.837642192840576,-4.9901251792907715,-5.677601337432861,-6.155063629150391,1.3110872507095337,-6.373593330383301,-3.8554813861846924,-3.524454355239868,-6.596278190612793,-3.5544025897979736
53c6c4d07,7.580904960632324,-1.6132729053497314,-1.810233235359192,1.6637182235717773,-3.9646201133728027,-8.776704788208008,-9.365671157836914,-6.117284774780273,-3.2500901222229004,-2.5275516510009766,-7.556119441986084,-10.753734588623047,-3.9632139205932617,-2.504380464553833,-7.351794242858887,-5.493003845214844,-3.9568018913269043,-6.695531368255615,-0.8621637225151062,-6.764980316162109,-6.376098155975342,-4.6438703536987305,-6.5320000648498535,-3.08133864402771
53cc5b732,-4.018491268157959,-0.5252547860145569,-5.120494842529297,2.7540223598480225,-1.7518858909606934,-0.8836653232574463,-4.847001075744629,-3.0452396869659424,-4.125884056091309,-1.710953950881958,-3.3636531829833984,-2.1493401527404785,0.3973802328109741,-0.9395200610160828,-2.629871129989624,-3.6005454063415527,-3.4009974002838135,-5.1137471199035645,0.9165319800376892,-2.649195909500122,-3.127903461456299,-0.9465397596359253,-0.10298432409763336,1.9779078960418701
53db66bd9,-2.459376573562622,-2.9520795345306396,-2.1128990650177,0.9689090847969055,0.07680614292621613,-1.5797295570373535,-2.470928430557251,-2.186689615249634,-3.9286696910858154,0.2943640947341919,-2.8709640502929688,0.05734436213970184,-2.151980400085449,-3.04068922996521,-4.07924747467041,-4.454329967498779,-4.563404083251953,-0.13024568557739258,-3.410378932952881,-4.377986907958984,4.842957496643066,-2.5763885974884033,-2.6786282062530518,2.7519922256469727
53dcaca05,-2.4009456634521484,6.834543704986572,-6.44402551651001,3.753464460372925,0.795805811882019,-4.582614421844482,-4.226311206817627,-4.004952907562256,-2.8573176860809326,-3.7870426177978516,-4.311924934387207,-7.199840068817139,0.3574082851409912,-0.406097412109375,-4.127898216247559,-4.244760513305664,20.94137954711914,-1.0489997863769531,-1.8302114009857178,-5.692326068878174,-6.957058429718018,1.3098969459533691,-3.1022136211395264,-0.9835497140884399
5458c8c5a,5.7492780685424805,-2.091984987258911,2.8460235595703125,1.3410754203796387,-5.16274881362915,-5.016641616821289,-6.853211402893066,-5.555934906005859,-4.801485061645508,-1.2358675003051758,-6.216808319091797,-7.190845489501953,-5.025914669036865,-3.7884488105773926,-8.345067024230957,-6.369179725646973,-3.6753664016723633,-4.321436882019043,-2.8312766551971436,-5.523704528808594,-4.466033935546875,-6.417323589324951,-6.49953556060791,-3.4214365482330322
546792327,-5.333343505859375,-5.232192039489746,-0.5316243767738342,-1.6578137874603271,-8.006611824035645,-4.148636817932129,-2.86781644821167,3.528665542602539,-8.064048767089844,-3.215322494506836,0.5104954242706299,9.882526397705078,-4.910114288330078,-4.0302629470825195,-4.908303737640381,-3.6543288230895996,-4.393701553344727,-0.41377484798431396,-4.926694869995117,-3.8729565143585205,5.738753318786621,-7.32362174987793,-4.265217304229736,-5.391213417053223
547d74e15,-4.735299110412598,-1.144042730331421,-0.9896903038024902,0.7478505969047546,-4.2122721672058105,-0.9008007645606995,-5.0498366355896,-3.325375556945801,-6.719042778015137,-1.5241196155548096,-3.891693115234375,-1.5260447263717651,0.40020331740379333,-2.9104318618774414,-4.143752574920654,-4.200338840484619,-4.164249420166016,-3.2898123264312744,-1.5120116472244263,-3.0651888847351074,-0.08019760251045227,-4.126663684844971,-5.073996543884277,-2.5520551204681396
54a3a78f9,-0.7077715396881104,-4.32094669342041,-4.996423721313477,2.5643067359924316,-1.6222188472747803,-1.799978494644165,-6.800090789794922,-7.027883529663086,1.6528451442718506,-4.987774848937988,-3.4630322456359863,-5.267772197723389,8.030935287475586,-2.344759464263916,-3.024142265319824,-5.598376274108887,-6.724508285522461,-5.556238174438477,2.0413522720336914,-5.919064521789551,-0.442585825920105,-4.365747928619385,-4.298447132110596,-0.7927782535552979
54d69f9fa,-4.2364983558654785,-4.3764448165893555,-0.3072722852230072,1.8362336158752441,-6.196963310241699,0.0011765211820602417,-4.606265544891357,-0.6558346748352051,-7.047163009643555,-2.8965249061584473,-2.642454147338867,-2.9618372917175293,-2.6105246543884277,-3.5448498725891113,-1.6774232387542725,-3.782945156097412,-3.864758014678955,-3.9288172721862793,-1.3008681535720825,-4.3675665855407715,7.633207321166992,-5.397764205932617,1.4550045728683472,-2.31339955329895
550e1cc2e,-3.121290445327759,-2.9598569869995117,0.3540862798690796,-1.7713570594787598,-3.5291666984558105,-0.006245344877243042,-2.191317558288574,3.3412935733795166,-4.182260513305664,1.0976612567901611,-0.5924849510192871,8.877593994140625,-5.0813822746276855,-3.2925543785095215,-2.8227529525756836,-2.6075687408447266,-4.6699018478393555,-0.08414124697446823,-4.632962226867676,-2.3892903327941895,5.888648986816406,-4.304944038391113,-1.4820886850357056,1.6362262964248657
552347642,-3.7461156845092773,-4.8027777671813965,1.986156940460205,3.7684109210968018,-2.528140068054199,-4.532320499420166,-6.787699222564697,-3.61214542388916,-6.876101493835449,-4.155440330505371,-4.692273139953613,-8.55031681060791,7.4308600425720215,-3.857684850692749,-4.89605188369751,-5.4144287109375,-6.768700122833252,-7.1198272705078125,1.788941740989685,-9.224507331848145,-7.413281440734863,-5.414157867431641,-6.558299541473389,-4.707832336425781
552e8f43d,3.03936767578125,-3.7481398582458496,2.762795925140381,-1.6596375703811646,-5.704860687255859,-1.6914758682250977,-5.652746200561523,-3.209604024887085,-3.7315690517425537,-2.390413522720337,-5.07893180847168,-2.7346839904785156,-2.414569139480591,-3.7130932807922363,-2.3631222248077393,-4.695966720581055,-5.246832370758057,-4.333432197570801,-1.343645691871643,-2.7486038208007812,-0.31071028113365173,-4.1144514083862305,-4.662998199462891,-4.404395580291748
555639db5,-9.314030647277832,-10.337120056152344,-4.432640075683594,-3.9344184398651123,-7.155771255493164,-4.5751848220825195,-3.0238842964172363,-6.039608478546143,-9.172911643981934,-4.27772855758667,-6.834863662719727,-3.9772088527679443,-7.750081539154053,-9.792783737182617,-2.8805763721466064,0.6073317527770996,-8.530904769897461,-4.033393859863281,-7.26103401184082,-6.268093585968018,-1.1206856966018677,-8.03023910522461,-5.722033500671387,-5.804129600524902
555a86dc5,-2.099806070327759,-3.4254860877990723,-5.91087532043457,2.4810335636138916,3.0266246795654297,1.8530707359313965,-4.917415618896484,-3.7138991355895996,-1.83784818649292,-3.2393856048583984,-2.1406421661376953,-3.15423321723938,6.485359191894531,-1.0663903951644897,-5.028374195098877,-4.25917911529541,-4.640590667724609,-5.021369934082031,0.7436218857765198,-5.3297810554504395,-3.492884635925293,-1.9570605754852295,2.055283784866333,3.303682804107666
556f84e4f,-4.10468864440918,-3.9257049560546875,0.5953445434570312,2.102720260620117,-5.720430374145508,-2.6881613731384277,-3.9642419815063477,0.9400815963745117,-6.847552299499512,-3.2712578773498535,-2.3462090492248535,0.03699436038732529,-3.681729793548584,-3.475482940673828,-1.374526023864746,3.1850483417510986,-3.6437008380889893,-1.9029303789138794,-2.017164945602417,-4.19436502456665,5.305943965911865,-4.882071495056152,-3.768083333969116,-3.8127334117889404
5580640cb,6.3397722244262695,-6.005281448364258,-2.5008559226989746,1.8954246044158936,-6.857084274291992,-6.819725513458252,-8.848091125488281,-5.918627738952637,-3.9363789558410645,-3.562324285507202,-4.535750389099121,-8.035748481750488,6.954511642456055,-4.17357063293457,-9.939085006713867,-5.23302698135376,-7.611238956451416,-7.3589277267456055,0.49612587690353394,-9.659266471862793,-9.571106910705566,-9.041727066040039,-7.439660549163818,-4.059473037719727
5591ecb66,-3.8571243286132812,-4.08090353012085,-0.5844734907150269,0.5153844356536865,-5.679765701293945,-2.3123316764831543,-1.6266087293624878,1.044944167137146,-5.873795986175537,-3.193695068359375,7.882229804992676,4.9749860763549805,-4.171361923217773,-4.137977600097656,-1.998906135559082,-1.0441923141479492,-4.015213966369629,1.6775052547454834,-4.511034965515137,-3.9139397144317627,6.964008331298828,-5.416326999664307,-4.036387920379639,-3.56992244720459
55bea634a,-6.283809661865234,-7.204645156860352,-3.24263596534729,-1.07625150680542,-5.327759742736816,-2.1147003173828125,-5.550564765930176,-5.055509090423584,-6.487249851226807,-3.140218496322632,-4.179797172546387,-1.9169604778289795,-0.002548396587371826,-6.189770221710205,-3.0821986198425293,-5.353923320770264,-7.824769496917725,-5.494991302490234,-1.6454455852508545,-3.5310745239257812,-2.965785026550293,-5.522032737731934,-4.518789291381836,-4.527671813964844
55dcd4be6,-3.695650100708008,-7.7935590744018555,-5.6726975440979,2.798854112625122,-7.0805253982543945,-4.169033050537109,-7.645361423492432,-4.560420989990234,-6.385398864746094,-4.331914901733398,-1.9084631204605103,-6.64921236038208,9.752147674560547,-4.832114219665527,-6.799314498901367,-4.811595916748047,-8.045581817626953,-8.271821975708008,0.4864582121372223,-10.188169479370117,-9.227279663085938,-7.043756484985352,-4.474056243896484,-2.8920798301696777
55f604262,-8.136240005493164,-9.097481727600098,-2.1947007179260254,-5.2486958503723145,-5.769809722900391,-1.8623967170715332,-4.01592493057251,-4.331911563873291,-6.672015190124512,-3.360447645187378,-2.6181294918060303,1.163475751876831,-4.581002235412598,-5.678361892700195,-5.747404098510742,-4.713616371154785,-6.9048752784729,-3.577437162399292,-6.1173601150512695,0.8863908052444458,-1.3110551834106445,-5.580166339874268,-3.197842597961426,-4.3079833984375
5637b6fcf,-5.479966163635254,-7.087850570678711,2.1286725997924805,-2.4637722969055176,-6.293127059936523,-1.0665113925933838,-3.9395861625671387,-0.2973557114601135,-6.561990737915039,-0.14646179974079132,-4.476480007171631,-0.930546224117279,-3.5639472007751465,-5.697881698608398,-1.7432252168655396,-4.729334831237793,-6.218140602111816,-3.2663278579711914,-2.477992534637451,-2.4983763694763184,-1.9045870304107666,-5.021867275238037,-4.809619903564453,-3.8251545429229736
56620c608,-1.3040547370910645,0.11134755611419678,-2.1780362129211426,2.561748504638672,-1.9280455112457275,-3.777571678161621,-3.7572619915008545,-2.071849822998047,-3.505622148513794,-2.954033851623535,-3.3486006259918213,-3.395078182220459,4.098893165588379,-1.3272831439971924,-3.1926627159118652,3.358504295349121,-3.4739677906036377,-1.2644107341766357,0.766396701335907,-4.555951118469238,1.3087974786758423,-1.9078232049942017,-3.264708995819092,-1.5834872722625732
566d557e1,-6.27937126159668,-7.770039081573486,-0.3115432560443878,-3.943660259246826,-7.099576950073242,-2.125373363494873,-2.6164348125457764,-2.639720916748047,-8.184202194213867,-2.2724051475524902,-4.477099418640137,-1.052001714706421,-5.588119029998779,-6.571612358093262,-4.294340133666992,-0.3357657194137573,-5.825552940368652,-1.7742092609405518,-5.365124702453613,-3.653815269470215,0.9667088985443115,-7.446356773376465,-4.7452898025512695,-4.665008544921875
56a9f50bf,-5.176239967346191,-6.212052345275879,0.785943329334259,-3.1428511142730713,-6.965280532836914,-1.4760030508041382,-4.354226589202881,-0.785304605960846,-7.041510581970215,-2.230105400085449,-2.139989137649536,-0.45926615595817566,-4.764123916625977,-4.840397834777832,-3.2230987548828125,-4.588561058044434,-4.515313625335693,-0.20339596271514893,-5.213939189910889,-2.059046745300293,5.456826210021973,-6.895705223083496,-4.22720193862915,-3.090449571609497
56b304785,-5.505552291870117,-4.310345649719238,-3.0374109745025635,0.6355722546577454,-2.2948622703552246,2.2332656383514404,0.0050157904624938965,-3.682795286178589,-4.488924026489258,-2.5453057289123535,-2.3594577312469482,-0.6842648386955261,-1.4792059659957886,-2.2837328910827637,-4.282774448394775,-3.4393935203552246,-5.037540435791016,-3.8552122116088867,-3.7873969078063965,-2.930509567260742,3.446152925491333,-3.9452593326568604,1.6355963945388794,0.34274816513061523
56be676c0,-2.2152204513549805,-1.1956489086151123,-5.7692108154296875,2.9306859970092773,-2.0083858966827393,-4.925458908081055,-6.936572074890137,-1.649684190750122,-4.56978702545166,-3.2529168128967285,-4.873597145080566,-6.065047740936279,0.5446915030479431,-2.743527412414551,4.134376525878906,-4.685608863830566,-4.031679153442383,-6.126160144805908,3.107405424118042,-6.7880473136901855,-5.696778297424316,-1.0071934461593628,-4.41201114654541,-1.5545141696929932
56c5c8d15,5.148940086364746,-1.2409029006958008,-2.8128180503845215,3.4140655994415283,-3.155425786972046,-5.1165771484375,-4.782591819763184,-4.152659893035889,-3.3140978813171387,-2.3413074016571045,-4.662311553955078,-7.127987861633301,7.00740385055542,-1.9903236627578735,-1.322399377822876,-2.988887071609497,-4.351616859436035,-5.078896522521973,1.970327377319336,-5.976845741271973,-5.853675842285156,-2.4941868782043457,-5.223420143127441,-2.9694647789001465
56ebd0c55,-5.640651702880859,-4.639917373657227,-4.276505947113037,-1.7687803506851196,-2.353015184402466,2.2510108947753906,-2.6369285583496094,-3.40269136428833,-4.067005634307861,-1.8759914636611938,-2.2592248916625977,0.02644290030002594,-3.9635093212127686,-2.01737904548645,-5.074816703796387,-3.0634543895721436,-5.624857425689697,-3.027496337890625,-5.984406471252441,-0.7212660908699036,0.0774594247341156,-4.179750919342041,3.2427868843078613,1.4945635795593262
56f48bdfe,-4.2361040115356445,-2.8140900135040283,4.665648937225342,2.0784008502960205,-3.0502471923828125,0.38646113872528076,-2.4723825454711914,-0.3365376591682434,-3.8643763065338135,-2.5786948204040527,-1.161548376083374,-1.3732609748840332,-3.856267213821411,-2.2987582683563232,-2.4773976802825928,-2.6687889099121094,-1.5914117097854614,-3.2557010650634766,-1.6430268287658691,-4.140838623046875,-0.6942733526229858,-3.23388934135437,7.226520538330078,-1.6623990535736084
57026e7c7,-0.18147654831409454,-5.830289840698242,-5.295628070831299,2.4400155544281006,-4.409862041473389,-4.4039530754089355,-8.172746658325195,-6.359742641448975,-0.8817835450172424,-4.597979545593262,-4.085933208465576,-7.645892143249512,10.341368675231934,-3.622098684310913,-5.582951545715332,-5.318498134613037,-6.864858627319336,-7.947631359100342,2.7175965309143066,-9.18116283416748,-7.060262680053711,-5.650473594665527,-5.328824043273926,-2.4471275806427
570d295d0,-1.202131986618042,1.0271172523498535,-2.279000759124756,2.892855644226074,0.016299277544021606,0.8026514053344727,-1.029355525970459,-1.5291491746902466,-3.03283953666687,-1.2181977033615112,-2.7822999954223633,-1.8219252824783325,0.7467219233512878,0.7909497618675232,-3.1939857006073,2.192244529724121,-2.6355178356170654,-0.1757294237613678,0.4166421890258789,-1.817686915397644,-0.5715245604515076,-1.5765583515167236,-1.8506139516830444,-1.0625734329223633
576d8e216,-0.9523880481719971,-2.2319912910461426,-0.34017542004585266,2.689253330230713,-6.395833492279053,-3.959577798843384,-5.1702704429626465,0.7245965003967285,-6.899626731872559,-2.8377015590667725,-3.9673378467559814,-3.9749553203582764,0.5975551605224609,-3.794661521911621,-1.6326847076416016,-4.042638778686523,-3.483750820159912,-4.0571513175964355,-0.9150009155273438,-2.8753795623779297,-3.4502158164978027,-4.942173004150391,-5.021692276000977,-3.7876713275909424
57a1833a5,-4.160082817077637,-1.5617473125457764,-0.15209481120109558,3.2652835845947266,-2.3963065147399902,0.19398793578147888,-5.129742622375488,-2.4767673015594482,-3.998260498046875,-3.4013328552246094,-3.703402042388916,-3.7271785736083984,-0.2866506576538086,-0.47724562883377075,-2.523426055908203,-3.6000537872314453,-4.274710655212402,-2.032895088195801,0.24027858674526215,-0.8254678249359131,1.901157259941101,-2.5734634399414062,-4.341911315917969,-2.1640520095825195
57cd5203d,-3.1193861961364746,-5.484072208404541,1.4047200679779053,2.68707275390625,-5.102672576904297,-3.464512348175049,-3.0679237842559814,-0.9729746580123901,-7.326752185821533,-3.075075149536133,-4.54708194732666,-4.725950241088867,2.1362640857696533,-5.663312911987305,-3.551004648208618,-4.558838367462158,-4.961501598358154,-4.153907299041748,0.9266209006309509,-5.663466453552246,-3.192605495452881,-5.406796932220459,-5.959299087524414,-4.682410717010498
57d1671d3,-3.17750883102417,-6.946172714233398,-0.6521021127700806,-0.7078547477722168,-6.932930946350098,-1.7572712898254395,-4.601449966430664,-3.831408977508545,-6.867863655090332,-2.986768960952759,-3.469705581665039,-2.2542335987091064,-2.515526294708252,-4.804371356964111,-3.897547960281372,-4.673578262329102,-6.570370674133301,-3.5832390785217285,-3.3471789360046387,-1.3741455078125,-2.2985522747039795,-6.4699296951293945,-5.642243385314941,-4.186612129211426
57d7be1e6,-4.884770393371582,-2.9940762519836426,-8.26540470123291,2.0575740337371826,-1.5962016582489014,-4.176961421966553,-6.791054725646973,-2.638566493988037,-4.281726360321045,-4.867247581481934,-5.275111675262451,-7.337080478668213,-2.1268725395202637,-3.5630569458007812,9.980523109436035,-5.401981830596924,-6.940046310424805,-5.9832234382629395,-0.4868839383125305,-8.90855598449707,-6.343398094177246,-0.6038559675216675,-6.100088119506836,-2.782766103744507
57ffa5e5c,-2.0831148624420166,-1.7503786087036133,1.4996602535247803,0.7667115330696106,-3.585972309112549,-2.4765641689300537,-3.561404228210449,-2.129659652709961,-5.331817150115967,-2.7974958419799805,-4.033203125,-2.433077573776245,-1.8978404998779297,-2.6821815967559814,-1.9529263973236084,2.354257583618164,-4.034852981567383,-1.9384474754333496,-1.7502856254577637,-1.5748460292816162,5.8343682289123535,-4.050650119781494,-3.348245143890381,-2.5911128520965576
583ac23c6,-4.808929443359375,-7.443811893463135,-0.4891897439956665,-0.3091917932033539,-6.357012748718262,-2.4804739952087402,-4.890834331512451,0.33520108461380005,-6.667673110961914,-2.2283387184143066,-2.727440357208252,-1.3403724431991577,2.010164737701416,-5.185721397399902,-5.216821193695068,-4.814460277557373,-6.122525691986084,-4.367124080657959,-1.877544641494751,-5.716396331787109,-0.8799359202384949,-6.469101905822754,-3.496506452560425,-3.018482208251953
584defab2,-1.3849598169326782,2.8708956241607666,-6.005247116088867,3.4319229125976562,5.270719051361084,-4.107345104217529,-6.897008419036865,-4.166060447692871,-2.390284538269043,-3.17370343208313,-2.9554643630981445,-6.573622703552246,0.97913658618927,1.4246246814727783,-4.957488059997559,-4.259117603302002,0.6211557388305664,-5.098273754119873,-0.7873307466506958,-6.607222557067871,-7.5684709548950195,0.8553922176361084,-1.3753244876861572,-0.2099303901195526
58548995b,-4.294523239135742,-1.6031692028045654,-1.9059441089630127,2.657318592071533,-4.516423225402832,-1.5030264854431152,-2.106379985809326,-2.771433115005493,-6.970431327819824,-2.4443726539611816,-3.10144305229187,-1.3078014850616455,1.3735203742980957,-2.532820224761963,0.15060147643089294,0.2450658679008484,-4.26201057434082,-2.6171207427978516,-1.1961394548416138,-2.181060552597046,1.8163695335388184,-3.195772647857666,-3.2291512489318848,-2.2754952907562256
58863f444,-1.938628077507019,-5.284331321716309,2.503683567047119,-3.5119194984436035,-6.931369304656982,-3.0480310916900635,-4.838844299316406,-1.4200844764709473,-7.602240562438965,-1.852833867073059,11.130814552307129,0.5024621486663818,-5.608218193054199,-4.539421081542969,-4.883003234863281,-4.839742660522461,-4.9821367263793945,-0.229263573884964,-4.015982151031494,-2.7756729125976562,-0.5433477163314819,-7.181537628173828,-6.972842216491699,-4.055998802185059
58ebd234e,-7.055856704711914,-8.297029495239258,-2.237238883972168,-3.618145704269409,-6.21946907043457,-3.042593479156494,0.8394876718521118,-4.4428863525390625,-8.059808731079102,-3.174022912979126,-4.715963363647461,-2.3500707149505615,-3.7187185287475586,-8.039814949035645,-3.766892433166504,-4.79467248916626,-5.7301788330078125,-2.880269765853882,-5.134891510009766,-2.647792100906372,-1.8143978118896484,-7.204509258270264,-5.812009334564209,-4.6567864418029785
58faa6acd,-8.597982406616211,-9.748360633850098,-0.7658191323280334,-5.000789642333984,-6.106964111328125,-1.8734240531921387,-5.07063102722168,-4.386287212371826,-8.502769470214844,-4.066290378570557,-3.6888341903686523,-1.1761577129364014,-5.329939842224121,-7.580372333526611,-4.808335304260254,-5.309115886688232,-7.521401405334473,-5.101632118225098,-5.225437164306641,-4.139500617980957,-1.2877161502838135,-7.2381367683410645,-3.406161308288574,-4.294424057006836
5908d5a81,-10.245635032653809,-11.449344635009766,-3.431495189666748,-6.541963577270508,-8.962410926818848,-4.164794921875,-9.924139022827148,-10.095102310180664,-10.022270202636719,-4.87333345413208,-7.0593156814575195,-4.85152006149292,-6.155977249145508,-10.11934757232666,-6.416309356689453,-9.27354621887207,-10.544490814208984,-8.748981475830078,-4.89369535446167,-7.490373611450195,-2.794281005859375,-9.236835479736328,-9.739843368530273,-6.795984268188477
5915e81d5,-5.163520812988281,-4.7970123291015625,-1.174988031387329,-2.3387341499328613,-6.885969161987305,-4.48521614074707,-5.7597808837890625,-2.783991813659668,-7.333841800689697,-6.666949272155762,-2.1339173316955566,0.8333061337471008,-3.9563863277435303,-3.564117193222046,-5.482508659362793,-5.473552703857422,-5.3051652908325195,-2.3240439891815186,-4.380033493041992,-3.799266815185547,9.788931846618652,-7.508277893066406,-5.028135299682617,-6.913928985595703
59368abb4,-5.905323028564453,-2.1701223850250244,-10.190835952758789,2.627997636795044,0.40798646211624146,-5.387186050415039,-8.272809982299805,-4.148929119110107,-3.9415361881256104,-7.025724411010742,-6.3082427978515625,-8.68839168548584,-2.162001132965088,-4.12880277633667,10.466543197631836,-6.228797912597656,-7.657772064208984,-7.3073015213012695,0.7759609818458557,-11.150224685668945,-8.094654083251953,1.5908952951431274,-6.889837265014648,-2.7900469303131104
59651c445,-4.538907527923584,-3.564666748046875,-0.21142560243606567,0.8783824443817139,-5.145566940307617,-2.4398996829986572,-2.1156163215637207,-1.3088427782058716,-5.910419464111328,-2.29315185546875,-2.845771312713623,-0.4127161502838135,-0.48608845472335815,-3.559682846069336,-3.9118800163269043,-3.319410562515259,-3.6301651000976562,-1.2206134796142578,-1.419907569885254,-2.577521562576294,-1.031367301940918,-3.9915213584899902,-4.063711166381836,-2.482762336730957
59ab67cf9,-2.565408706665039,-1.9113068580627441,0.4278036057949066,0.590664267539978,-2.8087244033813477,-1.8435410261154175,-4.227582931518555,-4.1857686042785645,-4.517021179199219,-2.6798958778381348,-3.6160500049591064,-4.333039283752441,-1.472290277481079,-1.0208520889282227,-3.151115894317627,-2.395928382873535,-3.3611321449279785,-2.4489974975585938,-1.420616865158081,-1.6169339418411255,6.0494585037231445,-3.521371603012085,-3.717660665512085,0.21935683488845825
59b1bca75,-3.7929282188415527,-1.7270582914352417,0.20491521060466766,0.8941365480422974,-4.130329608917236,0.9365647435188293,-4.842669486999512,-3.8869171142578125,-3.9550530910491943,-2.046010732650757,-2.710463285446167,-2.547959327697754,0.11743161082267761,-1.718620777130127,-3.2142691612243652,-3.696246385574341,-5.00643253326416,-1.4241845607757568,-0.7238794565200806,3.343507766723633,-2.1381900310516357,-3.8958230018615723,-4.718061447143555,-1.8724243640899658
59e554dc2,-5.798962116241455,-8.047226905822754,0.9173543453216553,-5.2412638664245605,-7.499537467956543,-2.7525382041931152,-6.595420837402344,-6.7512288093566895,-8.779703140258789,-3.477099895477295,-4.817110061645508,-2.444272756576538,-5.891637802124023,-6.784862518310547,-7.74041748046875,-7.360047340393066,-8.606966018676758,-4.30493688583374,-5.179754257202148,-4.862044334411621,5.257935047149658,-8.885847091674805,-7.015289306640625,-6.499738693237305
59f4a3de9,-3.3026671409606934,-2.930779457092285,-4.4928693771362305,3.8535637855529785,1.704870581626892,-4.3000712394714355,-3.3072659969329834,-2.858497142791748,-5.07228946685791,-4.073880195617676,-3.6943492889404297,-4.486222267150879,6.731476783752441,-1.5785305500030518,-1.6294111013412476,2.1682188510894775,-4.275812149047852,-2.655369997024536,2.7420527935028076,-5.0384321212768555,-4.499883651733398,-2.158133029937744,-3.425045967102051,-1.940720558166504
5a1df14a5,-4.090818881988525,-3.0560874938964844,-1.2213119268417358,0.00684201717376709,-3.560305595397949,-2.2216758728027344,-2.435389995574951,0.6832120418548584,-5.04867696762085,-2.6498348712921143,-1.1307804584503174,5.2843828201293945,-2.5971860885620117,-2.0620017051696777,-1.3683935403823853,-2.571711778640747,-3.935275077819824,-2.1513900756835938,-2.6234638690948486,-3.6913275718688965,9.157037734985352,-3.982029438018799,-2.9443681240081787,-2.5541646480560303
5a2ae4429,-4.336690902709961,-4.277230739593506,0.4210686981678009,-1.173766851425171,-5.800420761108398,-3.005800724029541,-3.713460683822632,-0.2950141727924347,-6.524089813232422,-3.683615207672119,-1.9126653671264648,4.310961723327637,-2.909479856491089,-3.8386378288269043,-5.494858264923096,-4.2008514404296875,-3.785231113433838,-4.0295820236206055,-3.2865145206451416,-2.6274075508117676,11.315373420715332,-4.534108638763428,-2.979569435119629,-1.6197731494903564
5a65a1e4e,-3.8348801136016846,-5.0410542488098145,1.9257935285568237,-0.6233028173446655,-5.244976043701172,-2.7564008235931396,-3.3096742630004883,4.596402645111084,-6.4533491134643555,0.576017439365387,-0.3031260371208191,3.8346972465515137,-3.617344856262207,-4.653766632080078,-3.4808762073516846,-3.575603485107422,-4.264870643615723,2.635106325149536,-4.9679460525512695,-3.688551902770996,1.0706422328948975,-6.0296502113342285,-3.057622194290161,0.21826940774917603
5a6cb35f0,9.143083572387695,-3.215874671936035,-4.413363456726074,1.2966570854187012,-5.232637405395508,-8.090784072875977,-9.9005126953125,-5.76280403137207,-4.369568824768066,-3.453137159347534,-4.321379661560059,-9.936806678771973,7.123692035675049,-2.958620071411133,-9.498823165893555,-5.68190860748291,-7.017398834228516,-8.793611526489258,1.9764227867126465,-11.496973991394043,-10.74891471862793,-8.105273246765137,-6.848413467407227,-3.99534273147583
5a7bcbb6b,-1.9368174076080322,-1.726562738418579,-1.7434921264648438,-1.6924309730529785,-3.0517172813415527,-1.6910426616668701,-2.7392358779907227,-3.793807029724121,-3.651887893676758,-2.3096678256988525,-2.3060426712036133,0.221259206533432,-3.3948004245758057,-2.3458383083343506,-4.446464538574219,1.086648941040039,-4.895254135131836,-0.5148417949676514,-5.17332649230957,-0.3508758544921875,2.0294885635375977,-4.510553359985352,-2.1693198680877686,-0.5469263792037964
5aad095af,1.795543909072876,-7.611781120300293,-5.399380683898926,2.4792263507843018,-4.994598388671875,-5.719230651855469,-9.551766395568848,-5.683871269226074,-4.988168239593506,-4.255361557006836,-4.408189296722412,-8.726078987121582,8.9188232421875,-3.8423547744750977,-7.785304069519043,-5.883833885192871,-7.493917942047119,-9.091726303100586,2.6668307781219482,-12.22481632232666,-10.92667293548584,-6.72987174987793,-6.34086275100708,-3.9041242599487305
5ab6034bd,-4.239897727966309,-4.252018928527832,-7.538604736328125,2.4245688915252686,-1.2167143821716309,-2.6976702213287354,-7.625938415527344,-5.319005966186523,-2.5691771507263184,-4.9534196853637695,-2.662778615951538,-5.942507743835449,8.968907356262207,-0.9354596138000488,-4.919970989227295,-4.067602634429932,-5.261024475097656,-7.516762733459473,1.927767276763916,-8.120346069335938,-8.597159385681152,-1.8620057106018066,-2.693570137023926,-1.159468412399292
5af2fe631,-5.384696960449219,-5.298664569854736,-2.284356117248535,-3.0112383365631104,-5.4271931648254395,-2.584829807281494,-2.9875288009643555,-3.8265442848205566,-6.3060622215271,-2.139145612716675,-4.231889724731445,-1.2111492156982422,-4.527370452880859,-5.412927150726318,-2.6057217121124268,3.152827739715576,-6.904060363769531,-1.3350207805633545,-4.735121726989746,-1.8593249320983887,6.794297695159912,-6.672323226928711,-2.694547653198242,-1.1223523616790771
5af9b18bc,-3.879016399383545,-6.789046287536621,0.2868252992630005,-1.07814359664917,-4.785214900970459,-1.6687432527542114,-0.09661221504211426,-2.1217308044433594,-6.678003787994385,-1.2125897407531738,-3.845695972442627,-1.679360270500183,-6.50496768951416,-5.76359748840332,-3.2438902854919434,1.161818265914917,-5.403120040893555,-0.5497189164161682,-5.672513008117676,-2.7779829502105713,0.8346459269523621,-6.5944085121154785,-3.310234308242798,-0.4143001437187195
5afa3f7e3,-5.283790588378906,-4.796567916870117,-0.3854772448539734,2.0694146156311035,-4.290889739990234,-2.251837968826294,-3.143200635910034,-2.516913414001465,-5.4734978675842285,-1.9342257976531982,-3.243805408477783,-1.4956992864608765,0.6542362570762634,-4.7349138259887695,-1.9454681873321533,-4.006959915161133,-5.487082004547119,-2.6449122428894043,-0.5766854882240295,-4.704736709594727,-2.680239200592041,-3.8511788845062256,-3.9436933994293213,-2.2572898864746094
5b07c8425,-4.134354114532471,-5.316398620605469,0.09475771337747574,0.7855545282363892,-4.788636207580566,-2.416862964630127,-5.043686866760254,-2.767362594604492,-6.113929271697998,-2.9905142784118652,-4.166962623596191,-3.053764820098877,-0.7126776576042175,-4.812417507171631,-3.6145224571228027,-3.842500686645508,-5.957867622375488,-4.377068042755127,0.12199059128761292,-3.9269866943359375,-0.5979750156402588,-4.547834873199463,-5.418219089508057,-3.0783894062042236
5b8c00fa3,-0.8554253578186035,-2.4930334091186523,-5.405850410461426,2.913600206375122,-3.694124937057495,-3.36495041847229,-7.019717216491699,-2.661724328994751,-5.095775604248047,-4.56864070892334,-4.12636661529541,-7.085996627807617,0.9650683999061584,-3.3421361446380615,-2.06640625,-2.1065688133239746,-2.9762182235717773,-6.013062953948975,0.4563823342323303,-6.561595916748047,-6.137943267822266,-2.8672919273376465,-2.858642578125,-0.6673907041549683
5b8e98c73,-5.062264919281006,-1.8526442050933838,-5.432252407073975,3.5702524185180664,-1.2465307712554932,1.431236743927002,-4.097909927368164,-3.0193746089935303,-4.128844261169434,-2.4478747844696045,-2.782546043395996,-1.3171671628952026,3.27874755859375,-0.816057562828064,-3.213872194290161,-3.1676084995269775,-4.489312171936035,-4.977229118347168,-0.5860852599143982,-5.31565523147583,-2.1340370178222656,-1.0307607650756836,0.20458731055259705,0.7176992297172546
5b9ea14dc,-1.2636178731918335,-4.608996391296387,-7.31541633605957,2.3417060375213623,-4.859801292419434,-5.501650810241699,-9.665786743164062,-5.6974945068359375,-4.336083889007568,-4.998871326446533,-2.8554465770721436,-6.089383602142334,10.32676887512207,-2.968308925628662,-7.366636753082275,-6.298186302185059,-8.356022834777832,-10.348136901855469,2.861640691757202,-10.911054611206055,-10.805387496948242,-6.71178674697876,-5.731513023376465,-3.7250142097473145
5bae4e21a,-3.1917223930358887,-2.6776325702667236,-4.2996721267700195,2.200517177581787,-3.228422164916992,-3.7953593730926514,-3.2633628845214844,2.836979389190674,-4.6210174560546875,-2.2391390800476074,-2.5114121437072754,2.871206521987915,0.5492402911186218,-2.947183132171631,-2.328273057937622,-3.6612582206726074,-3.52345871925354,-4.489004135131836,0.20056678354740143,-4.814488887786865,-4.544127941131592,-3.0754947662353516,-2.802295684814453,-1.0435397624969482
5be5fe0a5,-2.298776865005493,-4.789912223815918,-0.4381776452064514,0.8182693719863892,-0.866573691368103,-2.0461666584014893,-3.4480180740356445,-1.0857155323028564,-5.150845527648926,4.435662269592285,-3.7513790130615234,-0.4529847502708435,-5.039139270782471,-3.9117746353149414,1.9011183977127075,-2.5614113807678223,-5.500070571899414,4.248106002807617,-2.2098827362060547,-3.998856544494629,0.8346703052520752,-4.195577144622803,-4.9740705490112305,-1.603182077407837
5befcfc23,-2.904322385787964,-4.871360778808594,-7.055373191833496,2.743244171142578,-2.6350221633911133,-4.604734897613525,-8.244535446166992,-5.722021102905273,-3.030409336090088,-4.713683128356934,-2.0024054050445557,-7.199539661407471,10.509296417236328,-1.7795343399047852,-7.015572547912598,-4.633517742156982,-5.8386359214782715,-8.011405944824219,1.8996429443359375,-10.44778060913086,-10.017807960510254,-3.9961965084075928,-3.7761945724487305,-2.105846881866455
5c018d488,-1.931702971458435,-4.324141502380371,1.4327586889266968,-0.9261527061462402,-2.3228776454925537,-3.4945452213287354,-1.8476650714874268,-0.04809141159057617,-6.503259181976318,-1.6951285600662231,-4.831892967224121,-2.5083816051483154,-5.626077651977539,-4.253128528594971,-1.7113182544708252,4.033221244812012,-4.902580261230469,-1.1973114013671875,-4.225103378295898,-4.4253082275390625,1.748220682144165,-4.952860355377197,-2.8697056770324707,-3.1473019123077393
5c78f82ce,-3.953840970993042,-5.527690887451172,-3.182318687438965,2.294725179672241,-5.876345157623291,-3.984330177307129,-5.699528694152832,-4.5319061279296875,-5.053806781768799,-5.091976642608643,-1.4803001880645752,-4.626402854919434,10.547996520996094,-3.662344455718994,-6.7154035568237305,-1.2164666652679443,-7.152824878692627,-5.387824535369873,-0.1997111439704895,-6.617704391479492,2.7277767658233643,-6.882271766662598,-3.460754871368408,-4.106586933135986
5c933a278,-5.671357154846191,-1.2559691667556763,-9.627681732177734,2.8561582565307617,-0.2377159595489502,-6.039987564086914,-9.46997356414795,-5.735173225402832,-4.130712985992432,-6.883203506469727,-7.486016750335693,-8.695786476135254,-0.3315979242324829,-3.4101486206054688,8.413921356201172,-5.225557327270508,-6.615821838378906,-8.236770629882812,0.841843843460083,-10.708430290222168,-1.6404552459716797,0.7449529767036438,-7.19723653793335,-2.9821181297302246
5c98718cc,-5.310026168823242,-7.810377597808838,0.19373153150081635,-2.825862169265747,-5.452707290649414,-2.256354808807373,-5.512825965881348,-3.496133327484131,-6.7228193283081055,-3.3458433151245117,-2.9755172729492188,0.12008403241634369,-2.403782367706299,-5.52491569519043,-2.5270538330078125,-3.933211088180542,-5.384125232696533,-4.804941654205322,-1.7468374967575073,-3.6966114044189453,7.168149948120117,-4.494624137878418,-3.530649185180664,-3.165095329284668
5ca2693b8,-3.572840452194214,5.168987274169922,-7.38834285736084,2.8952417373657227,-0.4073624312877655,-4.472301483154297,-7.604971885681152,-3.323267698287964,-3.1273033618927,-4.889286994934082,-5.655947685241699,-7.814146518707275,-1.5065422058105469,0.47495895624160767,5.505392551422119,-4.352231025695801,-2.2799277305603027,-6.350842475891113,-2.218303680419922,-6.929574966430664,-2.9085206985473633,2.341261148452759,-3.177999973297119,-1.948028802871704
5ca741848,6.635424613952637,0.24926148355007172,-0.953844428062439,2.3608224391937256,-4.784383296966553,-3.9767203330993652,-5.695085525512695,-1.9294719696044922,-4.299132823944092,-2.605146884918213,-3.996950149536133,-5.75286865234375,1.604467511177063,-2.067634344100952,-1.1186937093734741,-3.6281700134277344,-3.548025608062744,-4.058318138122559,0.1826702356338501,-4.996538162231445,1.8871256113052368,-4.907955169677734,-4.702756881713867,-2.921830654144287
5cc969370,-4.166872024536133,-3.5727176666259766,5.300543785095215,0.24487993121147156,-4.3704938888549805,-0.7094685435295105,-2.2331221103668213,-1.932265281677246,-4.913347244262695,-2.55871844291687,-1.2925753593444824,-2.2825517654418945,-5.268716335296631,-2.8360061645507812,-3.8880627155303955,-2.6192336082458496,-3.7549705505371094,-1.6102946996688843,-5.833086967468262,-2.2694785594940186,13.391851425170898,-4.600436687469482,6.277835845947266,-2.2140519618988037
5cd59433a,-2.505002498626709,-4.324275016784668,-5.404099464416504,2.4651522636413574,-4.924695014953613,-1.2213788032531738,-6.482611656188965,-4.440621376037598,2.081508159637451,-4.739007949829102,-2.2496650218963623,-6.0455451011657715,7.753806114196777,-3.209238052368164,-3.9404401779174805,-4.7454705238342285,-6.570250988006592,-5.867576599121094,0.5998415946960449,-6.512036323547363,-2.493560314178467,-5.168196678161621,-3.654306173324585,0.19467592239379883
5cdf192d0,-4.438816547393799,-4.914773941040039,-6.003271102905273,1.4951324462890625,-4.0062689781188965,-1.3688454627990723,-4.7229509353637695,-4.449605464935303,-3.5095977783203125,-3.9420435428619385,-0.6714890599250793,-2.950991630554199,7.444533348083496,-2.6817829608917236,-7.043581485748291,-4.257655143737793,-6.128496170043945,-6.060807228088379,-1.4355030059814453,-4.45598030090332,-6.637363910675049,-4.724506855010986,-0.6991080045700073,1.6408684253692627
5d16c8d12,-5.499053955078125,-5.89141845703125,-5.493619441986084,3.627422571182251,-6.980209827423096,-3.902676582336426,-7.80390739440918,-4.540295600891113,-7.6243133544921875,-5.00590705871582,-4.198150634765625,-7.831053733825684,8.53343677520752,-4.808515548706055,-4.900489807128906,-4.832862377166748,-7.328934669494629,-8.004583358764648,0.9895440340042114,-9.32465934753418,-8.764561653137207,-5.614049434661865,-5.3518524169921875,-4.560120105743408
5d1f50065,-2.8752894401550293,-3.545414924621582,0.000195428729057312,-1.34536612033844,-3.6307878494262695,-0.4619317054748535,-0.8731588125228882,-1.9591304063796997,-5.42010498046875,-2.049976348876953,-3.195268154144287,-2.127284049987793,-3.344897747039795,-4.099123001098633,-2.328620195388794,-1.5980360507965088,-3.3749492168426514,-0.9691457152366638,-2.5597634315490723,-3.0325417518615723,0.5843873023986816,-4.988041400909424,-2.677985906600952,0.8289440870285034
5d49c740c,-3.2997217178344727,1.9938294887542725,-1.2269772291183472,4.427565097808838,-2.5200698375701904,-2.301344394683838,-5.046823501586914,-3.6474127769470215,-4.981861114501953,-3.389111280441284,-2.6639885902404785,-5.672574996948242,1.1989295482635498,-0.7409166693687439,-5.663690567016602,-3.6738293170928955,-1.8304729461669922,-4.664910793304443,-1.2807865142822266,-4.980127334594727,-3.5407345294952393,-1.331296443939209,2.3696951866149902,-2.4677860736846924
5d4b5c988,-6.0154709815979,-6.790038108825684,1.42877197265625,-1.6976796388626099,-8.470098495483398,-2.7271456718444824,-5.878546237945557,-4.909157752990723,-9.651153564453125,-3.9747304916381836,-4.880690574645996,-3.971203327178955,-4.389457702636719,-6.991490364074707,-4.590559005737305,-6.010932922363281,-6.877729892730713,-5.181412220001221,-3.771174430847168,-5.2634077072143555,-2.7127442359924316,-7.100848197937012,-6.84140682220459,-6.643576622009277
5d52a6929,-4.712773323059082,-6.271520614624023,4.142645359039307,2.162029504776001,-5.795936107635498,-3.2147421836853027,-3.806328296661377,-3.770775318145752,-5.92509651184082,-1.7119622230529785,-1.9900819063186646,-5.2722883224487305,4.496451377868652,-3.8947525024414062,-6.921880722045898,-4.613290786743164,-6.382957458496094,-2.627910614013672,-1.9344191551208496,-6.178458213806152,-4.716007709503174,-6.155601501464844,-4.754855155944824,-4.410332679748535
5d6a40fcc,-4.3326005935668945,-4.204157829284668,-0.5650728344917297,1.2315853834152222,-4.823274612426758,-1.8155730962753296,-1.4529855251312256,1.9453476667404175,-5.607089042663574,-2.443056344985962,-3.49894118309021,-1.8893072605133057,-4.512359619140625,-3.9291396141052246,-1.899323582649231,1.8711868524551392,-2.2613813877105713,-0.29329201579093933,-4.07912015914917,-2.9792237281799316,5.123324394226074,-4.966115951538086,-1.9306390285491943,-2.9605932235717773
5d98e0758,-3.4404096603393555,-2.9936139583587646,0.42439448833465576,0.7912384867668152,-4.841952800750732,-0.8053709864616394,-1.0068556070327759,1.498260736465454,-5.502655029296875,-1.588841199874878,-2.503894567489624,0.49936556816101074,-2.9795913696289062,-4.2558417320251465,-3.122140407562256,-2.8934545516967773,-3.4832305908203125,-1.2986629009246826,-2.474057197570801,-2.6179890632629395,4.918768882751465,-4.050699710845947,-2.672367811203003,-0.9101958274841309
5daa4a8b4,-2.3834385871887207,-3.314635753631592,-3.97239351272583,2.0977134704589844,-0.4728529453277588,-4.303357124328613,-2.4351680278778076,3.856161117553711,-3.3129405975341797,-1.3950001001358032,-2.9343605041503906,1.4867150783538818,1.637155532836914,-1.6511659622192383,-3.0827343463897705,-2.2121036052703857,-3.3883450031280518,-3.919344186782837,0.2947027087211609,-5.550143241882324,-4.829669952392578,-1.7029075622558594,-3.0567665100097656,-1.4644901752471924
5ddb0927d,-5.715487480163574,-5.1734442710876465,-0.10326530784368515,-2.179081678390503,-4.717136383056641,-1.052105188369751,-4.367269515991211,-2.687958240509033,-5.933685302734375,-1.607013463973999,-3.044269561767578,-2.8876194953918457,-1.806778073310852,-3.3728654384613037,-2.573716640472412,-3.5988690853118896,-5.019840240478516,-3.418226480484009,-3.0643715858459473,-2.1497962474823,-1.330884337425232,-4.921430587768555,2.50020432472229,-2.5601460933685303
5e5664c3f,-3.499354362487793,4.563448905944824,-6.375168323516846,2.958479404449463,0.25387808680534363,-4.545177936553955,-6.653496265411377,-3.08181095123291,-3.2024130821228027,-4.913729667663574,-5.456131458282471,-7.99648904800415,-1.8389575481414795,-0.49209779500961304,5.090059757232666,-3.8732199668884277,-2.011033535003662,-5.680380344390869,-1.1088321208953857,-5.909421443939209,-1.30843985080719,3.0857744216918945,-3.318587303161621,-2.0627574920654297
5e8e9b3a3,-2.1541454792022705,-4.178000450134277,2.4373724460601807,2.4276318550109863,-3.975390911102295,-1.8424324989318848,-3.9895262718200684,2.7906062602996826,-5.322305202484131,-1.6314386129379272,-2.9919803142547607,-2.822144031524658,-0.33192071318626404,-3.710782766342163,-2.513624668121338,-2.8774261474609375,-3.6691994667053223,-3.28082537651062,0.18555712699890137,-4.767659664154053,-2.391568183898926,-3.4993467330932617,-4.160172462463379,-2.806835889816284
5eb00e3c2,-3.4533181190490723,-4.808116912841797,-2.2231156826019287,2.1242313385009766,-2.70963716506958,-3.1652185916900635,-4.198782920837402,-2.4599387645721436,-5.510209083557129,4.101761341094971,-2.4396650791168213,0.5102252960205078,-3.9174423217773438,-4.34737491607666,-4.282700538635254,-5.125256538391113,-4.817965030670166,7.720573425292969,-4.548716068267822,-5.365357875823975,0.761975884437561,-5.305232524871826,-5.581357479095459,-2.5972487926483154
5eb25675a,-1.3181535005569458,-4.917604923248291,-0.35697248578071594,3.2711939811706543,-6.423273086547852,-3.5043392181396484,-6.824397087097168,-4.623098373413086,-6.6768293380737305,-3.454897880554199,-5.021793842315674,-7.915064811706543,8.010384559631348,-3.063432216644287,-5.289355278015137,-5.447064399719238,-6.170234680175781,-5.095945835113525,2.910956621170044,-7.248133659362793,-5.990934371948242,-6.305600166320801,-6.812381267547607,-4.437038898468018
5eb7e8b11,-2.0744199752807617,-1.6060898303985596,-6.49324893951416,3.4127068519592285,8.50162410736084,-4.578874588012695,-6.10440731048584,-3.681666374206543,-2.652364730834961,-2.9586548805236816,-4.938114643096924,-4.194558143615723,1.7318954467773438,1.6903705596923828,3.4811806678771973,-4.427397727966309,-5.144710063934326,-3.3978614807128906,3.4728517532348633,-8.71088981628418,-7.022320747375488,0.4842287302017212,-4.943994522094727,1.2354483604431152
5ebd6a00d,-4.092899322509766,-5.392616271972656,0.7474946975708008,-0.6064978241920471,-6.6214919090271,-2.8736085891723633,-1.3172833919525146,2.8605635166168213,-7.245499610900879,-2.7916786670684814,-3.689058303833008,-2.0686612129211426,-5.919127464294434,-5.32758903503418,-1.3900666236877441,1.6015782356262207,-4.0811333656311035,-0.556525468826294,-5.408066749572754,-4.016629219055176,6.541769504547119,-7.235718727111816,-2.4557180404663086,-3.839611768722534
5ed8d7651,-2.917813539505005,3.139312267303467,-4.957783222198486,3.531947612762451,5.630475044250488,-4.2964043617248535,-6.49406623840332,-5.834783554077148,0.9347053170204163,-2.7667436599731445,-5.094840049743652,-8.466087341308594,0.5834801197052002,0.7339143753051758,0.7234715223312378,-4.093496322631836,-1.2676663398742676,-5.458168029785156,-0.6689375042915344,-5.092237949371338,-7.728239059448242,7.112617015838623,-3.0759079456329346,-1.9801397323608398
5ee247ff6,3.947200298309326,-5.875617504119873,-4.568081855773926,2.658252716064453,-6.6157426834106445,-4.8794450759887695,-7.4155731201171875,-4.377762794494629,-4.2316718101501465,-2.89045786857605,-3.5489912033081055,-6.376910209655762,7.341866493225098,-3.591529369354248,-7.2740607261657715,-2.8614351749420166,-6.774561405181885,-6.018481254577637,0.6719747185707092,-9.236860275268555,-9.173515319824219,-8.06226921081543,-5.322575092315674,-2.1858925819396973
5f19208ae,-3.570255756378174,-1.2065781354904175,-2.5697927474975586,0.9614242315292358,-1.029738187789917,-1.3083326816558838,-2.6370158195495605,0.6684207320213318,-4.100034236907959,0.9587398171424866,-2.275209903717041,0.5058906078338623,-0.9475126266479492,-1.997588872909546,-3.404447555541992,0.38795188069343567,-3.1043624877929688,1.5327612161636353,-2.51663875579834,-3.896064281463623,-2.3981974124908447,-2.995060920715332,-1.615025520324707,2.5395560264587402
5f1d5b579,-4.3070549964904785,-0.847204327583313,-4.24728536605835,3.5004680156707764,-2.2032828330993652,1.0944327116012573,-0.7187941670417786,-3.1287553310394287,-3.851040840148926,-2.42048978805542,-2.3485212326049805,-1.6159660816192627,-0.5208094120025635,-1.392535924911499,-3.5110654830932617,0.3266967236995697,-3.9645261764526367,-2.259796619415283,-2.3288726806640625,-2.7213330268859863,-1.380920648574829,-2.2771682739257812,0.42367956042289734,0.2540163993835449
5f364e40c,-3.8512067794799805,-4.087523460388184,0.029458090662956238,2.202876567840576,-4.658695220947266,0.6604999899864197,-2.5063860416412354,1.4194337129592896,-5.053131103515625,-0.06303593516349792,-2.610036849975586,-0.5200628042221069,-3.238767147064209,-3.296093463897705,0.23245392739772797,-2.922341823577881,-3.4723658561706543,-1.1408648490905762,-2.106663942337036,-2.61724853515625,8.272323608398438,-4.698164939880371,-2.2760167121887207,-2.7130541801452637
5f3d9eda3,-5.398353576660156,-4.2140607833862305,3.5869462490081787,-2.6214678287506104,-6.587744235992432,-1.6332347393035889,-3.298201084136963,-3.261571168899536,-7.607731342315674,1.1927266120910645,-3.3388891220092773,-1.2486891746520996,-4.970732688903809,-3.7775492668151855,-6.368321418762207,-4.885248184204102,-4.882515907287598,-0.6764024496078491,-5.661199569702148,-1.0369806289672852,4.722360134124756,-6.49376106262207,-6.011589050292969,-3.0090599060058594
5f3f335d5,-3.531217336654663,-0.2017696052789688,-0.5430623888969421,2.5428905487060547,-1.818833827972412,1.903390645980835,-3.42747163772583,-1.5766900777816772,-2.81304931640625,-2.396778106689453,-2.727146863937378,-2.7235817909240723,0.09650184214115143,0.48662376403808594,-2.3156816959381104,-2.532055377960205,-2.938687324523926,-2.722825527191162,-0.10953141748905182,-3.237105369567871,-0.3725607395172119,-2.416257381439209,-0.5981469750404358,-0.10612839460372925
5f5309c5c,-1.3174253702163696,-1.011570930480957,-1.4551528692245483,0.5822180509567261,-6.051910400390625,-4.235139846801758,-5.574714660644531,4.33367395401001,-4.551132678985596,-1.1627750396728516,-2.8755407333374023,-3.076352596282959,-1.8255857229232788,-3.419198989868164,-2.9169421195983887,-3.739993095397949,0.026495933532714844,-3.307544469833374,-2.826632499694824,-5.611021995544434,-4.115909576416016,-4.196022987365723,-3.8151707649230957,-3.522953510284424
5f551b741,-3.714749336242676,-7.580994606018066,-6.693622589111328,2.3575897216796875,-3.7973499298095703,-5.532059669494629,-8.932594299316406,-5.857895851135254,-5.032892227172852,-3.1570496559143066,-3.9390833377838135,-7.056069850921631,10.10114860534668,-2.7862534523010254,-7.947339057922363,-6.16099214553833,-8.396368026733398,-8.618924140930176,2.268038749694824,-12.14986801147461,-11.00889778137207,-6.194788932800293,-6.163610458374023,-3.4690518379211426
5f7a724e9,-2.907881259918213,-1.2707518339157104,-7.880019187927246,3.771287679672241,-0.6164655685424805,-4.964472770690918,-8.664823532104492,-6.061260223388672,-4.346368789672852,-4.991634368896484,-2.791139602661133,-7.685499668121338,10.894221305847168,-1.302805781364441,-2.2224390506744385,-4.119887351989746,-5.086336135864258,-8.723808288574219,3.1519455909729004,-10.086286544799805,-10.078676223754883,-1.4377059936523438,-5.070245265960693,-2.6316592693328857
5f848d7f5,-5.388572692871094,-2.926806688308716,-0.6233058571815491,-0.7855502367019653,-4.75750732421875,-3.5114152431488037,-1.6295950412750244,1.8385217189788818,-6.256021499633789,-0.4528489112854004,-1.7012416124343872,5.757596492767334,-3.6608641147613525,-3.671595573425293,-4.444063186645508,-3.2172608375549316,-3.8174455165863037,-2.023526191711426,-3.4121689796447754,-4.328571319580078,1.3358020782470703,-3.438202381134033,-1.8759092092514038,-2.5566163063049316
5fb610b12,-3.5348060131073,-6.033684730529785,9.234113693237305,-0.9037981033325195,-6.19498348236084,0.11096358299255371,-4.590960502624512,-2.50547456741333,-7.692388534545898,-2.311737060546875,-4.533378601074219,-3.5897202491760254,-4.991848945617676,-5.112755298614502,-5.485297203063965,-5.759022235870361,-6.171225547790527,-2.3741631507873535,-2.3691229820251465,-4.804245948791504,12.369174003601074,-6.479869842529297,-5.562744617462158,-5.762383460998535
5ffcddfc2,-3.1162519454956055,-0.8578112125396729,-3.981933116912842,2.9848711490631104,-1.7312383651733398,-3.4842278957366943,-3.9226508140563965,-2.479893445968628,-3.78617262840271,-2.660658836364746,-2.9384138584136963,-6.079005718231201,1.0535436868667603,-1.343448281288147,-3.241420030593872,-2.90433931350708,8.60031509399414,-0.9033795595169067,-1.4227912425994873,-4.840909957885742,-5.911065101623535,-1.4617222547531128,-3.1027636528015137,-1.0786793231964111
60045eef4,-4.945039749145508,-7.75767183303833,-7.249831676483154,3.2376890182495117,-4.568928241729736,-5.004696369171143,-9.16109561920166,-5.605186462402344,-5.556805610656738,-5.39961051940918,-3.5759057998657227,-7.693831443786621,9.883874893188477,-3.8273446559906006,-7.116054058074951,-5.9468231201171875,-8.405938148498535,-9.420318603515625,3.2674591541290283,-12.127079010009766,-9.507678985595703,-6.689258575439453,-4.698364734649658,-4.3914079666137695
6024f8ac7,3.5366263389587402,-2.1396429538726807,10.51785659790039,1.9163908958435059,-4.85896635055542,-2.8405442237854004,-5.364368438720703,-3.7952420711517334,-5.939253807067871,-2.9016456604003906,-7.541657447814941,-7.7485222816467285,-4.531972408294678,-2.476464033126831,-7.4344282150268555,-7.189094066619873,-4.712295055389404,-5.017115592956543,-0.766248881816864,-7.715015411376953,-5.306399345397949,-5.807331085205078,-7.025664806365967,-4.266115665435791
602a45829,-5.46774959564209,-5.853833198547363,-0.8358160257339478,1.447924017906189,-7.263204574584961,-4.039881229400635,-2.4527316093444824,3.912501811981201,-7.115966320037842,-2.376420497894287,-2.4083826541900635,4.909622669219971,-3.7148241996765137,-5.130147457122803,-3.565552234649658,0.2066059559583664,-3.1547279357910156,-1.543583631515503,-5.466949462890625,-4.316248893737793,2.5729095935821533,-6.316686153411865,-3.2586374282836914,-4.523703575134277
604e4a9bf,-5.51152229309082,-8.04057788848877,-7.906955242156982,3.0180609226226807,-3.724191427230835,-2.577310562133789,-8.090048789978027,-5.768523216247559,-4.616311073303223,-5.922853469848633,-1.9535274505615234,-5.6212873458862305,9.699851989746094,-3.4224445819854736,-8.173357009887695,-5.487958908081055,-7.703793525695801,-9.264336585998535,1.511821985244751,-9.279800415039062,-9.111932754516602,-5.30605936050415,2.864302635192871,-1.6011576652526855
605dfb3e7,-5.948467254638672,-5.665447235107422,-0.9404685497283936,-0.2116318941116333,-5.759167671203613,-2.1480109691619873,0.06470496952533722,0.30352941155433655,-6.998616695404053,-2.3105673789978027,-2.644257068634033,1.6261329650878906,-5.240388870239258,-5.575288772583008,-1.9940812587738037,-1.9472284317016602,-4.318515777587891,-1.124760389328003,-4.64166259765625,-2.9410438537597656,5.004025459289551,-5.8744330406188965,-3.175518035888672,-4.021042823791504
6061f98c4,-2.138643741607666,-2.082343816757202,-2.2439627647399902,2.4651403427124023,-2.5576999187469482,-4.3268866539001465,-4.625830173492432,1.4828426837921143,-4.41380500793457,-3.0867793560028076,-2.3746066093444824,1.25019371509552,1.8048796653747559,-1.8010468482971191,-2.8525984287261963,-3.1862878799438477,-3.5264086723327637,-4.932095527648926,1.9059834480285645,-6.0883097648620605,3.0343334674835205,-2.1344103813171387,-3.140033721923828,-2.038961410522461
6075551cf,-3.788655996322632,-3.753138542175293,1.4919606447219849,0.659704327583313,-8.89047908782959,-5.965860843658447,-6.176966667175293,4.966668128967285,-6.902298450469971,-2.336583137512207,-3.8715171813964844,-2.0724503993988037,-3.6847198009490967,-4.761321544647217,-1.6891236305236816,-4.204576015472412,-1.2667497396469116,-3.9624853134155273,-3.8121414184570312,-4.931951522827148,-2.8000168800354004,-6.161187648773193,-4.496608734130859,-5.473689556121826
60be2b292,-1.8956496715545654,-4.1329498291015625,-5.63250732421875,2.1843061447143555,0.08338320255279541,-1.2372455596923828,-4.477372646331787,-4.377098560333252,-2.3133132457733154,-3.348222017288208,-1.7868776321411133,-3.080899238586426,4.900201797485352,-1.6955037117004395,-6.0445027351379395,-4.232906818389893,-5.144596576690674,-5.237451553344727,-0.6006066799163818,-5.545374393463135,-6.30086612701416,-2.8285813331604004,-0.7640062570571899,3.4564266204833984
60ce9ef41,-4.4766526222229,-5.574545860290527,-4.300122261047363,2.6693854331970215,-6.908048629760742,0.8487520217895508,-6.430647850036621,-3.664356231689453,-5.713962078094482,-3.3012120723724365,-1.6156847476959229,-4.140590667724609,9.266512870788574,-2.1488289833068848,-6.253789901733398,-4.034201622009277,-6.905724048614502,-6.88587760925293,-1.3266972303390503,-6.963970184326172,-5.177302360534668,-6.9906511306762695,-0.34398752450942993,-1.4264450073242188
611ff585c,-3.21574068069458,-9.661230087280273,1.0210001468658447,-4.511348724365234,-7.978079795837402,-2.719149589538574,-1.829531192779541,-4.909750938415527,-8.745230674743652,-2.4179859161376953,-5.358798980712891,-4.313755035400391,-7.207454681396484,-8.039639472961426,-4.309356689453125,-4.1462860107421875,-7.3230133056640625,-2.3524374961853027,-4.27361536026001,-4.913640975952148,6.642218112945557,-8.689776420593262,-7.691834449768066,-6.33647346496582
612786f16,-3.746015787124634,-4.190097808837891,0.810320258140564,-1.6851880550384521,-2.358781576156616,-1.3967032432556152,-2.826831817626953,-1.5587348937988281,-4.567074298858643,-2.260636568069458,-2.8065414428710938,-0.9027146697044373,-4.299654006958008,-3.7816340923309326,-3.3689050674438477,2.5974273681640625,-5.162765026092529,-0.4948461651802063,-4.932616710662842,-2.1409213542938232,1.0875638723373413,-4.9900922775268555,-2.016439199447632,1.7694625854492188
61381bc45,-5.015798568725586,-4.099870681762695,-0.13197851181030273,3.315451145172119,-4.597250938415527,-2.431990623474121,-6.0655293464660645,-2.8090672492980957,-5.773641109466553,-3.63461971282959,-3.983926773071289,-4.131221771240234,1.4505101442337036,-3.3036413192749023,-1.4921817779541016,-3.694409132003784,-5.30167293548584,-3.1672348976135254,0.25080206990242004,-5.477535247802734,-2.8922505378723145,-3.4364805221557617,-3.909925937652588,-3.161329746246338
617e547fc,-5.635477066040039,-3.557830572128296,-0.6717272996902466,1.2717796564102173,-6.5383758544921875,-2.318845748901367,-5.149003028869629,-0.5983770489692688,-6.715245246887207,-4.196297645568848,-1.4934172630310059,-1.0440199375152588,-2.544069290161133,-3.7415380477905273,-3.4015908241271973,-4.236236572265625,-3.9967565536499023,-3.6565968990325928,-3.189126491546631,-4.727450370788574,9.17430305480957,-4.845943927764893,-3.8111088275909424,-2.4997076988220215
619709d2e,-2.902615547180176,3.0185446739196777,-2.038294553756714,2.566282033920288,-1.3219763040542603,-1.92490553855896,-4.615992546081543,-4.654273986816406,-3.3488693237304688,-4.274658203125,-3.800340175628662,-5.013291358947754,-1.3631877899169922,-0.04161980748176575,-1.2338413000106812,-3.9841432571411133,-3.560650110244751,-3.8630917072296143,-2.546931266784668,-3.101898670196533,8.494844436645508,-0.8926796913146973,-2.3365750312805176,-1.8787939548492432
6201fcc32,-6.833437919616699,-5.815342903137207,2.175919532775879,-1.3700106143951416,-6.821384429931641,-2.987783908843994,-5.024605751037598,-4.042039394378662,-7.974339485168457,-2.4050278663635254,-5.378936290740967,-2.623295545578003,-4.186572074890137,-6.830352306365967,-4.226154327392578,-5.212884902954102,-7.416436195373535,-4.939742088317871,-5.297523498535156,-4.919412612915039,-2.54596209526062,-7.195955276489258,-6.669872283935547,-4.728964805603027
623288b5f,-4.029439449310303,-4.670191764831543,-0.5945136547088623,0.36897012591362,-5.846278190612793,-0.8937780857086182,-3.6355972290039062,-1.4965825080871582,-5.962009429931641,6.104130268096924,-2.4356369972229004,1.884171962738037,-5.921665191650391,-4.630277633666992,-2.298741102218628,-4.126852035522461,-5.240121841430664,7.379225254058838,-4.917147159576416,-3.8501124382019043,-0.803438663482666,-6.2250471115112305,-4.907749652862549,-3.092282772064209
625dacb5b,-1.7278317213058472,-3.3121542930603027,-3.7528882026672363,3.3478477001190186,-0.09012585878372192,-4.52683162689209,-5.018111228942871,-0.9237566590309143,-3.892005443572998,-0.18137380480766296,-5.086721420288086,-5.282758712768555,1.377286672592163,-2.6090714931488037,3.3224291801452637,-2.1172876358032227,-4.980754375457764,-1.1357675790786743,0.9019888639450073,-7.451871871948242,3.876345634460449,-1.5627672672271729,-4.173130989074707,-2.0527844429016113
626ded621,8.466545104980469,-1.533358097076416,-4.735327243804932,2.572406053543091,-2.4039487838745117,-6.630572319030762,-7.709983825683594,-5.055885314941406,4.959038257598877,-3.232809543609619,-5.5504889488220215,-7.659845352172852,3.7373476028442383,-2.4749298095703125,-4.829283714294434,-4.671448707580566,-4.883470058441162,-6.204071998596191,2.952317714691162,-4.9288225173950195,-3.4621171951293945,-4.226407051086426,-5.326769828796387,-1.2049603462219238
62a5bac1f,-3.471752405166626,-2.582517623901367,-0.060926418751478195,0.18148253858089447,-4.002988338470459,-1.054520845413208,-3.32505202293396,-0.5301898121833801,-3.456785202026367,-2.100170373916626,-2.2428672313690186,-1.4878554344177246,-2.3248496055603027,-2.5906975269317627,-1.9498212337493896,-1.993128776550293,-2.765195846557617,-0.7463729381561279,-3.117220878601074,0.9700644612312317,0.4051007628440857,-4.052588939666748,-2.668811321258545,-1.4607430696487427
62b969829,-5.214302062988281,-4.585611343383789,-1.22278892993927,-0.16124141216278076,-3.728712558746338,0.0632789134979248,-2.689314365386963,-2.372842788696289,-4.367215156555176,-3.130174160003662,-1.7853894233703613,-1.7155919075012207,-5.454661846160889,-3.270022392272949,-3.4967381954193115,-2.6689844131469727,-2.7109851837158203,-4.137507438659668,-5.935257911682129,-4.273036479949951,0.4821186661720276,-3.8003926277160645,7.887704849243164,-1.8723963499069214
62cdaff63,-5.784140586853027,-3.1810359954833984,-3.957587242126465,3.061561107635498,-4.6335039138793945,-2.602557897567749,-5.386414527893066,-3.5372445583343506,-7.560859203338623,-4.096700668334961,-4.480806350708008,-0.08643262088298798,-0.9868828058242798,-3.7593915462493896,-0.7113097906112671,-4.6534199714660645,-4.8163557052612305,-6.083987236022949,1.1122961044311523,-2.8735289573669434,0.032593369483947754,-2.622556447982788,-3.5645079612731934,-3.1065874099731445
6315bf8c1,-5.280226707458496,-5.559441566467285,0.29445385932922363,0.8822997808456421,-6.668658256530762,-4.509488582611084,-2.990100383758545,2.7502105236053467,-6.349549293518066,-2.7471389770507812,-3.966524600982666,-2.475245237350464,-5.9488067626953125,-6.417777061462402,-1.5300462245941162,3.9625635147094727,-3.321979284286499,-1.3255516290664673,-6.0465240478515625,-4.696622848510742,1.0488238334655762,-6.16068696975708,-1.9856668710708618,-3.438110828399658
6339b0fe8,-0.7517359852790833,-3.330763339996338,-0.02327316254377365,2.316493511199951,-6.108019828796387,-2.09667706489563,-4.729219436645508,-2.217594861984253,-6.98460578918457,-3.75897216796875,15.693721771240234,1.5182100534439087,-0.20017346739768982,-4.7375993728637695,-0.2867845296859741,-3.779428482055664,-4.178104400634766,-1.8067537546157837,-0.9619020819664001,-2.4373738765716553,1.907834529876709,-4.579224109649658,-4.489548683166504,-3.673800468444824
63488bef2,-1.7829289436340332,-2.9252915382385254,-5.8340559005737305,2.0738918781280518,-2.7709708213806152,1.3603451251983643,-2.899517059326172,-2.2312703132629395,4.48677396774292,-3.1295933723449707,-1.0582557916641235,-2.8479065895080566,6.851100921630859,-1.9952218532562256,-4.040126323699951,-3.4420578479766846,-1.8126435279846191,-4.720970630645752,2.0662293434143066,-5.141659736633301,-2.4836764335632324,-3.220427989959717,7.868690490722656,-0.7821661233901978
6369e4329,-0.606032133102417,-5.1566972732543945,3.8916664123535156,0.9093387126922607,-5.64560604095459,-4.950661659240723,-6.042819023132324,-5.536293029785156,-4.910482406616211,-2.8116836547851562,-0.8224738836288452,-5.564226150512695,5.722010135650635,-3.3818421363830566,-9.326187133789062,-4.5265703201293945,-5.653589725494385,-3.8343777656555176,-1.9043986797332764,-4.45859956741333,-1.1575963497161865,-6.172767162322998,-4.70816707611084,-3.64393949508667
63740a39a,-5.5228424072265625,-4.576581954956055,-3.399200916290283,0.26807183027267456,-7.637988567352295,-5.430903434753418,-3.4286513328552246,3.9042859077453613,-6.815021514892578,-1.6215109825134277,0.5719291567802429,6.788113594055176,-2.5954833030700684,-3.9624991416931152,-5.669558525085449,-2.943552017211914,-2.586602210998535,-2.9830408096313477,-4.390763759613037,-5.228600025177002,-4.150672912597656,-5.311347007751465,-3.230593204498291,-3.565566062927246
63a72d4df,-3.7607741355895996,-3.609626293182373,0.04898218810558319,2.342503070831299,-3.159776210784912,-1.9696815013885498,-4.313016891479492,3.1891002655029297,-4.0894927978515625,-3.337456226348877,-2.9995853900909424,-1.9807302951812744,-1.61370849609375,-3.3761444091796875,-1.6403716802597046,-2.3542582988739014,-2.1135759353637695,-3.6914069652557373,-1.8666218519210815,-2.3909502029418945,-0.30214399099349976,-3.0991058349609375,0.5827630758285522,-1.236533284187317
640a12ba5,-1.126623272895813,4.688873291015625,-4.336014747619629,2.837498664855957,-2.4312801361083984,-4.104378700256348,-4.1006669998168945,-4.35136079788208,-3.7083396911621094,-2.4821343421936035,-3.272150993347168,-5.992961406707764,-0.8877309560775757,-0.5122418403625488,-4.739652633666992,-4.314697742462158,12.647022247314453,0.1964998096227646,-3.614621639251709,-4.570916175842285,-6.928734302520752,-0.85503751039505,-3.558851480484009,-1.8431603908538818
6458135e9,-6.344457149505615,-5.168506622314453,-3.1656734943389893,0.21109676361083984,-7.291766166687012,-3.9524624347686768,-1.5957889556884766,4.5443549156188965,-6.404160499572754,-0.8948577642440796,-2.8412652015686035,5.143686294555664,-2.786773920059204,-3.923065662384033,-3.4104645252227783,-2.177967071533203,-3.509812831878662,-3.2633779048919678,-3.2305777072906494,-4.634909629821777,-1.9357404708862305,-5.557830333709717,-2.657785415649414,-3.7795121669769287
645d26f1a,-5.169003963470459,-8.33988094329834,-8.376163482666016,2.323509454727173,-5.119021415710449,-3.4459118843078613,-9.63119888305664,-7.301298141479492,-5.144655227661133,-6.3930745124816895,-3.218942403793335,-7.52711820602417,10.453978538513184,-3.8452892303466797,-7.8817291259765625,-5.806645393371582,-8.922456741333008,-10.677127838134766,2.073782444000244,-11.396730422973633,-10.952177047729492,-6.287250518798828,-4.502972602844238,-3.5484890937805176
646096f6d,-5.251782417297363,-5.52811861038208,-0.6809148192405701,-0.9369864463806152,-6.533666610717773,-2.1662089824676514,-0.8095970153808594,-2.3779001235961914,-7.1617512702941895,-1.7239530086517334,-3.9718356132507324,-1.6054784059524536,-5.555612564086914,-5.377922058105469,-4.387021541595459,-4.748246192932129,-3.2968249320983887,-0.2934696674346924,-4.777191638946533,-3.026829242706299,2.8909850120544434,-6.365722179412842,-5.121756553649902,-3.9188995361328125
647395d2e,3.5492005348205566,-6.257621765136719,-7.213584899902344,3.0890793800354004,-0.682981014251709,-6.895518779754639,-9.404243469238281,-6.0072150230407715,-3.8969995975494385,-4.141979694366455,-5.767159461975098,-9.958130836486816,7.989241600036621,-2.508545160293579,-7.0550031661987305,-5.649599075317383,-7.412296772003174,-9.533550262451172,3.6225295066833496,-12.642938613891602,-11.16341495513916,-5.49661111831665,-6.302245616912842,-2.3147664070129395
64a384ae9,-6.356601715087891,-5.877198219299316,0.31400880217552185,-1.74529230594635,-6.264671802520752,-2.3145909309387207,4.656516075134277,3.751129150390625,-7.0717902183532715,-2.3226981163024902,1.6118972301483154,2.017094850540161,-3.806622266769409,-5.475336074829102,-3.8432164192199707,-2.6944169998168945,-4.213149547576904,-1.9881017208099365,-3.8236536979675293,-3.0227599143981934,6.313251495361328,-5.7489824295043945,-3.0470356941223145,-0.8580703735351562
64e48fa13,-2.5091397762298584,-2.544982433319092,1.1903557777404785,-5.415081977844238e-05,-2.2415995597839355,-2.587405204772949,-2.400726556777954,1.4963792562484741,-4.29191780090332,-1.3091166019439697,-3.4062609672546387,-1.1902539730072021,-4.121006011962891,-3.4661736488342285,-2.3614799976348877,-1.2357232570648193,-1.7819595336914062,-0.8655856251716614,-3.179530620574951,-3.783938407897949,-1.8674914836883545,-4.803365230560303,-2.2653207778930664,2.156155586242676
64e4ee35e,-5.297556400299072,-4.767308712005615,9.273513793945312,2.1261589527130127,-4.42938756942749,-1.6725356578826904,-5.168992042541504,-4.079341888427734,-8.7427978515625,-0.07334291934967041,-4.885939598083496,-5.505043029785156,-5.573074817657471,-3.033953905105591,-7.05882453918457,-6.170409679412842,-7.87852144241333,-2.111069679260254,-3.967071056365967,-4.397202491760254,6.5832929611206055,-6.535617828369141,-6.282678604125977,-7.4787211418151855
64f72bfd9,-2.770106315612793,-5.275142669677734,0.8091890811920166,-1.4204462766647339,-4.435396194458008,-1.2730270624160767,-3.725571632385254,-2.033433437347412,-6.444149971008301,-1.8851661682128906,-2.4700655937194824,-1.5073316097259521,-3.0630364418029785,-4.942154884338379,-3.6892614364624023,-4.628023147583008,-4.875851154327393,-2.5403761863708496,-2.529728412628174,-1.0365819931030273,3.2342865467071533,-5.551154136657715,-3.8663346767425537,-0.8213261365890503
64f95f4a4,-8.957939147949219,-8.661355972290039,-2.681236505508423,-3.926928997039795,-8.094596862792969,-3.593906879425049,-7.833883285522461,-7.8183183670043945,-8.648397445678711,-3.847010374069214,-5.913651466369629,-5.45993185043335,-5.690713882446289,-7.787346839904785,-6.027048110961914,-6.715566158294678,-7.349522113800049,-6.687626838684082,-5.268243789672852,-6.578521728515625,-2.585695743560791,-7.463451862335205,-7.6809868812561035,-5.756136894226074
6525d9e01,-4.1894001960754395,-0.9439611434936523,-4.293174743652344,3.4228601455688477,-2.23875093460083,-1.2094812393188477,-6.147790908813477,-3.5849573612213135,-4.82388973236084,-4.002920150756836,-3.375983238220215,-6.111827850341797,1.9897602796554565,-1.7816619873046875,-3.013925075531006,-2.6327054500579834,-4.043468952178955,-5.926346302032471,1.4811604022979736,-5.506335258483887,15.251689910888672,-1.4401657581329346,-1.034805417060852,-0.2136603593826294
653ee449b,-2.9869070053100586,-4.058493614196777,1.0671018362045288,0.2836291790008545,-2.9629130363464355,-2.4516913890838623,-3.8333957195281982,-2.2729287147521973,-5.816694259643555,2.2554965019226074,-1.5603454113006592,0.6553156971931458,-1.0163946151733398,-3.8660852909088135,-3.7730817794799805,-3.695873737335205,-5.067629814147949,5.3342413902282715,-3.091010570526123,-3.2066993713378906,3.281269073486328,-5.122845649719238,-4.521717071533203,-3.050485134124756
65686369a,-8.758430480957031,-8.06608772277832,-1.7348518371582031,-2.492479085922241,-7.613115310668945,-3.258533477783203,-2.6009299755096436,3.4978697299957275,-8.362811088562012,-3.506417989730835,2.2033731937408447,8.152170181274414,-5.919105529785156,-5.3897600173950195,-4.004192352294922,-2.536609411239624,-5.575891971588135,-1.740912675857544,-6.465691089630127,-3.713817596435547,1.4791933298110962,-7.896450042724609,-3.2842588424682617,-5.937049865722656
6571d33c3,-2.443309783935547,-1.700715184211731,1.2248510122299194,-0.5231439471244812,-0.3431985676288605,-1.417118787765503,-1.570764183998108,-1.706897258758545,-3.84782338142395,-1.733094573020935,-3.1403770446777344,-0.5859872698783875,-3.8364615440368652,-2.4196910858154297,-3.992280960083008,-3.166179656982422,-4.347075462341309,-2.5303022861480713,-3.1901605129241943,-2.868131160736084,7.4926018714904785,-3.363417387008667,-1.3317322731018066,2.588552713394165
65cff7f09,-2.9318385124206543,0.5713262557983398,-4.906590461730957,3.5194997787475586,3.540976047515869,-3.170070171356201,-4.589557647705078,-3.3479230403900146,-2.083132743835449,-1.9417588710784912,-3.599628448486328,-4.841664791107178,2.7104222774505615,3.241123676300049,-2.8526365756988525,-2.8548245429992676,-3.082690715789795,-4.763157844543457,-0.41671958565711975,-1.9721925258636475,-6.590662479400635,0.9685834050178528,-2.986861228942871,-1.0186995267868042
65da0693a,-7.637784481048584,-5.990753173828125,-0.2959306240081787,-2.8899238109588623,-8.677942276000977,-3.74151873588562,-4.3976593017578125,3.2958316802978516,-8.47681999206543,-4.934267044067383,-2.273548126220703,5.187498569488525,-6.503407001495361,-4.910755634307861,-4.336341381072998,-5.556957244873047,-4.7238922119140625,-4.5158772468566895,-4.8361053466796875,-4.8126959800720215,6.993010520935059,-7.673577308654785,-4.456724166870117,-7.195209503173828
660cfa188,-2.283623456954956,-1.698946237564087,-0.8314324617385864,2.4373128414154053,-1.915030837059021,-1.5891783237457275,-4.205452919006348,0.09701088815927505,-5.207290172576904,0.13644623756408691,-3.3883895874023438,-2.273890256881714,4.538869857788086,-1.7148048877716064,-2.261079788208008,-3.03902006149292,-4.458189487457275,-2.964710235595703,-0.2013004720211029,-3.5984716415405273,3.892886161804199,-3.9493026733398438,-2.577138662338257,-1.7177263498306274
6612d3ab9,-4.009886264801025,-5.191694259643555,0.42154455184936523,-1.5008201599121094,-5.097318649291992,-1.7836105823516846,-4.427819728851318,0.013900279998779297,-7.680529594421387,-2.9175257682800293,-4.783234596252441,-4.050877571105957,-6.437781810760498,-6.218560695648193,3.208362102508545,-5.246478080749512,-5.015993595123291,-3.4472217559814453,-2.5963661670684814,-4.436616897583008,-1.2845736742019653,-4.559724807739258,-5.2377753257751465,-3.4844839572906494
661acb581,-5.559865474700928,-2.836021900177002,-2.1631855964660645,3.03439998626709,-3.546556234359741,-1.4992573261260986,-6.670330047607422,-3.1575846672058105,-5.613966941833496,-3.1642916202545166,-4.567389488220215,-2.1408891677856445,-1.074366807937622,-4.393136978149414,1.9209282398223877,-5.429928779602051,-5.300419807434082,-4.768972873687744,1.269368290901184,-3.775377035140991,4.734627723693848,-2.397754192352295,-5.782835006713867,-3.3366775512695312
664440cc1,-2.925656318664551,-8.446346282958984,-7.822182655334473,3.573690414428711,0.44073694944381714,-5.083580493927002,-9.497538566589355,-5.887969493865967,-4.977962017059326,-4.220614910125732,-3.934291362762451,-7.613358020782471,9.893980026245117,-3.173511028289795,-7.316653251647949,-5.931243419647217,-8.68487548828125,-9.134806632995605,3.3271565437316895,-11.783954620361328,-11.014305114746094,-6.579957962036133,-5.510228157043457,-3.7046661376953125
6644a4394,-3.6719484329223633,-4.418619155883789,-0.5631497502326965,0.37577980756759644,-4.937313556671143,-1.0795254707336426,-4.654895782470703,-1.9724993705749512,-5.709538459777832,-3.7903032302856445,-3.3326311111450195,-3.5404038429260254,-3.3021888732910156,-2.4906020164489746,0.6565950512886047,-4.391550064086914,-4.962113857269287,-2.7774901390075684,-2.263390064239502,-1.237060308456421,11.395397186279297,-5.043493747711182,-5.270732879638672,-2.807020664215088
6647de1de,-4.828261852264404,-5.374964237213135,1.2280198335647583,-1.1691633462905884,-6.135782241821289,-1.7178235054016113,-1.5544371604919434,3.997507333755493,-7.293758869171143,-1.1028708219528198,-4.3722052574157715,-1.5357379913330078,-6.6109418869018555,-5.790372848510742,-1.4658113718032837,-2.9554643630981445,-2.9379119873046875,-1.9152929782867432,-4.717569351196289,-3.134096384048462,-0.7745176553726196,-5.9352827072143555,-3.353440046310425,-1.7406010627746582
66499fc74,-2.695730686187744,4.488349437713623,-6.938571929931641,4.215297698974609,1.3758902549743652,-4.509927749633789,-8.433701515197754,-5.920480728149414,-3.4678735733032227,-4.110654830932617,-4.308379173278809,-9.413004875183105,1.7632761001586914,0.5488964915275574,-4.584787368774414,-4.355225563049316,-1.396073818206787,-6.879186630249023,-1.1798458099365234,-6.823116302490234,-4.676981449127197,1.6266260147094727,-2.4889724254608154,-1.8629977703094482
666318477,-4.882727146148682,-3.3841030597686768,-1.392564296722412,-0.650063693523407,-3.4649643898010254,-1.481392741203308,-3.0665042400360107,0.3654271364212036,-5.56473445892334,-2.529555082321167,-4.335345268249512,-2.534644603729248,-5.280652046203613,-4.655956268310547,4.052586555480957,1.2185245752334595,-5.2939605712890625,-0.591222882270813,-1.3023985624313354,-3.6855788230895996,-1.4720146656036377,-2.977550506591797,-3.5958619117736816,-3.112460136413574
666fa787d,-3.771357536315918,0.5891949534416199,-1.691728949546814,3.295667886734009,-2.02294659614563,-3.9202005863189697,-4.8746867179870605,-0.9486671686172485,-3.9934628009796143,-2.772080421447754,-4.61409854888916,-3.953305244445801,-0.8735834956169128,-1.8354262113571167,-1.6240628957748413,-3.704578399658203,1.0994518995285034,-4.552977561950684,-0.8879348635673523,-4.262415885925293,-4.488375663757324,-0.31651073694229126,-3.3618009090423584,-1.8244290351867676
66800b5e8,-3.4528374671936035,6.780261993408203,-3.2313995361328125,3.375596523284912,-2.2259836196899414,-4.318450927734375,-5.576884746551514,-3.4439573287963867,-4.24431037902832,-2.7901406288146973,-4.032070636749268,-6.588497161865234,-1.3029083013534546,-0.1258370280265808,-4.326726913452148,-3.555196762084961,14.731803894042969,-3.1475276947021484,-4.291784286499023,-4.836176872253418,-5.9592695236206055,0.34142348170280457,-3.635223150253296,-0.962437093257904
669ca1384,-2.0511035919189453,1.9236018657684326,-4.464511871337891,3.4449939727783203,3.5452609062194824,-3.6744484901428223,-6.055802345275879,-5.4315338134765625,0.5156717300415039,-2.3650999069213867,-4.757214546203613,-6.917095184326172,1.0454431772232056,0.6440936923027039,0.4965413808822632,-3.854320526123047,-0.6302052736282349,-4.77066707611084,-0.1960577368736267,-5.870652198791504,-7.028448104858398,8.587594985961914,-2.7399985790252686,-1.4746760129928589
66b551e1c,-7.581869602203369,-5.659083843231201,-0.2713492512702942,-2.3049111366271973,-6.0805253982543945,-2.3217029571533203,-2.716848373413086,3.8448050022125244,-7.889463424682617,-2.877332925796509,-2.107525587081909,7.684699535369873,-6.062221050262451,-4.725584506988525,-3.2884464263916016,-4.833250999450684,-4.546595573425293,-3.3227057456970215,-4.883453369140625,-4.429861068725586,1.3238120079040527,-5.677394866943359,-3.864358425140381,-4.465088367462158
66c0b7a87,-3.1855719089508057,-1.5939762592315674,0.1423850655555725,1.3114882707595825,-3.5360605716705322,-2.2027478218078613,-3.26564884185791,0.7131716012954712,-4.432978630065918,-1.136408805847168,-3.1307849884033203,-1.878952980041504,-2.496934413909912,-2.9918594360351562,-1.2882568836212158,-2.8774476051330566,-0.9223411083221436,-0.8080292344093323,-2.6983578205108643,-4.0151214599609375,-0.933344304561615,-2.967320203781128,-1.691716194152832,-0.4718113839626312
66d843421,-2.7195847034454346,0.26498177647590637,-5.673229217529297,3.524293899536133,5.272189140319824,-3.5847902297973633,-6.193206787109375,-5.198606491088867,-2.2252678871154785,-3.7972335815429688,-4.329054355621338,-6.772124290466309,2.6082053184509277,0.8382459878921509,-2.9705100059509277,-3.0445218086242676,-2.73652720451355,-5.3368682861328125,1.682515263557434,-6.747059345245361,-6.693845272064209,0.12094756960868835,-3.0027849674224854,-0.5899566411972046
66f148c5d,-5.789851188659668,-4.487953186035156,-4.151937484741211,0.746717095375061,-1.5270508527755737,2.4740357398986816,-2.7810821533203125,-3.1487202644348145,-4.527228355407715,-2.6497983932495117,3.5821778774261475,-0.313048392534256,-0.8170047998428345,-1.9710915088653564,-4.732622146606445,-3.963440179824829,-5.136782169342041,-3.4255216121673584,-4.268068313598633,-1.6744639873504639,-1.187049388885498,-3.7671713829040527,1.5248183012008667,2.3818321228027344
670fa8fe4,-2.435373306274414,1.8473658561706543,-0.3033839762210846,1.8036625385284424,-0.9801450967788696,-2.760730028152466,-2.5008296966552734,-0.9153147339820862,-2.4825191497802734,0.4916993975639343,-3.8053042888641357,-3.3079090118408203,-1.5257978439331055,-1.5257468223571777,0.7300353050231934,-2.492306709289551,-1.9355734586715698,-0.9746755957603455,0.3038301169872284,-3.4635162353515625,2.076953411102295,-0.10222923755645752,-3.702924966812134,-2.3497862815856934
6716d7b0a,2.248579740524292,5.554987907409668,-1.5772649049758911,3.449113130569458,-1.1906754970550537,-4.325294017791748,-5.398887634277344,-3.7439255714416504,-4.150298595428467,3.9710941314697266,-5.089622497558594,-6.250011920928955,-0.8933427333831787,0.10224220156669617,-1.477711796760559,-3.5855300426483154,-1.8602039813995361,-3.280637502670288,1.021221399307251,-4.232858657836914,-4.548816680908203,1.2603660821914673,-4.097797870635986,-2.7227954864501953
672c6cb7e,-2.3756723403930664,-3.2737009525299072,0.13403144478797913,0.6611019372940063,-5.18950080871582,-2.5133042335510254,-2.8765759468078613,1.4859774112701416,-4.804470062255859,-0.5976991057395935,-2.715808153152466,-0.8282313346862793,-3.2552080154418945,-3.6238346099853516,-1.5663028955459595,-2.8155910968780518,-2.239393949508667,-0.22709369659423828,-2.837890386581421,-2.7145824432373047,-2.172720193862915,-4.37987756729126,-1.3632893562316895,-2.177744150161743
6754afd3e,-0.9850624799728394,-2.458636522293091,-6.265106678009033,2.811391830444336,-2.214294910430908,-4.309031009674072,-7.396267890930176,-5.611645698547363,-2.479194402694702,-3.995478391647339,-1.6988255977630615,-5.505377292633057,10.26735782623291,-1.5015919208526611,-5.279597282409668,-3.754774808883667,-5.133357048034668,-7.929651737213135,1.7191401720046997,-8.47390365600586,-8.449321746826172,-3.3832290172576904,-4.159597873687744,-1.2552999258041382
677375eab,-0.6783566474914551,-0.9763744473457336,0.7772114276885986,0.6877533793449402,-0.7601670622825623,-1.1205453872680664,-3.236266851425171,0.38712096214294434,-2.7422523498535156,-1.5079277753829956,-2.53725004196167,0.8989262580871582,-2.854462146759033,-2.3744609355926514,-2.609436273574829,-3.3210415840148926,-2.5400688648223877,-2.5806703567504883,-3.04836368560791,-2.18430757522583,-1.2580344676971436,-2.4034154415130615,-0.3684924244880676,1.9380691051483154
6774f4a94,-1.7270464897155762,2.599027156829834,-5.127837657928467,3.5108656883239746,3.832470417022705,-3.3326494693756104,-6.1845703125,-2.9577860832214355,-2.589977502822876,-2.270256996154785,-3.05200457572937,-3.86618971824646,2.450826644897461,1.0925551652908325,-3.218296527862549,-4.0881733894348145,-0.6621452569961548,-4.9783172607421875,0.7092763185501099,-6.187446117401123,-6.927983283996582,2.173020124435425,1.499901294708252,0.46717965602874756
677674f7e,-1.4733245372772217,-1.0837677717208862,-1.0556219816207886,1.1293096542358398,-2.913088321685791,-4.007596015930176,-5.065595626831055,-1.0125067234039307,-3.8236629962921143,-2.7268993854522705,-3.1072397232055664,-3.326674461364746,-0.6257355213165283,-2.1379246711730957,-1.4208776950836182,-3.725321054458618,-3.531940460205078,-3.4249703884124756,0.7136036157608032,-3.8193185329437256,6.308087348937988,-3.29660701751709,-3.716651439666748,-1.9013731479644775
677d702ed,-6.481301784515381,-5.903562545776367,-0.5448746085166931,-3.571584701538086,-5.633261680603027,-2.1449177265167236,-4.148448944091797,-2.541506767272949,-5.700807094573975,-4.208661079406738,-2.931784152984619,1.0239548683166504,-3.2450332641601562,-4.732048511505127,-3.8681740760803223,-3.991154193878174,-5.304242134094238,-4.220187187194824,-4.4292311668396,-1.376793622970581,-0.9664013981819153,-5.6880950927734375,1.0124051570892334,-3.465782642364502
677eadf1d,-5.003298759460449,-2.5569088459014893,-5.06662654876709,1.6860512495040894,-2.6633596420288086,-3.953908681869507,-7.75712776184082,-4.5901689529418945,-5.196999549865723,-4.919754981994629,-5.16574764251709,-7.1132097244262695,-1.8465672731399536,-2.764882802963257,-1.8148239850997925,-1.9986048936843872,-3.2219128608703613,-6.798871040344238,-0.8101792335510254,-7.320497035980225,-5.498992443084717,-2.3644890785217285,-2.363255739212036,-0.78775954246521
67b4e6106,2.010526657104492,-2.4249565601348877,1.6729971170425415,-0.4025232791900635,-5.4275593757629395,-3.6031579971313477,-5.045722961425781,-2.549232006072998,-5.5551557540893555,-2.576817035675049,-3.686615228652954,-1.748537540435791,-1.5193378925323486,-2.93115234375,-4.1734795570373535,-4.228766918182373,-4.557502269744873,-2.5995681285858154,-2.764474868774414,-2.343529224395752,0.09200859069824219,-6.533175945281982,-5.365890979766846,0.405543714761734
67e281c93,-3.1083450317382812,-0.9091413021087646,-7.999532699584961,2.7365775108337402,-1.0161761045455933,-4.519500255584717,-7.131259441375732,-2.6958048343658447,-2.4464640617370605,-4.079560279846191,-4.80055046081543,-7.06727409362793,1.2408709526062012,-2.268706798553467,8.095952033996582,-3.5169596672058105,-4.003053665161133,-5.826170921325684,1.8155701160430908,-8.764595985412598,-6.4589948654174805,0.5824457406997681,-3.5907931327819824,-1.9698196649551392
67e743e50,1.1844322681427002,-3.500763416290283,-5.926031112670898,3.632028579711914,-2.542013645172119,-4.66652774810791,-8.019937515258789,-5.008265972137451,-4.530336380004883,-4.115729331970215,-5.100889205932617,-7.043581008911133,4.546586990356445,-2.6670870780944824,-4.719449996948242,-3.967456817626953,-5.026108264923096,-7.818389415740967,2.515228271484375,-8.878583908081055,-8.459441184997559,-4.455597877502441,-5.736311912536621,-2.789691925048828
67f65024c,-6.7609453201293945,-9.055805206298828,-4.819105625152588,2.1424479484558105,-9.71700668334961,-4.09835147857666,-7.446041584014893,-5.3131608963012695,-6.917200565338135,-6.038321018218994,-1.0953551530838013,-4.721707344055176,8.503853797912598,-5.761364936828613,-8.2886323928833,-5.34678316116333,-9.14651870727539,-7.351027488708496,-0.6576785445213318,-8.302295684814453,-7.77635383605957,-8.876374244689941,-4.740891456604004,-5.071113109588623
68271ac06,-3.83842134475708,-2.3888444900512695,-0.5168835520744324,1.3320958614349365,-6.275641441345215,-3.353093147277832,-3.6484534740448,2.692518711090088,-6.3155012130737305,-2.8736910820007324,0.18492795526981354,2.479910373687744,-2.321293592453003,-2.9087493419647217,-2.0259885787963867,-3.3931221961975098,-2.7900917530059814,-3.031642198562622,-2.2917675971984863,-4.179019927978516,8.794148445129395,-4.965462684631348,-2.859541416168213,-3.6665573120117188
683b2d33a,-3.7136263847351074,5.338557243347168,-3.3245177268981934,4.060828685760498,-2.6678574085235596,-2.4619650840759277,-2.9036669731140137,-3.4031615257263184,-4.904706954956055,-2.9901657104492188,-3.464301586151123,-5.119781494140625,-3.323167085647583,1.3367149829864502,-4.388781547546387,-4.320659637451172,29.69411849975586,-0.9434525370597839,-5.09877347946167,-4.902774810791016,-3.3636560440063477,-1.5552177429199219,-2.1886420249938965,-2.625706195831299
6842ad5f5,12.136529922485352,-0.2748541533946991,-6.827496528625488,1.2093620300292969,-1.5440123081207275,-12.721147537231445,-12.652865409851074,-9.525463104248047,-2.725459098815918,-4.077266216278076,-8.99366569519043,-12.464797973632812,0.6718534231185913,-1.5444233417510986,-10.043424606323242,-8.285316467285156,-6.290079116821289,-9.134742736816406,2.0448951721191406,-11.572582244873047,-9.458184242248535,-5.375576019287109,-8.580558776855469,-1.8121994733810425
68516c163,-2.817751407623291,-0.42405015230178833,-0.4858091175556183,1.2828218936920166,1.566802740097046,-1.6172221899032593,-4.159307956695557,-2.5812981128692627,-2.749844551086426,-2.0878396034240723,-3.4014012813568115,-3.4960432052612305,-1.2998472452163696,0.439258337020874,3.1754002571105957,-3.763619899749756,-4.2562642097473145,-2.5419206619262695,-3.0384349822998047,-2.181321859359741,-0.23830440640449524,-1.1280242204666138,-3.3640823364257812,0.035017844289541245
6874c0d4d,1.4856557846069336,6.005931854248047,-0.9173078536987305,3.1330127716064453,-0.10384321212768555,-1.8343149423599243,-4.440459251403809,-3.653510093688965,-3.6269357204437256,-0.28200727701187134,-3.551525354385376,-4.73192834854126,3.056293487548828,0.6068950891494751,-2.6129066944122314,-3.1383252143859863,-2.127058982849121,-3.219667673110962,0.13608120381832123,-2.717564344406128,-2.3622684478759766,-1.5350539684295654,-2.0170540809631348,0.5015156269073486
6883ca9da,-1.8684065341949463,0.7215880751609802,-0.8939987421035767,0.9783450365066528,-2.860914468765259,-3.3393044471740723,-1.8282115459442139,-1.5765862464904785,-4.6309814453125,-1.871376872062683,-4.354001522064209,-2.774393320083618,-1.2595374584197998,-2.382676362991333,-3.0112531185150146,3.6499643325805664,-3.8667683601379395,-1.5782644748687744,-2.6556286811828613,-3.226846694946289,-0.8104326725006104,-3.255295515060425,-2.858551502227783,-2.5519890785217285
6883e6410,-3.93794584274292,-1.6459627151489258,-1.2354044914245605,1.8845351934432983,-5.449140548706055,-3.4069156646728516,-2.535862445831299,0.909824013710022,-4.648447513580322,-2.5925474166870117,0.2417541742324829,5.498842716217041,1.844982624053955,-2.666882276535034,-4.273441314697266,-3.620628833770752,-2.850130319595337,-2.611123561859131,-1.3521100282669067,-3.6236610412597656,5.032421112060547,-4.334554672241211,-3.5113325119018555,-1.388055682182312
688e9f624,-5.15786075592041,-8.36874008178711,-7.792597770690918,2.5522689819335938,-4.510259628295898,-5.2999444007873535,-10.538667678833008,-5.970811367034912,-6.831826686859131,-5.417532920837402,-3.9621572494506836,-7.850258827209473,11.024758338928223,-3.933938980102539,-8.01522445678711,-6.870640754699707,-9.477611541748047,-11.137486457824707,2.705965995788574,-12.756815910339355,-12.305214881896973,-6.821153163909912,-5.74055290222168,-4.69365119934082
68a9682da,-2.275425672531128,-4.8702497482299805,-2.126814365386963,3.3476099967956543,-2.8807294368743896,0.32412266731262207,-2.7595417499542236,-2.3585352897644043,0.9842628836631775,-2.772005319595337,-1.3811124563217163,-2.2116527557373047,5.562757968902588,-3.1216683387756348,-3.163133382797241,-2.970292091369629,-2.6109509468078613,-3.1079068183898926,0.9515062570571899,-4.595431804656982,-1.4648656845092773,-3.8767306804656982,7.825774192810059,-0.29231494665145874
68f29b7ff,-3.0297586917877197,-0.7011351585388184,-1.4471688270568848,2.7305641174316406,-0.19883635640144348,-3.2108426094055176,-3.813474655151367,-0.02884626016020775,-3.8498895168304443,-2.173600435256958,-2.9164865016937256,-3.8566036224365234,1.209524393081665,-1.1243207454681396,-2.783411979675293,-2.0403387546539307,-3.0906739234924316,-2.4537529945373535,-1.384735107421875,-4.9812774658203125,0.29032981395721436,-1.8058898448944092,-2.9954543113708496,-2.039989948272705
68f5b5475,-4.0965094566345215,-0.7555834054946899,-2.5183300971984863,0.3353258967399597,-5.154865264892578,-4.185184955596924,-2.5503287315368652,-1.8289315700531006,-5.022768020629883,-2.8739397525787354,-3.0623631477355957,-4.962867736816406,-0.550049901008606,-2.408838987350464,-2.3173675537109375,-3.653019428253174,15.712173461914062,-0.18919044733047485,-3.7465059757232666,-4.161783695220947,-3.4158358573913574,-3.6722166538238525,-3.037423610687256,-3.0870752334594727
69052d450,-6.91908597946167,-3.5902953147888184,-7.200831890106201,3.011500835418701,-3.183734655380249,-4.654256820678711,-8.153717041015625,-2.0050241947174072,-6.060795783996582,-7.302942276000977,-5.450836181640625,-9.326583862304688,-3.023899555206299,-4.999354839324951,9.72663688659668,-6.013304710388184,-8.098258972167969,-6.167091369628906,-0.3513600826263428,-9.943838119506836,-6.645694732666016,-2.192023277282715,-6.593034744262695,-4.324442386627197
699180f02,-4.608009338378906,-5.1337385177612305,5.240818500518799,2.526130199432373,-3.8959102630615234,-2.823517322540283,-4.6210246086120605,-2.870659351348877,-6.316387176513672,-2.3996798992156982,-0.9559151530265808,-4.812183380126953,4.88279914855957,-4.523384094238281,-6.22669792175293,-5.090403079986572,-5.4806132316589355,-2.5100462436676025,-0.8427234888076782,-6.182979583740234,-2.538538932800293,-5.407048225402832,-4.550333499908447,-3.6980977058410645
699a84cc6,0.6774818897247314,-2.069387674331665,0.8496471643447876,1.6236037015914917,-3.900174140930176,-2.6402053833007812,-3.3761396408081055,-2.7246649265289307,-1.0008139610290527,3.8846194744110107,-3.129714012145996,0.5366722345352173,-0.13568130135536194,-2.6303067207336426,-0.9675573110580444,-2.6706180572509766,-3.98017954826355,6.408818244934082,-0.20670898258686066,-2.516873598098755,6.010805606842041,-3.3446335792541504,-4.136980056762695,-2.1395180225372314
699beb630,-3.1582536697387695,-2.854095458984375,3.0868353843688965,0.5538344383239746,0.6023753881454468,0.6365696787834167,-2.581718921661377,-3.9084510803222656,-4.073976516723633,-1.58048677444458,-3.4977829456329346,-1.35073721408844,-3.2712464332580566,-1.9033652544021606,-4.657501220703125,-4.050173759460449,-4.4555206298828125,-1.695635437965393,-4.149664878845215,-1.943050742149353,-0.951052188873291,-3.554661750793457,-1.9159936904907227,-0.07325875759124756
69af71b93,-4.207880973815918,-1.3605455160140991,-8.536042213439941,3.130460739135742,3.9025588035583496,-5.5255022048950195,-8.258430480957031,-3.927903652191162,-2.384046792984009,-5.797001838684082,-5.895721435546875,-7.99346399307251,0.45603758096694946,-1.8992030620574951,7.6597900390625,-5.076186180114746,-5.367226600646973,-6.031508445739746,3.6410365104675293,-9.85413932800293,-7.554629325866699,2.0588138103485107,-5.452014923095703,-1.8517303466796875
69df70ed4,3.8036763668060303,3.7601277828216553,-0.7514768838882446,2.1038341522216797,3.014564037322998,-2.8740017414093018,-4.348115921020508,-1.1929787397384644,-1.7845134735107422,0.5105077028274536,-4.18553352355957,-3.062445640563965,-1.3112910985946655,0.3805699348449707,-2.1211133003234863,-2.436042547225952,-1.234367847442627,-1.1035397052764893,-0.9172027111053467,-2.7784714698791504,-3.039577007293701,0.6307425498962402,-2.691107988357544,1.673222541809082
69e703021,-2.929837703704834,4.20539665222168,-2.495123863220215,2.242518424987793,1.000295639038086,-2.772179365158081,-2.517744541168213,-2.621454954147339,-4.451456069946289,-2.000567674636841,-4.200801372528076,-2.455526113510132,-3.019461154937744,-1.2617477178573608,-1.1529221534729004,1.0099225044250488,-3.0216269493103027,-2.0422210693359375,-1.8893415927886963,-1.840202808380127,-2.426863670349121,-1.641553282737732,-2.687741279602051,-1.5184087753295898
6a22383e8,5.433732032775879,-2.9050655364990234,0.2251468002796173,1.5903677940368652,-8.231500625610352,-6.054263114929199,-8.080817222595215,-4.293738842010498,-5.564279079437256,-3.307481288909912,-5.560051918029785,-8.940510749816895,-0.09496623277664185,-3.8896145820617676,-6.994037628173828,-4.589960098266602,-3.2696375846862793,-5.0691070556640625,-1.6143732070922852,-5.34272575378418,-3.500248432159424,-7.1439528465271,-6.003969669342041,-4.120909690856934
6a2f51a91,-5.243278503417969,-7.643286228179932,2.4814212322235107,-0.4742310643196106,-7.543609619140625,-3.9223527908325195,-4.192876815795898,-3.117953062057495,-9.396554946899414,-3.755465507507324,-4.636711597442627,-4.172967910766602,-6.037515640258789,-6.616180419921875,-2.564162492752075,2.0750927925109863,-7.126055717468262,-1.8952810764312744,-4.068181991577148,-4.107517719268799,4.321376323699951,-8.691055297851562,-4.682092666625977,-6.084907054901123
6a398f741,-2.6702256202697754,-1.229488730430603,-4.9162468910217285,2.460660219192505,-4.150639057159424,-4.577920913696289,-5.366595268249512,-0.09720341861248016,-5.220249652862549,-3.886934280395508,-4.622092247009277,-5.451310634613037,1.5589146614074707,-3.5435500144958496,5.530316352844238,-3.2276673316955566,-2.297454595565796,-3.480191707611084,-1.4232454299926758,-6.498370170593262,-4.796238422393799,-2.208338975906372,-4.46466588973999,-2.585111141204834
6a422bf2a,0.3040907382965088,-2.215285301208496,-0.9514131546020508,2.7108426094055176,1.4202309846878052,-3.7772302627563477,-4.735013008117676,-2.104792356491089,-2.6996660232543945,-1.4027307033538818,-3.9918570518493652,-5.127411842346191,2.557530164718628,-2.429813861846924,-1.2620245218276978,-3.5404257774353027,-3.6304352283477783,-3.045548915863037,1.9510884284973145,-6.3355913162231445,-1.4202344417572021,-1.4838870763778687,-3.3924896717071533,-1.181004285812378
6a64ed14a,5.4638166427612305,0.8472097516059875,-0.4703398048877716,2.2057385444641113,-2.9470183849334717,-7.022528171539307,-8.004196166992188,-6.578146934509277,-3.948498249053955,-3.7921833992004395,-5.131139755249023,-9.223532676696777,2.315300464630127,-1.6146647930145264,-6.405991077423096,-4.5513081550598145,-3.957052707672119,-5.643955707550049,-0.40325918793678284,-4.748567581176758,0.4725315272808075,-3.0085606575012207,-5.573651313781738,-2.217684745788574
6a69edc38,-3.1096479892730713,-4.271383285522461,0.09097990393638611,0.05320043861865997,-8.217192649841309,-4.592822074890137,-3.4113755226135254,4.862603187561035,-7.436235427856445,0.5698728561401367,-3.289982795715332,-0.6951183676719666,-2.8713176250457764,-5.453943729400635,-1.5475733280181885,-2.6663870811462402,-2.405904769897461,-1.8755313158035278,-3.048373222351074,-4.896533489227295,0.20395860075950623,-6.8905487060546875,-3.8048341274261475,-5.263104438781738
6ab2c0f60,0.779560923576355,0.4699806272983551,2.1157712936401367,-0.9681446552276611,-1.4819860458374023,-2.55202317237854,-4.293979644775391,-4.271031379699707,-4.009608268737793,-1.8587676286697388,-4.449365139007568,-3.1495110988616943,-3.963284730911255,-1.7000601291656494,-5.158180236816406,-4.1046671867370605,-3.8031859397888184,-2.8778345584869385,-3.359898090362549,-2.1282269954681396,-1.835477590560913,-3.5355615615844727,-3.295616865158081,1.83640718460083
6ae8f5382,-3.689539909362793,-2.8181519508361816,0.4601694941520691,0.8553470969200134,-7.227395057678223,-2.5794239044189453,-3.1064136028289795,0.5402206778526306,-7.2611870765686035,-1.973897933959961,-4.527215957641602,-0.8856179118156433,-5.364170551300049,-3.3792433738708496,-2.622152805328369,3.8203816413879395,-3.9872853755950928,-1.367042064666748,-3.643853187561035,-3.1547396183013916,4.002701282501221,-6.512666702270508,-2.1746816635131836,-4.265501976013184
6af5b3562,-8.263982772827148,-10.375679016113281,-2.3597660064697266,-6.140316486358643,-6.827284336090088,-2.3568687438964844,-5.921664237976074,-6.5863189697265625,-7.318352699279785,-4.276608467102051,-4.0316081047058105,-0.05483756959438324,-4.279966354370117,-7.535435199737549,-5.377833366394043,-6.886785507202148,-9.004446983337402,-6.00042724609375,-5.711563587188721,-3.3351404666900635,-1.5927823781967163,-6.9179158210754395,-4.644461631774902,-4.100682258605957
6aff5cf53,8.336721420288086,-0.22955575585365295,0.796693742275238,1.2040045261383057,-3.689281702041626,-8.593820571899414,-9.01930046081543,-5.2459869384765625,-3.8594069480895996,-1.183839201927185,-6.898405075073242,-9.784357070922852,-2.8435399532318115,-2.2837650775909424,-8.191246032714844,-6.716161727905273,-4.491524696350098,-6.5050506591796875,-0.15115143358707428,-8.184032440185547,-7.039614677429199,-5.221264839172363,-6.674480438232422,-3.0350828170776367
6b1d82872,-4.016020774841309,0.8696364760398865,-3.494781970977783,2.546609878540039,-1.700020432472229,-3.4550671577453613,-6.051115036010742,-3.0826807022094727,-5.125776290893555,-1.068428874015808,-3.6100919246673584,-3.5397655963897705,3.9486265182495117,-1.63229238986969,-3.7145872116088867,-4.555453300476074,-3.2199783325195312,-4.792715072631836,0.32848840951919556,-7.0575103759765625,-6.234734535217285,-1.5439330339431763,-3.529629707336426,-2.0685181617736816
6b2e36461,-0.8422566652297974,-5.802242755889893,8.476001739501953,1.4133820533752441,-7.934452056884766,-2.7686715126037598,-5.234121322631836,-2.5859644412994385,-10.7090482711792,-2.328965187072754,-5.785513877868652,-6.971898555755615,-5.574275970458984,-4.872204780578613,-6.114777565002441,-6.498633861541748,-6.35647439956665,-2.730409860610962,-2.407125949859619,-5.841944694519043,-4.3958964347839355,-8.035724639892578,-6.824631690979004,-7.379307746887207
6b5a3bd5d,-5.186153888702393,-4.799871444702148,-2.498810052871704,-0.5742062926292419,-7.862896919250488,-4.043865203857422,-3.2337865829467773,2.224729299545288,-7.151067733764648,-3.0181868076324463,0.6262394785881042,6.135456085205078,-1.2865910530090332,-4.494345188140869,-4.258425712585449,-4.14256477355957,-4.617117881774902,-3.6333043575286865,-2.602214813232422,-4.8737664222717285,1.0720915794372559,-6.140199184417725,-4.5462327003479,-4.704782485961914
6b5d3d437,0.6398864388465881,-4.0077691078186035,-6.38400411605835,3.0006046295166016,-1.3048007488250732,-5.328804016113281,-7.228399753570557,-5.441098213195801,-1.0221807956695557,-3.438091993331909,-3.842349052429199,-7.384411811828613,7.8338727951049805,-1.4059947729110718,-6.45940637588501,-4.023387908935547,-5.388935089111328,-6.760035514831543,2.6590042114257812,-8.377632141113281,-7.866350173950195,-3.7836573123931885,-4.2724761962890625,-2.118901014328003
6b6f122ef,-5.217023849487305,-4.592582702636719,2.260326862335205,0.6610139608383179,-6.716228485107422,-2.1377453804016113,-2.115231990814209,2.0554356575012207,-8.028899192810059,-0.6350581049919128,-5.355956077575684,1.2028796672821045,-5.660836219787598,-5.081807613372803,-1.4905002117156982,-3.223600387573242,-2.8095364570617676,-2.7417473793029785,-3.545241594314575,-3.4347658157348633,-1.7043547630310059,-5.487560272216797,-3.66599702835083,-4.774845123291016
6ba56d580,-2.6416447162628174,-1.0777424573898315,1.2881925106048584,0.9366191625595093,-3.439619779586792,-3.092465400695801,-2.5603604316711426,1.4331233501434326,-3.5485355854034424,-1.9311968088150024,-2.846590042114258,3.450352668762207,-1.659292221069336,-2.311236619949341,-3.124392032623291,-2.6292941570281982,-3.0040242671966553,-3.3313822746276855,-1.7896668910980225,-3.976411819458008,4.350547790527344,-3.0429186820983887,-2.619009017944336,-3.4679789543151855
6bae6bb3f,-4.9607439041137695,-6.295677185058594,-0.8792691230773926,1.39840829372406,-5.860531330108643,-2.78951096534729,0.5475295186042786,-1.5478219985961914,-6.664768695831299,-2.0486814975738525,-4.479303359985352,-2.025700092315674,-4.708984375,-7.324937343597412,-3.0121805667877197,2.4892172813415527,-3.5807647705078125,0.19756841659545898,-5.670626640319824,-3.2646946907043457,-0.30321967601776123,-5.7828898429870605,-2.553389072418213,-2.3028533458709717
6be4c02d4,-4.698387145996094,-3.668748140335083,0.4904179573059082,-0.03275188058614731,-3.5252387523651123,-0.10795935988426208,-2.9405906200408936,-1.1984992027282715,-4.515317916870117,-3.4894397258758545,-2.2453932762145996,-1.91554594039917,-3.924940824508667,-2.080448627471924,-2.2736711502075195,-2.6458938121795654,-2.9310719966888428,-1.9174487590789795,-3.0885167121887207,-2.951228141784668,4.680578231811523,-3.8516364097595215,5.046703338623047,-1.7400192022323608
6becbad51,-0.20455552637577057,-2.6030213832855225,-2.61842679977417,2.8032784461975098,-2.621037006378174,0.8083440065383911,-2.682952404022217,-2.228224277496338,4.39605188369751,-2.3054800033569336,-1.318607211112976,-2.761812448501587,8.410369873046875,-1.679728627204895,-3.9413294792175293,-3.1624231338500977,-1.433897614479065,-3.113217830657959,0.17480134963989258,-3.9497148990631104,-0.8745152950286865,-3.08510160446167,8.485684394836426,-0.46538880467414856
6c0c838b2,-3.52390718460083,-2.1252875328063965,-2.9681179523468018,2.729430675506592,0.22089321911334991,-2.454390287399292,-3.577282428741455,-2.8969390392303467,-4.046504497528076,-2.034970760345459,-4.376733779907227,-0.6795188188552856,4.44942045211792,-2.211699962615967,-3.678501844406128,-4.756716728210449,-4.775476932525635,-3.7593791484832764,2.5627102851867676,-4.589510917663574,-4.8165788650512695,-2.6535515785217285,-2.379295825958252,3.5504355430603027
6c113beb2,-6.524749279022217,-5.421228408813477,-1.4144532680511475,-5.132392406463623,-7.343741416931152,-2.789374828338623,-4.680747985839844,0.01324552297592163,-7.7502946853637695,-3.8960251808166504,-3.5977163314819336,2.7809581756591797,-5.87053108215332,-5.022230625152588,-5.529287338256836,-5.7249908447265625,-5.458359718322754,-4.605051040649414,-5.172802448272705,-3.1737728118896484,22.02682113647461,-7.410316467285156,-4.307708740234375,-5.0069169998168945
6c39a091e,-5.498635292053223,-7.528414726257324,-0.6747115850448608,-1.9071619510650635,-6.695934295654297,-3.287243366241455,-3.0058507919311523,-2.5286991596221924,-6.786412239074707,-2.2349367141723633,-3.2564804553985596,0.43336743116378784,-5.6630401611328125,-6.00819730758667,-3.5505290031433105,2.9492526054382324,-5.193371295928955,-0.8160723447799683,-5.852831840515137,-3.7156078815460205,5.354608535766602,-6.6067657470703125,-2.6932168006896973,-3.857545852661133
6c7eabc0f,-5.441948890686035,-5.385237693786621,1.4914615154266357,-1.1963565349578857,-8.290670394897461,-4.356730937957764,-6.4219841957092285,2.971968650817871,-7.122221946716309,-4.527929306030273,-3.743122100830078,-1.8109686374664307,-4.343772888183594,-5.2321696281433105,-2.1771509647369385,-3.5407588481903076,-1.6317442655563354,-4.823237895965576,-3.7314600944519043,-4.96107292175293,-0.12656357884407043,-5.949666500091553,-4.6003618240356445,-5.392371654510498
6c860fd6c,-4.0120463371276855,-2.8458797931671143,-0.4860478341579437,-0.9748826026916504,-8.702171325683594,-3.8263707160949707,-2.9325249195098877,2.62540340423584,-7.681931495666504,-2.723919153213501,-1.64747953414917,3.6443328857421875,-2.2697410583496094,-4.277158737182617,-4.792239189147949,-3.8553905487060547,-3.8501579761505127,-2.8723697662353516,-4.3872246742248535,-4.463604927062988,3.313648223876953,-6.826908588409424,-3.9387474060058594,-4.720665454864502
6c9a8a0d2,-5.079163551330566,-5.716840744018555,-3.674891948699951,-0.6411684155464172,-2.9333109855651855,-0.5998439788818359,-3.4755911827087402,-4.797268867492676,-3.5036187171936035,-2.7620558738708496,-0.33005034923553467,-0.2787007987499237,3.4077060222625732,-1.518531322479248,-6.306412696838379,-3.546428918838501,-5.703098297119141,-2.7207932472229004,-2.6279335021972656,-0.05120677500963211,2.3984670639038086,-3.3687009811401367,-1.652186632156372,-1.283333420753479
6cacd1ead,-2.458482503890991,-1.3337314128875732,-1.0894447565078735,1.844212532043457,-2.4445242881774902,-1.7955851554870605,-2.587993621826172,-1.0505735874176025,-3.417921543121338,-0.6307758092880249,-3.1507797241210938,-2.3123350143432617,-1.067688226699829,-2.8992481231689453,-1.9384828805923462,-2.9806928634643555,-3.4874963760375977,-1.7500325441360474,-1.603339433670044,-2.976851224899292,3.657872200012207,-2.9817261695861816,-3.629868507385254,-1.0391850471496582
6cb435384,-8.04425048828125,-7.113212585449219,-0.3140040636062622,-4.0115814208984375,-7.105232238769531,-2.6567773818969727,-3.0898356437683105,3.473878860473633,-8.552572250366211,-3.861175060272217,-2.6836769580841064,5.476433753967285,-5.641725540161133,-5.739925384521484,-4.731949806213379,-4.725766181945801,-5.000102996826172,-4.964028358459473,-5.113922119140625,-3.860529899597168,-0.8161187171936035,-6.633522033691406,-3.8761630058288574,-4.904109954833984
6cd0c5f0a,6.8472442626953125,-3.486403465270996,-2.855184555053711,1.6777431964874268,-6.578578948974609,-7.510727882385254,-10.100409507751465,-6.982546329498291,-4.387185573577881,-4.057125091552734,-4.952173233032227,-10.398754119873047,5.553647994995117,-3.3225278854370117,-11.10358715057373,-6.487432479858398,-6.6469244956970215,-7.610888481140137,0.8530001044273376,-9.119335174560547,-8.0800142288208,-8.167656898498535,-7.4577484130859375,-4.560025691986084
6d182bbc9,-2.200742721557617,-1.5780062675476074,-5.343944549560547,3.0047645568847656,3.239840507507324,0.9481523036956787,-5.401504993438721,-4.722756385803223,-1.3739839792251587,-2.5845656394958496,-3.181560516357422,-4.173935413360596,7.1509199142456055,1.944690227508545,-1.5947892665863037,-1.8101369142532349,-4.070615768432617,-3.580214738845825,2.0821611881256104,-6.376684188842773,-3.6997358798980713,-0.5327678322792053,-0.4388107657432556,0.21031132340431213
6d57eea35,-5.5057172775268555,-1.617754340171814,-1.1220924854278564,-1.9283825159072876,-3.89487886428833,-2.151346445083618,-4.046230316162109,-2.907240152359009,-4.4125213623046875,-3.640120506286621,-3.2455191612243652,-1.4800677299499512,-3.5490593910217285,-3.483767032623291,-1.633455753326416,-3.6647486686706543,7.12339973449707,-2.8021421432495117,-2.815871238708496,-0.41229742765426636,0.7800232768058777,-3.397109031677246,-0.3612420856952667,-2.6589505672454834
6d6752935,-5.561662197113037,-4.610411643981934,-1.0081939697265625,-2.9627323150634766,-7.34355354309082,-3.2768945693969727,-3.250565528869629,-1.815582513809204,-7.413334846496582,-5.302700042724609,-0.802284836769104,2.0172204971313477,-3.817948341369629,-3.086185932159424,-5.929880142211914,-5.574627876281738,-5.10122013092041,-3.3681752681732178,-4.004426956176758,-3.461552619934082,13.516107559204102,-6.86192512512207,-4.099948883056641,-5.1519060134887695
6d67cb361,-5.548356533050537,-8.22948169708252,4.055241584777832,-1.2602124214172363,-7.089962005615234,-2.450197458267212,-3.615889072418213,-2.8578851222991943,-7.804946422576904,-2.2118208408355713,-4.340055465698242,-2.973116159439087,-4.66216516494751,-6.388612270355225,-4.19885778427124,3.4551782608032227,-6.623926162719727,-1.638175368309021,-5.422183990478516,-2.6878457069396973,-1.7128207683563232,-7.311468124389648,-3.3181276321411133,-5.052760601043701
6d932f64a,-5.176598072052002,-6.320064544677734,1.0937143564224243,-0.6956563591957092,-7.454074859619141,-2.4057915210723877,1.2036278247833252,1.369215726852417,-7.0325446128845215,-2.1200571060180664,-4.055659294128418,-0.6226543188095093,-6.153115272521973,-6.446413040161133,-2.58408522605896,0.19173094630241394,-4.8718581199646,-1.9628210067749023,-5.130849838256836,-4.352981090545654,3.1659183502197266,-7.203327178955078,-3.2558579444885254,-5.143585205078125
6da21a6db,-5.301105499267578,-7.2926249504089355,-1.5180413722991943,-6.035312652587891,-7.345798015594482,-2.7267210483551025,-5.378701210021973,-5.942755222320557,-7.132122039794922,-3.334843635559082,-3.5389719009399414,-0.3496982157230377,-5.434717178344727,-5.980527877807617,-6.901812553405762,-5.870212554931641,-6.67711877822876,-3.4859118461608887,-5.529282569885254,-3.7132480144500732,7.000424385070801,-7.938636302947998,-5.5125813484191895,-4.687539100646973
6dad5ba07,-0.9820812940597534,-2.4423322677612305,1.716267466545105,2.066638946533203,-0.1451723575592041,-2.5994648933410645,-0.825326681137085,-1.6734368801116943,-3.6801486015319824,-0.016886740922927856,-3.3984968662261963,-2.5525388717651367,2.9228150844573975,-1.6772913932800293,-4.642593860626221,-0.6222119927406311,-3.693025588989258,-0.5016101598739624,-0.9171819090843201,-3.8674516677856445,-3.858877658843994,-2.747525215148926,-2.9321506023406982,0.1360645890235901
6db174e0c,1.6825029850006104,-6.301799297332764,-7.641565322875977,2.8867106437683105,-1.6163735389709473,-7.296205997467041,-10.076735496520996,-5.925024032592773,-4.129852294921875,-4.44964599609375,-5.039571762084961,-10.025044441223145,9.859945297241211,-2.8522915840148926,-7.475595474243164,-5.988054275512695,-7.426223278045654,-10.078187942504883,3.9886012077331543,-13.060977935791016,-11.354127883911133,-5.369180679321289,-6.260201454162598,-2.8097000122070312
6db23a946,-1.451117992401123,-5.813885688781738,-5.893016815185547,3.1547162532806396,7.639360427856445,-3.535827398300171,-6.895679950714111,-5.691338062286377,-2.054684638977051,-2.9203250408172607,-2.533726215362549,-4.57947301864624,8.807228088378906,1.0381622314453125,-6.520038604736328,-5.277864456176758,-6.269872665405273,-4.244113922119141,1.1868641376495361,-8.269861221313477,-7.265783309936523,-2.642533779144287,-2.050985336303711,1.8623119592666626
6de189e9d,0.4861457347869873,3.45444917678833,-2.1723759174346924,2.006181240081787,-1.210639238357544,-4.51449728012085,-3.506781816482544,-4.543492794036865,-3.974400520324707,-1.9336063861846924,-3.78104567527771,-4.599845886230469,2.027819871902466,1.1376540660858154,-5.112709045410156,2.597745418548584,-3.1481308937072754,-2.0607781410217285,-2.839855909347534,-3.210127830505371,-3.3763675689697266,-2.5853331089019775,-3.853595733642578,-0.6670404076576233
6e1646f0b,-4.667567729949951,-3.4307026863098145,0.6192902326583862,2.713437795639038,-4.369924068450928,-0.6032967567443848,-3.6568541526794434,-0.4719143509864807,-5.578489303588867,-2.4146478176116943,-2.754396915435791,-1.2658652067184448,-1.7077468633651733,-2.8512167930603027,-1.3448505401611328,-3.3845112323760986,-3.429675340652466,-1.1315972805023193,-2.3407697677612305,-2.651258707046509,2.202009677886963,-4.107016086578369,-0.22650927305221558,-2.7602322101593018
6e851ea36,0.37194016575813293,-5.39681339263916,-5.30111837387085,2.822638511657715,2.0342652797698975,1.0735423564910889,-5.6770219802856445,-4.537764549255371,4.403451919555664,-3.336341381072998,-1.833175539970398,-3.959068536758423,11.792778968811035,-0.9318774938583374,-3.438570499420166,-4.483712673187256,-5.626410484313965,-4.261658668518066,1.3103103637695312,-5.08268928527832,-1.4220041036605835,-3.643096446990967,-1.7513325214385986,0.01235954463481903
6e859b763,-0.6284170150756836,-1.956514835357666,3.542325973510742,2.9754867553710938,-1.5012582540512085,0.4390068054199219,-2.8637170791625977,-2.424909830093384,-3.956658363342285,1.4978485107421875,-1.7187108993530273,-2.832252264022827,-0.0557885468006134,-1.541048526763916,-3.9605307579040527,-3.4845938682556152,-2.1095004081726074,-2.2195053100585938,-1.6070683002471924,-4.970908164978027,-3.12162184715271,-2.0400843620300293,7.977953910827637,-1.489699363708496
6e8a6cdfe,-4.452608108520508,-1.9824315309524536,-4.236257553100586,2.3167295455932617,-0.9019352197647095,-0.05383366346359253,-2.49658203125,-3.6257219314575195,-4.093255996704102,-2.445432186126709,-2.361663579940796,0.06840457767248154,-2.46787428855896,-2.046773672103882,-3.672611713409424,-2.484549045562744,-4.482828617095947,-3.374173641204834,-3.6167471408843994,-1.9731967449188232,-1.7540614604949951,-2.565769910812378,0.8699108958244324,2.4740893840789795
6e8b08ce8,-4.424221515655518,-1.176965355873108,-3.3378238677978516,3.5587921142578125,-1.5959734916687012,0.9103900790214539,-3.375810146331787,-3.403299570083618,-4.005392551422119,-2.7358756065368652,-0.4598398506641388,-1.393553614616394,1.8015058040618896,-1.0544737577438354,-3.640320301055908,-3.023085594177246,-4.3290934562683105,-4.011141300201416,-1.0046972036361694,-2.5481252670288086,-2.5281853675842285,-1.590667724609375,0.1661907434463501,-0.018528103828430176
6ecc35443,-3.261319160461426,-4.219905376434326,0.2768835127353668,-0.10859809070825577,-4.354414939880371,-1.7836964130401611,-3.354957103729248,-1.1082730293273926,-5.568080425262451,-2.3529486656188965,-3.799168109893799,-2.065781354904175,-5.152441024780273,-4.280591011047363,2.254883289337158,0.12524080276489258,-4.85910701751709,-2.230099678039551,-2.850574016571045,-3.8667209148406982,3.9148173332214355,-4.633243560791016,-4.399477958679199,-4.030021667480469
6eda19391,-4.046902179718018,-8.157547950744629,-7.717827320098877,2.476637363433838,-7.400852680206299,-5.704245090484619,-10.289199829101562,-6.06784200668335,-6.745133399963379,-4.725043296813965,-3.3112387657165527,-7.513451099395752,10.725685119628906,-4.877612590789795,-8.08952522277832,-6.407025337219238,-9.08950424194336,-11.295284271240234,2.101748466491699,-12.287993431091309,-12.159812927246094,-7.601667404174805,-6.505447864532471,-4.681262969970703
6ef4eb565,0.01605696976184845,-4.6442155838012695,-6.555508613586426,2.9622538089752197,3.7325239181518555,-2.5889854431152344,-7.431842803955078,-5.068546295166016,6.669153690338135,-4.243985176086426,-3.134052276611328,-6.618210792541504,9.17844009399414,0.2639728784561157,-5.025352478027344,-4.6877031326293945,-5.18044376373291,-5.260511875152588,1.5310754776000977,-7.905264377593994,-2.9585962295532227,-2.5410776138305664,-3.5856757164001465,-0.016610506922006607
6f8d040b9,-1.8368498086929321,-5.264931678771973,-4.1607747077941895,2.8091917037963867,-3.9248342514038086,-1.5738525390625,-6.25054407119751,-4.646193504333496,2.2581212520599365,-4.075687408447266,-2.0195322036743164,-6.068855285644531,8.838983535766602,-3.391836166381836,-3.4441709518432617,-5.299533843994141,-6.793279647827148,-5.540375709533691,0.9216684103012085,-6.144484519958496,-2.18015718460083,-5.138360977172852,-4.049929141998291,-2.0525100231170654
6f96804da,-3.2721877098083496,-2.9861810207366943,-2.7557082176208496,2.1841964721679688,0.5376242995262146,-2.0382158756256104,-6.044655799865723,-4.444687843322754,-1.5869407653808594,-2.559842586517334,-2.2808785438537598,-5.16895866394043,7.7070207595825195,-1.601328730583191,-3.6132097244262695,-4.7977471351623535,-6.551330089569092,-3.796847343444824,-0.012594960629940033,-5.52294397354126,-4.765255928039551,-3.190861701965332,-4.609216213226318,-1.3597676753997803
6f976878c,-4.556680679321289,-8.411173820495605,9.465103149414062,1.2054492235183716,-8.13467025756836,-2.3292765617370605,-4.800054550170898,-1.6679019927978516,-8.013294219970703,-2.3996124267578125,-3.0010523796081543,-4.949240207672119,-2.146801233291626,-6.1856513023376465,-7.3144354820251465,-6.108755111694336,-7.619316577911377,-3.109302282333374,-5.124946594238281,-4.759527206420898,-3.597872734069824,-7.898799896240234,-0.35588014125823975,-6.186182975769043
6fa69ce64,-4.480594635009766,-5.894375801086426,-7.228288650512695,3.485375165939331,-5.788290977478027,-4.8283796310424805,-9.464484214782715,-5.568212509155273,-6.379426002502441,-4.781826019287109,-3.8847014904022217,-7.503817081451416,9.375177383422852,-3.525991678237915,-7.650036334991455,-6.30759334564209,-8.684545516967773,-9.922721862792969,2.6731510162353516,-12.00480842590332,-11.139132499694824,-6.758537769317627,-5.780808448791504,-4.154172897338867
6fcaf6dbc,6.775612831115723,-2.829704761505127,-4.973395347595215,2.5021133422851562,-3.306459665298462,-5.547154426574707,-7.651322841644287,-4.802486419677734,4.150214672088623,-3.8441669940948486,-4.044597625732422,-7.838343143463135,4.9970245361328125,-2.3358571529388428,-4.034297466278076,-4.773730278015137,-4.918573379516602,-6.593288421630859,2.3540761470794678,-7.835314750671387,-4.327498435974121,-4.4049272537231445,-5.144228935241699,-1.9596773386001587
6fe7a5f5e,-6.242150783538818,-5.783132076263428,-2.7686524391174316,-3.591456651687622,-4.465310096740723,-2.413982629776001,-6.696757793426514,-6.794409275054932,-5.7163166999816895,-3.6873083114624023,-3.9214768409729004,-0.8705076575279236,-2.4846248626708984,-4.402425765991211,-2.386104106903076,-5.785374164581299,-7.588971138000488,-5.69376802444458,-2.0573112964630127,-2.558103084564209,12.770854949951172,-4.314003944396973,-5.424152374267578,-2.90932559967041
700df7012,-2.278301239013672,-3.317467212677002,1.2817039489746094,1.0934669971466064,-5.267107009887695,-2.496178150177002,-3.8443360328674316,-0.2737109363079071,-5.76462459564209,-1.1433401107788086,0.5045445561408997,-1.2727577686309814,-3.7696352005004883,-3.480640411376953,-1.5934703350067139,-2.7861926555633545,-2.705138921737671,-1.3618686199188232,-2.112697124481201,-2.860507011413574,-1.007474422454834,-3.9422922134399414,-3.097301721572876,-1.4976226091384888
70384f847,-2.315007209777832,-2.5652503967285156,4.090246200561523,3.5584311485290527,-4.863522529602051,0.40393537282943726,-4.966413497924805,1.0071368217468262,-4.933773994445801,-0.9386996030807495,-3.9123694896698,-3.7128374576568604,0.5270921587944031,-1.37147855758667,-2.5715885162353516,-3.97278094291687,-4.3311872482299805,-2.9561073780059814,0.28624942898750305,-1.7985693216323853,-3.0837550163269043,-3.4537086486816406,-3.3181209564208984,-3.331402063369751
705b77383,-2.743286609649658,0.44444042444229126,-4.384908199310303,2.8772215843200684,-1.3236205577850342,-4.531297206878662,-5.218686103820801,0.14252695441246033,-3.277742385864258,-2.9917805194854736,-4.806369304656982,-5.443502902984619,0.18118047714233398,-1.7362059354782104,4.573127746582031,-2.2463114261627197,-3.932300567626953,-3.8643369674682617,0.8365964889526367,-6.432426452636719,-2.792489528656006,-0.29360777139663696,-4.371487617492676,-0.2245389223098755
70653d037,-3.5635249614715576,-1.2890238761901855,-4.818709373474121,2.5789601802825928,-1.3156477212905884,-0.12197408825159073,-2.9163615703582764,-3.1942362785339355,-3.2149038314819336,-2.408116579055786,-2.426269054412842,-1.5512621402740479,3.0252578258514404,-0.9144099950790405,-4.692358016967773,-2.000410795211792,-4.37516975402832,-3.7075371742248535,-1.440976858139038,-1.9918960332870483,-4.022721290588379,-2.7536733150482178,2.5140633583068848,2.366940498352051
708b4b240,-4.647880554199219,-3.722618341445923,-3.4154295921325684,0.46884685754776,-0.9591820240020752,-1.3681120872497559,-3.7020955085754395,-4.349639892578125,-4.027501106262207,-1.7352344989776611,-2.484239339828491,-0.41475909948349,2.73811674118042,-2.6155624389648438,-5.549006462097168,-4.30225133895874,-5.9342122077941895,-3.5107431411743164,-1.9390263557434082,-3.6660819053649902,-3.6006627082824707,-3.7210805416107178,-2.1747729778289795,3.703742265701294
708c774b9,-2.3020517826080322,-3.4855268001556396,1.0858426094055176,-0.4830857515335083,-5.775564670562744,-2.2734827995300293,-1.650153398513794,1.2446563243865967,-5.812869071960449,3.3058669567108154,-3.422139883041382,-0.504579484462738,-3.1302356719970703,-5.003519058227539,-3.1033902168273926,2.665069818496704,-3.6721184253692627,2.259716033935547,-3.4331841468811035,-3.4760613441467285,-1.085855484008789,-5.104436874389648,1.841719627380371,0.2884618639945984
708f81747,-4.429778099060059,-6.308961868286133,-7.979864120483398,3.756406307220459,-1.6265017986297607,-5.466028213500977,-10.080448150634766,-7.193281650543213,-4.6826276779174805,-5.880356788635254,-5.302484512329102,-8.656074523925781,8.128119468688965,-2.416749954223633,-5.973361015319824,-6.603372573852539,-8.582769393920898,-9.705541610717773,3.087183713912964,-12.62248706817627,-11.223453521728516,-4.492001056671143,-6.865202903747559,-3.8275399208068848
70ceac163,-4.723697662353516,-5.8020124435424805,-0.2883760631084442,0.8310160040855408,-5.396692276000977,-1.9185173511505127,-4.323785781860352,-2.3143341541290283,-6.1321868896484375,-2.7664129734039307,-2.8571789264678955,-1.987992286682129,1.118175745010376,-4.522933006286621,-2.807924270629883,-4.259275436401367,-6.117428779602051,-3.627814292907715,-1.795282006263733,-0.7839751839637756,-2.228257656097412,-4.864603042602539,-3.7271435260772705,-3.0473837852478027
71102761d,-2.9162845611572266,-2.2602505683898926,-2.953061580657959,2.8105173110961914,-1.4412293434143066,-2.7923760414123535,-4.940251350402832,2.5970773696899414,-3.728966236114502,-3.10884952545166,-2.7892327308654785,-3.598804473876953,0.12178066372871399,-2.8760268688201904,-1.803944706916809,-3.2713961601257324,-1.9231462478637695,-3.8994498252868652,-0.7126657366752625,-5.019229412078857,14.776813507080078,-0.43154603242874146,-3.229529857635498,-1.3147623538970947
714512eb2,-2.9066531658172607,2.988626480102539,-5.488460063934326,3.143533706665039,-1.0087273120880127,-4.707187652587891,-6.632796764373779,-3.9993395805358887,-4.101105690002441,-1.8718464374542236,-3.808711051940918,-4.784875869750977,3.1690592765808105,-0.4983031451702118,-2.8776488304138184,-4.940947532653809,-2.252958297729492,-5.8922834396362305,-0.37443554401397705,-6.8387908935546875,-6.306876182556152,1.4036225080490112,-3.5449023246765137,-2.524519920349121
714ecd7cd,-2.4684715270996094,2.328033447265625,-2.635683536529541,2.653001308441162,-3.388936996459961,-2.446946859359741,-3.197679042816162,-1.7816824913024902,-4.266477108001709,-1.0775647163391113,-3.0040957927703857,-1.543006420135498,1.7095096111297607,-2.096719741821289,-3.827486038208008,-2.733623743057251,-3.646574020385742,-3.0871036052703857,-0.44239675998687744,-3.7416887283325195,-3.2976629734039307,-1.0085184574127197,-2.8431265354156494,-1.9682588577270508
7164a292c,-6.746360778808594,4.346649169921875,-9.485889434814453,-3.0035579204559326,-7.051557540893555,-9.966665267944336,-3.7484192848205566,-6.836498260498047,-4.884650230407715,-4.9130120277404785,-4.39009428024292,-7.369266510009766,-4.315068244934082,-3.3058934211730957,-5.2153754234313965,-7.354442596435547,24.63895034790039,-0.9175118207931519,-7.23375129699707,-6.014425277709961,-7.857514381408691,-0.8237932920455933,-3.014218807220459,-4.859900951385498
717853206,-2.096245765686035,-2.5869178771972656,0.7430379390716553,-2.4856348037719727,-6.375329971313477,-3.1963047981262207,-5.275938987731934,-4.346358776092529,-8.518202781677246,-3.994381904602051,-4.542119979858398,-4.650765895843506,-5.6053266525268555,-4.550776958465576,-5.302689075469971,-2.6643004417419434,-5.890871047973633,-2.4092721939086914,-5.239994049072266,-4.052875518798828,11.751195907592773,-8.044181823730469,-5.819101333618164,-4.462123394012451
718f2c55a,-4.148407459259033,-3.4732608795166016,-0.006854206323623657,-0.09126323461532593,-1.5157086849212646,-1.833010196685791,0.8776828646659851,-0.2377345860004425,-4.480545997619629,-1.801356315612793,-2.583418846130371,1.8291746377944946,-4.350588321685791,-4.254659652709961,-3.6380553245544434,-1.0712461471557617,-3.3379461765289307,-1.4603676795959473,-5.111429214477539,-2.844360113143921,3.9399867057800293,-3.9764533042907715,-1.6299221515655518,2.337451696395874
71b8a2875,-4.219414710998535,-7.8745856285095215,-6.974935531616211,2.081834077835083,-5.230173110961914,-5.430459976196289,-10.211036682128906,-6.27988338470459,-6.3530378341674805,-5.507339000701904,-4.623435020446777,-5.568344593048096,8.069598197937012,-5.81027889251709,-3.1793625354766846,-6.200096130371094,-9.203536987304688,-9.991538047790527,1.5884671211242676,-10.072261810302734,-8.058064460754395,-5.840397834777832,-6.530962944030762,-4.347460746765137
71f95b9e0,-2.7144815921783447,-3.3952715396881104,0.0045039355754852295,1.8695414066314697,-3.863832473754883,0.6542032361030579,-3.2620129585266113,-2.464322566986084,-3.05230450630188,-2.347212791442871,-1.4123706817626953,-2.4809250831604004,3.2566146850585938,-1.4503108263015747,-4.407366752624512,-3.4623682498931885,-4.658263683319092,-2.3797497749328613,-1.4078068733215332,-3.838222026824951,-2.358917713165283,-3.764655828475952,-1.3448424339294434,-1.2691106796264648
7229f26c3,-1.4244842529296875,-2.1981518268585205,-5.549871444702148,2.2660837173461914,-0.587388277053833,-5.096724510192871,-6.180475234985352,2.963268518447876,-3.5675392150878906,-3.3108270168304443,-3.75237774848938,-2.647390365600586,0.975308895111084,-1.9661589860916138,-1.1691988706588745,-3.459977626800537,-2.701399326324463,-5.1209516525268555,2.2063024044036865,-6.627523422241211,-4.353211402893066,-1.9986294507980347,-1.8143309354782104,-1.7313940525054932
7260e1bcb,-1.4354217052459717,-1.6144020557403564,-4.501774787902832,2.515246868133545,-2.7392361164093018,-2.928440570831299,-3.399672031402588,-3.127194404602051,-1.822649598121643,-2.7335140705108643,-1.8315021991729736,-3.3327250480651855,7.801926136016846,-1.782219409942627,-3.085270881652832,0.269362211227417,-4.374256134033203,-4.036672115325928,0.5308469533920288,-4.695915222167969,-4.2558441162109375,-3.192791700363159,-2.893573522567749,-1.75370454788208
72cff3541,-5.744113922119141,-4.902278423309326,0.39551278948783875,-0.5479859113693237,-6.325290203094482,-1.5291521549224854,-4.091065406799316,-1.1214855909347534,-7.391313076019287,-1.888999342918396,-3.096799373626709,-1.1159420013427734,-4.429386138916016,-5.07260799407959,-2.8538365364074707,-4.386142253875732,-4.055378437042236,-1.6078393459320068,-4.695688247680664,-2.920318126678467,-0.15789125859737396,-6.276368618011475,-4.154629230499268,-1.4812171459197998
72d7c1ddf,-5.323606014251709,-3.4205679893493652,-3.728879690170288,1.172677755355835,-3.4464237689971924,0.21894778311252594,-2.8118228912353516,-4.351259231567383,-5.338436126708984,-1.5162652730941772,-2.9045469760894775,-0.9498929977416992,3.170797109603882,-3.1385626792907715,-4.257689476013184,-3.8084888458251953,-5.560437202453613,-3.733471155166626,-1.2524784803390503,-3.1149816513061523,-1.9136584997177124,-2.39760684967041,-1.582736849784851,-0.5747958421707153
72e8bc7cb,-2.8082432746887207,2.580906629562378,-4.5678911209106445,3.7496752738952637,-0.4177752733230591,-3.3984932899475098,-3.6150083541870117,-5.158762454986572,-3.1592350006103516,-3.0731518268585205,-3.309305429458618,-6.6798601150512695,-0.4302087724208832,0.07422143220901489,-5.66599702835083,-4.21982479095459,8.72037410736084,-0.5499722957611084,-4.246230602264404,-3.261260986328125,-5.688192367553711,-1.4459824562072754,-2.1487174034118652,-1.652933120727539
73022e436,-10.26547622680664,-10.65988826751709,-4.164486885070801,-6.261291027069092,-6.387972831726074,-2.1077444553375244,-6.450143814086914,-6.364424705505371,-8.533812522888184,-5.683413505554199,-4.247903823852539,-0.44232454895973206,-5.148108959197998,-7.946145057678223,-6.275376796722412,-7.540928840637207,-10.045744895935059,-7.270782470703125,-6.510845184326172,-5.5188822746276855,-1.1921703815460205,-8.079252243041992,-3.5029945373535156,-4.148685455322266
731f955fd,-3.972501039505005,-2.302867889404297,-2.6423723697662354,3.3869404792785645,-2.3466014862060547,-0.05084652453660965,-3.1476948261260986,-3.116611957550049,-3.8286213874816895,-1.8702335357666016,4.187846660614014,-0.9644164443016052,4.679457664489746,-0.772030234336853,-5.342226982116699,-3.6374833583831787,-4.452782154083252,-3.0995800495147705,0.6729303002357483,-2.882957935333252,-2.1759862899780273,-2.0126523971557617,2.256363868713379,0.5572742223739624
7322733f3,-3.2946152687072754,1.286558747291565,-1.2982869148254395,1.878633737564087,-3.2171363830566406,-2.166541576385498,-1.5637786388397217,-1.4601317644119263,-2.955836296081543,-2.0830271244049072,-2.7911195755004883,-3.937859296798706,-1.5703632831573486,-1.6605353355407715,-3.1508235931396484,-1.4830880165100098,-1.2495943307876587,-0.5121155381202698,-3.5206172466278076,-0.8978633880615234,-2.434424877166748,-2.687983989715576,-1.8608336448669434,-1.8941893577575684
73afe835f,-5.0921196937561035,-3.7467222213745117,0.11196743696928024,-4.553394317626953,-5.584936618804932,-2.699131965637207,-5.751044273376465,-0.31417131423950195,-6.733138084411621,-2.179417848587036,-3.4967641830444336,-0.33748167753219604,-5.0792646408081055,-3.727874755859375,-3.729397773742676,-5.746978759765625,-5.204171180725098,-3.5136795043945312,-4.966182708740234,-3.655376434326172,4.635854721069336,-6.428674697875977,-4.387208938598633,-3.586731433868408
73c569158,-3.937622308731079,-3.3221497535705566,-2.907740592956543,-0.5344685316085815,-2.5077311992645264,-0.9146377444267273,0.25174015760421753,-1.9664641618728638,-3.402754783630371,-1.4935898780822754,-1.4282116889953613,-0.9215753674507141,-4.19029426574707,-2.517303466796875,-3.4338698387145996,2.8588762283325195,-4.031591415405273,0.5227122902870178,-5.289432525634766,-2.0101075172424316,-0.826737105846405,-4.338210105895996,-0.2370922863483429,0.04323220252990723
73d6e4645,-5.018421649932861,-6.576160430908203,0.3631861209869385,1.3942896127700806,-5.386691093444824,-2.1227869987487793,-0.9517579674720764,0.35924848914146423,-7.351466655731201,-2.0475704669952393,-4.642796039581299,-2.6089625358581543,-5.870331764221191,-6.315692901611328,-1.4511972665786743,-2.038876533508301,-4.4603166580200195,-0.23702067136764526,-4.631235122680664,-3.777879238128662,8.108795166015625,-5.87819766998291,-3.506103515625,-3.370659112930298
7434dedf6,-3.554417610168457,-0.42268699407577515,-4.257228851318359,3.236713409423828,-0.610556960105896,-1.0931475162506104,-3.9617395401000977,-4.2522382736206055,-1.7480236291885376,-2.9746742248535156,-2.724567174911499,-2.459815502166748,0.6067537069320679,-1.7275036573410034,-4.22642707824707,-3.3701932430267334,-3.538745164871216,-4.0923871994018555,-0.9298040270805359,-1.398163914680481,-3.5620250701904297,-0.0961189717054367,0.3572957515716553,2.1791231632232666
7443d5207,-2.9544014930725098,-2.856687545776367,-5.305911064147949,2.189831495285034,-2.4711732864379883,-4.779430866241455,-5.697000503540039,-2.2105050086975098,-5.447272300720215,-4.422454833984375,-4.685495376586914,-5.208896636962891,-1.5051132440567017,-2.5665159225463867,8.732475280761719,1.615785837173462,-4.978448390960693,-3.0161404609680176,0.09496593475341797,-5.532384872436523,1.8963532447814941,-1.91941237449646,-4.131261825561523,-3.371793270111084
745513573,-2.6324169635772705,0.8118667602539062,0.7629765272140503,1.709006428718567,-3.2371394634246826,-2.069978713989258,-2.4459991455078125,-2.940542221069336,-5.325518608093262,-0.3176822066307068,-2.7726449966430664,-1.7739598751068115,-3.8744592666625977,-1.657470464706421,-2.0684993267059326,-3.5199174880981445,-3.9190330505371094,2.4427237510681152,-3.92214298248291,-1.6947078704833984,0.9948973655700684,-3.668102264404297,-4.566127777099609,-2.150068759918213
7483a2e79,-3.330747604370117,2.49700665473938,-5.461460113525391,2.1474573612213135,-1.4166285991668701,-3.215363025665283,-6.153656005859375,-1.2033313512802124,-1.211051344871521,-3.4449031352996826,-4.438986778259277,-4.8179521560668945,0.10024277865886688,-1.4515166282653809,5.1458868980407715,-3.8676915168762207,-2.595432758331299,-5.051271915435791,-1.6008729934692383,-5.273550033569336,-4.240321636199951,1.031097650527954,-2.4518253803253174,-1.3786739110946655
75094bb01,-4.585607528686523,-6.451661586761475,0.3875660002231598,-3.110715389251709,-6.143964767456055,-1.079085111618042,-1.31620192527771,-2.6122679710388184,-6.965023040771484,-1.809133529663086,-3.3148486614227295,-0.8418214917182922,-5.7999773025512695,-5.996062278747559,-4.259333610534668,-2.244352340698242,-5.768982887268066,0.36683717370033264,-5.215432167053223,-2.258481979370117,0.20803210139274597,-6.713641166687012,-4.627991676330566,-3.353996515274048
750bb6448,-2.632986068725586,0.5788145065307617,1.2997852563858032,1.9336631298065186,-4.462361812591553,-1.8569786548614502,-4.41352653503418,-1.4332585334777832,-6.110337257385254,-3.063127040863037,-2.7891921997070312,-1.4132845401763916,-1.815165400505066,-1.775068759918213,-4.5312066078186035,-4.524961948394775,-1.9244599342346191,-3.107515335083008,-2.050206184387207,-1.7795171737670898,7.4179487228393555,-1.9980103969573975,-3.1460561752319336,-3.2760705947875977
75362fb89,-1.9615192413330078,-2.6192626953125,-0.5960859060287476,1.8947442770004272,-4.2134809494018555,-2.6158201694488525,-2.9465417861938477,3.319688558578491,-5.047545909881592,0.06365658342838287,-3.475912094116211,-1.1490625143051147,-2.017195224761963,-2.8989179134368896,-1.876963496208191,-0.11530929803848267,-1.5755168199539185,-1.439661979675293,-2.7163655757904053,-3.290576934814453,2.402470350265503,-4.483275413513184,-1.4318166971206665,-1.472941279411316
7586f270f,-3.4379780292510986,-6.237152099609375,-3.0666422843933105,1.6975970268249512,-7.338191032409668,-4.935109615325928,-3.552191734313965,3.8122966289520264,-6.656836032867432,-2.938920497894287,-5.911611557006836,-3.934640645980835,-5.243983745574951,-4.5818891525268555,3.461256980895996,1.0461146831512451,-4.387591361999512,-1.9131848812103271,-3.3377695083618164,-5.915132522583008,-1.5296995639801025,-5.6836957931518555,-3.1161181926727295,-5.2400898933410645
763ef52a9,-3.4541127681732178,0.40584924817085266,-9.419178009033203,3.1972455978393555,1.509669542312622,-5.950493812561035,-9.200370788574219,-4.380922317504883,-3.3131227493286133,-5.283073902130127,-6.619904518127441,-8.17561149597168,1.8220176696777344,-3.0850048065185547,5.40032434463501,-5.483319282531738,-5.352495193481445,-8.283143043518066,4.158123016357422,-11.580010414123535,-8.880474090576172,4.534861087799072,-4.839273929595947,-2.3625292778015137
767a7d7a9,-5.419981002807617,-6.582777500152588,-7.059364318847656,2.893673896789551,-6.065670967102051,-4.8818535804748535,-9.268715858459473,-5.4320807456970215,-6.789663791656494,-5.283002853393555,-2.584700107574463,-7.652143478393555,9.598764419555664,-4.07706356048584,-6.510100364685059,-5.851332664489746,-8.631509780883789,-10.152588844299316,1.957038402557373,-11.634807586669922,-10.687566757202148,-6.285728454589844,-5.69210958480835,-4.469992160797119
767e3787c,-1.6549878120422363,-0.7804468870162964,-3.080601215362549,4.035298824310303,6.229184150695801,-3.1766533851623535,-5.216386318206787,-4.330738544464111,-1.8356274366378784,-0.08834049105644226,-4.183311939239502,-4.4396820068359375,1.9028162956237793,1.3456614017486572,-5.123547077178955,-3.7683916091918945,-3.167487144470215,-2.10213565826416,-1.0452009439468384,-5.660496234893799,-6.3554229736328125,3.043816566467285,-3.6196765899658203,-0.3204040825366974
76b3bef7a,-4.0114970207214355,-4.918437957763672,0.1897832602262497,-0.5327669382095337,-6.7725725173950195,-2.9751782417297363,-3.112454891204834,1.6603399515151978,-6.669591903686523,-1.7659130096435547,-1.4625678062438965,3.3242316246032715,-3.2126951217651367,-4.449406623840332,-2.7817444801330566,-3.2899930477142334,-3.0604405403137207,-2.93641996383667,-3.7502248287200928,-3.8070273399353027,5.416145324707031,-5.135278701782227,-3.4561171531677246,-2.492579936981201
76bc9615b,-3.5817670822143555,-0.650200366973877,-1.456331491470337,3.2286882400512695,3.0458807945251465,0.2517715394496918,-0.3443026542663574,-0.1380045861005783,-3.074756622314453,-1.0230287313461304,-2.6899654865264893,-1.4254107475280762,2.5545194149017334,0.4964616298675537,-3.9391541481018066,0.6445623636245728,-3.9899659156799316,-0.8964534997940063,0.26924818754196167,-3.3108973503112793,-2.303586483001709,-0.24838483333587646,-1.9767041206359863,-0.9417586922645569
76cddc646,-4.4356770515441895,-5.707685947418213,-1.0999407768249512,-0.3385715186595917,-5.936340808868408,-1.4821281433105469,-1.3390038013458252,-2.1788763999938965,-5.642635345458984,-0.6240824460983276,-3.849769115447998,-0.9224510192871094,-5.04321813583374,-5.263520240783691,-1.9040881395339966,-2.116018295288086,-3.3309552669525146,-0.9372820854187012,-4.748270034790039,-1.4204338788986206,0.11649121344089508,-5.535674095153809,-4.378408908843994,-3.2999868392944336
772929215,-2.727177143096924,-2.426229953765869,-0.9846504926681519,1.914743423461914,-4.767166614532471,-1.7726022005081177,-5.807352066040039,-1.1999218463897705,-5.53515625,-2.3208651542663574,-3.4014058113098145,-4.404360294342041,1.1008515357971191,-1.54399573802948,-1.8330289125442505,-2.641371965408325,-2.950019121170044,-2.9677624702453613,-0.9797749519348145,-2.750312328338623,3.1106977462768555,-3.4494786262512207,-2.612682580947876,-2.6437489986419678
773710e15,-4.816461563110352,-3.227843761444092,-7.465495586395264,2.1427276134490967,-2.6976091861724854,-3.425419330596924,-6.775381088256836,-3.0074076652526855,-3.783583641052246,-4.925426483154297,-4.105583190917969,-6.876331329345703,0.4387088418006897,-3.351858615875244,8.823298454284668,-4.729608535766602,-6.16158390045166,-5.679083824157715,0.3548336923122406,-8.878087043762207,-5.693846702575684,-1.6801965236663818,-4.915111541748047,-2.936307907104492
776742a1c,-3.5792107582092285,-3.6361706256866455,0.08379614353179932,1.6054620742797852,-4.2108049392700195,2.3330929279327393,-3.700396776199341,1.6179362535476685,-4.627208709716797,-2.2906789779663086,-2.122612714767456,-2.8487982749938965,-2.8907973766326904,-1.8331049680709839,-0.7601908445358276,-3.3466081619262695,-2.8224315643310547,-0.9026225805282593,-1.75404953956604,-1.6866357326507568,1.6230400800704956,-4.6321868896484375,-1.6161222457885742,-1.6291534900665283
779b88e51,8.509573936462402,-2.225163459777832,-4.371555805206299,2.466548204421997,-2.7453575134277344,-2.4519591331481934,-8.63747501373291,-7.141645908355713,-0.6157816052436829,-3.8886451721191406,-4.3288679122924805,-6.1126532554626465,7.750547409057617,-2.3260159492492676,-3.4411261081695557,-5.812444686889648,-6.080186367034912,-6.746792793273926,1.647029161453247,-6.590141296386719,0.6326413750648499,-5.552458763122559,-5.735846996307373,-2.3872525691986084
779ea14af,-2.0686492919921875,-5.347202301025391,-6.02708101272583,2.9410510063171387,-5.028487205505371,-4.321671962738037,-8.234441757202148,-4.781070709228516,-5.157464027404785,-4.763158798217773,-3.141059160232544,-7.150528430938721,9.35582447052002,-3.1695985794067383,-5.5245208740234375,-4.007814407348633,-6.44904088973999,-8.365365982055664,1.6898136138916016,-10.509445190429688,-9.361973762512207,-5.700809955596924,-2.55180025100708,-2.366729259490967
77c98152a,2.820981979370117,4.916976451873779,-0.5027406811714172,2.894162178039551,-2.1176180839538574,-3.119812488555908,-3.86114764213562,-2.2257137298583984,-5.043521881103516,-2.8992509841918945,-4.213561534881592,-3.824843168258667,-1.0158761739730835,-0.5689513087272644,0.2915085554122925,3.511031150817871,-2.6930952072143555,-2.020578622817993,-1.3978478908538818,-4.033804893493652,-0.5093673467636108,-1.649726390838623,-3.439913272857666,-2.7228193283081055
780aa1912,-4.05898380279541,-5.931378364562988,-0.6583930253982544,0.6423983573913574,-5.469522476196289,-1.162065029144287,-1.0597102642059326,0.19781440496444702,-6.011560440063477,-1.2997770309448242,-3.2951955795288086,-1.9231516122817993,-5.119659423828125,-5.357149600982666,-2.3171043395996094,1.1681101322174072,-3.9386696815490723,-0.720595121383667,-5.48811674118042,-3.4245705604553223,-0.07207576930522919,-6.048986434936523,-2.462839126586914,-1.0097626447677612
781b3953a,-2.5265283584594727,4.286927223205566,-4.613239288330078,3.196094274520874,3.222306489944458,-4.116876602172852,-5.825788497924805,-4.9700164794921875,-0.11467114090919495,-2.449319839477539,-4.661552429199219,-6.517125129699707,-0.24926555156707764,0.015936613082885742,0.9036810398101807,-3.9126482009887695,-1.0442396402359009,-4.390150547027588,-0.3856920897960663,-4.917234897613525,-5.164675712585449,8.189654350280762,-3.6239376068115234,-2.0580031871795654
78362ba61,-2.9422500133514404,0.6713827252388,-0.5307666063308716,0.47275999188423157,-5.356754302978516,-3.898043632507324,-4.990804672241211,-1.6722369194030762,-6.365647315979004,-3.5997209548950195,-3.453981399536133,-5.5136003494262695,-1.821916103363037,-2.036407232284546,-2.1827871799468994,-3.945554256439209,-1.24794340133667,-3.83743953704834,-1.7525163888931274,-3.708953619003296,-2.6874475479125977,-3.5731523036956787,-3.8079943656921387,-2.746706485748291
787281b82,-5.612981796264648,-4.5279541015625,-0.9241418838500977,-3.5789794921875,-6.1661787033081055,-2.752063512802124,-3.5442376136779785,-0.8806333541870117,-6.354734897613525,-3.184342861175537,15.21611499786377,4.388617038726807,-4.321218013763428,-3.0827066898345947,-6.576210021972656,-5.145461082458496,-5.314873695373535,-0.026321470737457275,-4.761612415313721,-3.633451461791992,5.055599212646484,-6.700730800628662,-3.911259412765503,-1.2651234865188599
78f862e89,-3.877784252166748,5.234543800354004,-6.206083297729492,3.929168224334717,-1.849674940109253,-3.5374557971954346,-7.951793670654297,-3.656827449798584,-4.239877223968506,-4.271588325500488,-3.9650845527648926,-6.794377326965332,-1.5966060161590576,0.9502037763595581,-4.209221363067627,-4.302177429199219,1.4933698177337646,-6.593545436859131,-3.4987759590148926,-6.134106636047363,-7.341187477111816,0.5717740654945374,-1.2578999996185303,-2.311399459838867
79214cee2,4.105301856994629,-1.2460705041885376,-2.107560157775879,2.267981767654419,-3.4788453578948975,-0.5730440616607666,-5.362565040588379,-3.2411723136901855,-3.529719352722168,-3.3615012168884277,-3.1211366653442383,-5.047024726867676,1.8306307792663574,-1.4328670501708984,-2.709259510040283,-3.9788498878479004,-4.3307929039001465,-3.35912823677063,0.29884564876556396,-4.441508769989014,1.436909556388855,-4.322393417358398,-3.7483110427856445,-1.0382695198059082
795db1686,-3.7538788318634033,-2.838284969329834,-2.4934353828430176,-0.43749868869781494,-1.612072467803955,-2.7122840881347656,-2.7746222019195557,1.938389778137207,-4.78607702255249,-0.6842310428619385,0.6222429871559143,5.900439262390137,-3.5304157733917236,-2.7634286880493164,-3.354099988937378,-1.875896692276001,-3.859152317047119,0.7262782454490662,-4.079039573669434,-3.727649688720703,1.0005106925964355,-4.381982326507568,-2.069399356842041,2.719050407409668
796c26ad1,-4.97882604598999,-4.046935558319092,-2.1778907775878906,-0.9639680981636047,-7.834964752197266,-4.42486572265625,-3.5156569480895996,1.4001741409301758,-7.209381103515625,-3.504575490951538,0.6245245337486267,6.396448135375977,-2.9253363609313965,-4.023736953735352,-5.328993797302246,-4.148447036743164,-3.3711998462677,-4.218120574951172,-3.867784023284912,-5.327131748199463,4.302613735198975,-5.794589042663574,-3.22123646736145,-3.4856863021850586
79a7f2f43,-0.023428738117218018,-3.6664822101593018,-3.7687578201293945,2.0840799808502197,0.8563226461410522,-0.939143717288971,-3.584533929824829,-3.215859889984131,1.301663875579834,-2.7046959400177,-2.8761472702026367,-2.6021029949188232,7.18821907043457,-0.9376859068870544,-3.9457454681396484,-2.313791275024414,-5.407350540161133,-4.374786376953125,-0.19545429944992065,-5.217581272125244,-4.399118900299072,-2.897862672805786,-2.6975324153900146,3.3046278953552246
7a0158cca,9.633352279663086,-4.3296918869018555,-5.124590873718262,-0.029942110180854797,-4.107255935668945,-11.44246768951416,-11.775379180908203,-8.753080368041992,-2.2730467319488525,-3.4593968391418457,-7.447079658508301,-10.109931945800781,2.73555326461792,-2.9464261531829834,-11.761960983276367,-7.322157859802246,-7.637617588043213,-8.295835494995117,1.6772029399871826,-11.238744735717773,-8.9898681640625,-8.194120407104492,-8.325787544250488,-3.3224029541015625
7a0dda1d3,-4.787635803222656,-3.2100892066955566,-0.969490647315979,-1.3591276407241821,-6.324651718139648,-4.562145709991455,-8.326898574829102,-5.287426471710205,-7.790522575378418,-9.210370063781738,-6.347237586975098,-7.988994598388672,-5.375270843505859,-3.4482455253601074,0.010400891304016113,-10.02320671081543,-8.101871490478516,-6.23297119140625,-4.1215500831604,-4.530327320098877,11.076711654663086,-7.163510322570801,-7.918644428253174,-8.751571655273438
7a1fd7aab,-10.121854782104492,-10.004768371582031,-2.1993260383605957,-5.753857612609863,-7.696070671081543,-3.3415639400482178,-5.635565280914307,-7.7754364013671875,-10.25928783416748,-5.735941410064697,-6.117692470550537,-4.137886047363281,-7.755270004272461,-8.919925689697266,-3.585557222366333,-6.2225022315979,-9.504642486572266,-6.501095771789551,-6.0049004554748535,-5.28346061706543,-0.697019100189209,-7.95304012298584,-7.973109245300293,-7.669661521911621
7a38b6e03,-0.9505359530448914,-3.279888153076172,2.222747325897217,1.1488049030303955,-4.478567123413086,0.4122632145881653,-1.7974379062652588,-2.1565542221069336,-5.334386825561523,-1.0348668098449707,-2.341364622116089,-2.6823368072509766,-2.1822946071624756,-3.7864468097686768,-2.8586843013763428,-3.254227638244629,-3.208746910095215,-0.6231222748756409,-0.3900751769542694,-1.6830332279205322,0.8089566826820374,-4.298216819763184,7.989887237548828,-1.9637514352798462
7a7cd4c19,-3.045633316040039,-4.58457612991333,-0.46984976530075073,-1.26651930809021,-3.732588052749634,-0.579209566116333,-3.530959367752075,-1.6047776937484741,-4.794135570526123,-3.3448753356933594,-2.388824462890625,-0.9717016816139221,-2.9312729835510254,-2.327317953109741,-3.3820478916168213,-4.0581769943237305,-4.671885013580322,-2.589137315750122,-2.405935764312744,-1.499551773071289,2.5101490020751953,-4.602785587310791,-2.7373290061950684,-1.113594651222229
7a7fb42e4,-3.2252919673919678,-6.410975456237793,-1.7673797607421875,1.4067078828811646,-6.442265033721924,-3.4885804653167725,-3.329385280609131,-3.09513258934021,-5.969273090362549,-2.2018163204193115,-1.383427619934082,-1.4385285377502441,5.5374956130981445,-4.079744815826416,-5.738195419311523,-2.009282350540161,-5.802014350891113,-1.8392610549926758,-0.5503017902374268,-2.5514888763427734,-3.7418129444122314,-6.133504867553711,-4.058990478515625,-4.012811660766602
7a9d3c23f,-3.820434808731079,-7.177456855773926,9.6101713180542,1.4517862796783447,-6.2835588455200195,-2.9205482006073,-0.43853119015693665,0.6158618330955505,-7.922664642333984,-1.1169110536575317,-5.713756561279297,-3.592019557952881,-4.9946489334106445,-6.804511070251465,-4.527723789215088,2.5279417037963867,-5.594880104064941,-0.766700029373169,-3.7195401191711426,-4.519580841064453,-3.666409969329834,-6.667374610900879,-3.519354820251465,-5.054254531860352
7aa408ae3,-3.1927363872528076,-3.474635601043701,-0.5692694187164307,0.18385395407676697,-4.171929836273193,-1.8756558895111084,-1.1480168104171753,-2.005943536758423,-5.453967571258545,-0.5658411383628845,-3.555082321166992,-2.02248477935791,-3.8456249237060547,-5.468219757080078,-3.514859676361084,0.9130577445030212,-4.561548233032227,-0.12282954156398773,-3.749941825866699,-3.004040002822876,9.23495864868164,-4.3916754722595215,-3.134648323059082,-1.8406858444213867
7aa569d11,-7.479156970977783,-8.416010856628418,0.024365998804569244,-3.752631187438965,-7.312845230102539,-2.4782259464263916,-5.447035789489746,-5.2698869705200195,-8.28464126586914,-3.748032331466675,-4.6788554191589355,-2.8061165809631348,-3.933706283569336,-6.707877159118652,-4.533209800720215,-6.044188499450684,-7.91799259185791,-4.68178129196167,-4.576859474182129,-4.426847457885742,-1.161354660987854,-7.478865146636963,-6.892433166503906,-5.707465648651123
7ae03acce,-9.178279876708984,-9.356314659118652,-2.827033758163452,-6.646252632141113,-7.805760860443115,-2.4397330284118652,-6.7044291496276855,-6.888936996459961,-8.830166816711426,-5.607318878173828,-5.041455268859863,0.16400909423828125,-5.800593376159668,-7.130427360534668,-3.765105724334717,-7.2120256423950195,-8.556047439575195,-6.235750198364258,-5.179676532745361,-5.633106708526611,5.183438777923584,-8.343158721923828,-7.1637163162231445,-6.763368606567383
7ae4058aa,-7.277119159698486,-9.217674255371094,-1.2281246185302734,-3.0191469192504883,-6.2927703857421875,-1.9917919635772705,-5.545963287353516,-5.685065746307373,-7.499753475189209,-4.309326171875,-3.6144564151763916,-1.13020920753479,-3.4380106925964355,-6.562450885772705,-3.9588708877563477,-6.035458564758301,-7.760828971862793,-4.3282470703125,-3.9402174949645996,-2.3935470581054688,-1.445540428161621,-6.489131927490234,-5.436310291290283,-4.114535331726074
7af110303,-5.035820007324219,-6.733379364013672,1.9827663898468018,0.43372589349746704,-9.36954402923584,-4.121164321899414,-5.253277778625488,4.4467973709106445,-9.442177772521973,-3.635002851486206,-4.9533586502075195,1.2783684730529785,-5.970578193664551,-6.351455211639404,0.4802219867706299,-4.773110389709473,-2.7545697689056396,-4.027724266052246,-3.920607089996338,-4.88323450088501,0.8073474764823914,-7.551844120025635,-5.245411396026611,-6.770145416259766
7af188bff,-2.362717628479004,1.8256832361221313,-3.3038876056671143,2.44004225730896,-2.397224187850952,-2.7136595249176025,-3.001953363418579,-1.6410868167877197,-3.493650436401367,-1.6170686483383179,-2.798356056213379,-3.1363115310668945,1.3660717010498047,-1.0909037590026855,-3.993443727493286,-3.0048177242279053,-1.9660207033157349,-2.5843448638916016,-0.2876276969909668,-3.4432179927825928,-3.0839321613311768,-1.1889163255691528,-1.911377191543579,-1.7023217678070068
7b087df90,-1.9135277271270752,6.297564506530762,-5.577343940734863,3.454594612121582,-0.07558881491422653,-5.334341526031494,-7.447240829467773,-5.225997447967529,-3.252387285232544,-2.810403823852539,-5.36409854888916,-9.469900131225586,2.979382038116455,0.272967666387558,-2.1616199016571045,-4.549848556518555,-1.450480580329895,-6.3245649337768555,-0.9029449224472046,-6.316161155700684,-6.3764424324035645,2.0561230182647705,-4.584902763366699,-2.9788289070129395
7b1219fc4,-2.868695020675659,2.2850289344787598,-0.5773689150810242,1.605820894241333,-1.8561177253723145,-2.024906635284424,-2.468625545501709,-2.2107033729553223,-4.322421073913574,-1.605988621711731,-2.3161070346832275,-1.325941801071167,-4.181751251220703,-0.6656681299209595,-2.5162079334259033,2.7097549438476562,-2.7619171142578125,-0.6868849396705627,-4.200087547302246,-1.5068695545196533,3.230907917022705,-1.6624009609222412,-2.31235408782959,-0.8606166243553162
7b7d6d206,-4.186375617980957,-1.040235996246338,-1.1577296257019043,2.144834280014038,2.2215304374694824,-3.49216628074646,-2.540971517562866,-2.886129379272461,-1.7772808074951172,-1.886851191520691,-3.1446821689605713,-3.9240000247955322,0.5343985557556152,-0.9667621850967407,-3.1671128273010254,-2.316465377807617,5.069537162780762,1.4590506553649902,-1.7669329643249512,0.07336992025375366,-4.389985084533691,0.7379484176635742,-3.5633187294006348,-2.1441707611083984
7ba22e1e5,-3.115589141845703,1.6183927059173584,-4.948347091674805,3.448657989501953,2.7908592224121094,-3.9951677322387695,-6.003486633300781,-4.480705261230469,-2.568342447280884,-2.5601863861083984,-4.400871276855469,-6.817224502563477,4.021041393280029,1.1096975803375244,-4.094696998596191,-3.9962127208709717,-2.5956592559814453,-4.657540321350098,-0.1636146903038025,-6.374688625335693,-7.716741561889648,-0.06669740378856659,-3.196063995361328,-1.0463507175445557
7ba7d8dcd,10.288729667663574,-0.2822795510292053,-5.779965400695801,0.6437286138534546,-1.2360754013061523,-4.936112403869629,-7.011124610900879,-6.124027252197266,6.613684177398682,-4.0228681564331055,-3.8641552925109863,-6.407437324523926,3.5158531665802,-1.4959492683410645,-3.131847381591797,-4.284370422363281,-5.366637229919434,-5.315455436706543,3.3170013427734375,-6.0866289138793945,-2.348721742630005,-3.9456968307495117,-4.585070610046387,-0.1609877347946167
7ba8d0f10,-6.621341228485107,-6.733390808105469,-0.055940181016922,-3.8055105209350586,-5.696905136108398,-0.7658671140670776,-4.190181732177734,1.432220458984375,-7.467296123504639,-3.163452625274658,-3.820831298828125,0.13377755880355835,-6.628488540649414,-5.5844621658325195,-2.6429924964904785,-4.080646991729736,-4.466114044189453,-3.609428644180298,-4.3423871994018555,-2.3348019123077393,4.1004438400268555,-6.377695560455322,-3.7815017700195312,-4.785079002380371
7bfe229c1,-5.203938961029053,-3.3165552616119385,1.3406744003295898,-2.110255241394043,-6.5749921798706055,-2.8635411262512207,-4.503388404846191,-2.896578311920166,-8.746865272521973,-1.9883167743682861,-4.625282287597656,-4.321065902709961,-6.448871612548828,-3.2179415225982666,-2.2514262199401855,-4.579595565795898,-5.105483055114746,-2.4550046920776367,-3.3719213008880615,-3.6831321716308594,-1.5326101779937744,-6.248627662658691,-7.125504016876221,-6.030885219573975
7c3b73585,-1.9333819150924683,-3.2434020042419434,8.584083557128906,2.6131715774536133,-2.954829216003418,-2.38090181350708,-3.871589183807373,-3.342529773712158,-4.761386394500732,1.2621580362319946,-4.775057792663574,-4.2512335777282715,-0.32563677430152893,-1.7427890300750732,-6.009566307067871,-4.671969890594482,-5.123448848724365,-2.0298919677734375,-1.4048699140548706,-5.0572509765625,-5.572800159454346,-3.614974021911621,-3.9015116691589355,-2.497526168823242
7c3f80ebe,6.376410484313965,-3.944153070449829,-3.3376595973968506,1.7721052169799805,-7.791429042816162,-7.577007293701172,-9.76395034790039,-6.7475666999816895,-4.644221782684326,-3.590639114379883,-4.229692459106445,-10.433326721191406,5.500195026397705,-3.751591682434082,-10.539518356323242,-5.548246383666992,-6.300134181976318,-7.456337928771973,0.286167711019516,-9.738275527954102,-8.469237327575684,-8.58507251739502,-7.445627212524414,-4.594359397888184
7c424b3c9,-1.8423895835876465,-1.9941534996032715,-2.3308935165405273,2.7486515045166016,2.328580379486084,-3.166194438934326,-3.1665687561035156,-2.2195122241973877,-3.1983115673065186,4.514071941375732,-4.004384994506836,-1.157271146774292,0.21351128816604614,1.6366126537322998,-3.7939276695251465,-3.246924877166748,-4.074407577514648,0.24567478895187378,-1.292017936706543,-0.6409984827041626,-5.766569137573242,-2.2441530227661133,-3.8309292793273926,-0.345924437046051
7c712b45f,-4.106667995452881,-3.9102306365966797,1.2440578937530518,-1.4465296268463135,-2.754166603088379,-1.7025455236434937,-2.0693016052246094,1.4532461166381836,-5.679340362548828,-0.4000599980354309,-3.3756766319274902,3.766719102859497,-4.990303993225098,-3.665850877761841,-3.4193360805511475,-3.030996322631836,-3.7193541526794434,-0.7036544680595398,-5.2838616371154785,-0.08745351433753967,12.521032333374023,-5.251217842102051,-1.8691844940185547,1.9136643409729004
7cfaed5a0,-0.19517911970615387,-7.1592559814453125,-6.202141761779785,2.707345724105835,-3.419281005859375,-6.527238368988037,-9.205486297607422,-4.918671607971191,-4.704046249389648,-4.376903057098389,-4.2802734375,-8.556583404541016,10.209211349487305,-3.962236166000366,-8.319223403930664,-5.580690383911133,-7.686663627624512,-9.415277481079102,3.8580055236816406,-11.253338813781738,-10.502182006835938,-6.401571273803711,-5.6516594886779785,-3.145707130432129
7d064b789,8.922151565551758,-5.56507682800293,-4.295703411102295,0.7594876289367676,-5.846796035766602,-10.264410018920898,-10.804189682006836,-6.5762739181518555,-3.8822383880615234,-2.956623077392578,-6.470554351806641,-9.88116455078125,4.9705424308776855,-3.863579511642456,-10.347925186157227,-6.353982925415039,-7.684096336364746,-8.477015495300293,2.2377233505249023,-11.587270736694336,-10.176717758178711,-8.597705841064453,-7.497645854949951,-4.058600425720215
7d188d367,-4.575248718261719,-7.115596771240234,-8.881561279296875,2.681403636932373,-4.542612075805664,-2.686595916748047,-8.231310844421387,-5.746557235717773,-4.238794803619385,-5.202679634094238,-3.040407419204712,-5.917044162750244,9.230926513671875,-3.5690479278564453,-7.428949356079102,-5.044382572174072,-7.734350204467773,-9.40880012512207,2.2482519149780273,-9.273919105529785,-9.256183624267578,-5.8372392654418945,-1.1030353307724,-2.008279800415039
7d4c75228,-3.4713423252105713,-6.838587760925293,-7.787187576293945,2.714527130126953,-5.727359771728516,-1.2036347389221191,-6.130022048950195,-4.671594619750977,2.4208297729492188,-3.676433801651001,-1.5801459550857544,-4.873447895050049,10.122220993041992,-3.219700336456299,-5.4159369468688965,-4.500086307525635,-6.01353120803833,-5.973751544952393,-0.07248029112815857,-5.965725421905518,-2.8319129943847656,-5.719414234161377,1.6967188119888306,-1.2368836402893066
7dafb75e0,-1.3886488676071167,-3.750154495239258,-5.365049839019775,3.314566135406494,-3.325972318649292,-0.4272671937942505,-6.2823686599731445,-3.200653314590454,4.036017417907715,-3.3643980026245117,-2.754330635070801,-6.096156120300293,8.066160202026367,-0.8613755702972412,-2.8632071018218994,-3.5692529678344727,-4.912926197052002,-4.727583885192871,1.6796793937683105,-5.618542671203613,-1.974393367767334,-4.406296253204346,-2.4385480880737305,-0.9581728577613831
7df2eb324,-4.310758590698242,-1.5490319728851318,-4.1483049392700195,2.478959560394287,-0.3362288475036621,-0.20637881755828857,-3.1435546875,-3.5182876586914062,-3.656099319458008,-2.09376859664917,-1.7057042121887207,-0.4663107693195343,5.825749397277832,0.45090362429618835,-4.346444129943848,-3.9559226036071777,-4.827627182006836,-3.622493267059326,-0.9720041751861572,-0.98186856508255,-0.06327641010284424,-2.6001150608062744,0.4992638826370239,3.0138025283813477
7e025e0bf,-5.328967094421387,-5.472099304199219,-3.5551578998565674,2.910092353820801,-7.421229362487793,-3.978525161743164,-3.5915517807006836,4.110234260559082,-7.742640495300293,-3.989694118499756,-3.1010947227478027,0.354513943195343,-2.038118600845337,-4.670373439788818,-1.5977314710617065,2.343714714050293,-3.740689992904663,-2.6359424591064453,-3.330822467803955,-5.402856826782227,-1.2320890426635742,-5.421473503112793,-1.5643293857574463,-3.8656668663024902
7e0cfe1ff,9.480659484863281,-6.0091705322265625,-5.138113021850586,2.581455707550049,-4.202740669250488,-6.439242839813232,-9.505958557128906,-5.809749603271484,-3.9521055221557617,-3.6505913734436035,-4.671899318695068,-9.27487564086914,9.903886795043945,-3.9927773475646973,-8.238998413085938,-5.09138822555542,-7.680612564086914,-8.75778579711914,3.604485034942627,-11.737462997436523,-10.403589248657227,-6.347595691680908,-6.028608322143555,-3.3478245735168457
7e14bfa8e,-1.24415922164917,-3.190237283706665,-1.5704805850982666,1.471440076828003,-0.3301655948162079,-4.025236129760742,-1.519552230834961,-2.4692015647888184,-4.795989990234375,-1.5616734027862549,10.124095916748047,-0.22721266746520996,1.4473376274108887,-2.6413450241088867,-4.151885032653809,2.217085361480713,-4.508734703063965,-0.5482461452484131,-1.7364414930343628,-4.075648307800293,-3.4424796104431152,-4.1608381271362305,-3.019176959991455,-1.8601672649383545
7e44c0517,-8.869492530822754,-8.701101303100586,-3.3506593704223633,-6.13953971862793,-7.184423446655273,-3.6457221508026123,-6.563641548156738,-7.712647438049316,-7.649484157562256,-5.141263961791992,-5.176103591918945,-1.8623740673065186,-6.225460052490234,-6.567816734313965,-3.884735584259033,-5.025897026062012,-7.5465240478515625,-6.848699569702148,-6.7689008712768555,-3.7094860076904297,1.425513505935669,-7.68935489654541,-6.921482563018799,-5.890390872955322
7e4cddea9,-1.7300089597702026,-2.609969139099121,-5.313470840454102,3.4192612171173096,0.6555522680282593,-3.6384596824645996,-5.183737277984619,-1.30985689163208,-2.3407955169677734,-4.142010688781738,-4.457262992858887,-4.5140604972839355,-1.1457200050354004,-2.9229860305786133,5.501679420471191,-3.3251469135284424,-4.618077278137207,-3.935150146484375,0.02719186246395111,-5.829738616943359,-4.14206075668335,-0.9632458090782166,-4.6356306076049805,-1.5021748542785645
7e71fb999,-1.7911303043365479,-3.616100788116455,-6.288917541503906,3.6997649669647217,6.631222724914551,-4.882364273071289,-7.676273822784424,-6.266087532043457,-2.327761650085449,-3.9569075107574463,-3.121464252471924,-7.948738098144531,8.152641296386719,1.6514779329299927,-7.010105609893799,-5.255825042724609,-6.252771377563477,-6.055251121520996,0.05538691580295563,-8.710753440856934,-8.74996566772461,-2.409855365753174,-4.494693279266357,0.24929994344711304
7e9996cde,7.575041770935059,-5.396546363830566,-4.879024982452393,1.0266040563583374,-3.2249343395233154,-9.673820495605469,-10.242655754089355,-6.4455366134643555,-2.829740524291992,-3.6243889331817627,-5.936250686645508,-9.604433059692383,5.635228157043457,-3.156475067138672,-9.597665786743164,-5.695294380187988,-7.150330543518066,-7.6627607345581055,2.3903727531433105,-11.302453994750977,-9.525467872619629,-7.4130754470825195,-7.0433030128479,-3.369647979736328
7eabc039d,-4.632633209228516,-4.563732624053955,0.3383138179779053,0.5296404361724854,-5.914161682128906,-1.19233238697052,-2.143094539642334,2.9092350006103516,-6.9584550857543945,0.6817003488540649,-1.6431504487991333,0.7680286169052124,-4.4766693115234375,-4.179477691650391,1.6955994367599487,-3.1273860931396484,-4.251785755157471,2.989121675491333,-2.513709306716919,-2.899162769317627,2.750690221786499,-4.983000755310059,-3.6837520599365234,-3.8798012733459473
7eeb43895,9.841848373413086,-4.5761942863464355,-3.513239860534668,2.049769401550293,-6.373709201812744,-6.687809944152832,-9.238408088684082,-6.446575164794922,-3.8841423988342285,-3.535456657409668,-2.9493818283081055,-9.976094245910645,6.4687323570251465,-3.789722442626953,-10.231426239013672,-5.912853240966797,-6.887180805206299,-7.11140251159668,1.1238442659378052,-10.033395767211914,-8.661624908447266,-9.010358810424805,-7.246206283569336,-4.335329055786133
7f062e3ed,-4.907761573791504,-4.102186679840088,-1.8575249910354614,-0.47693076729774475,-0.8271313309669495,-2.196793794631958,-1.5541858673095703,-0.9706563949584961,-5.036196708679199,-2.2912654876708984,-2.7439982891082764,2.990065574645996,-4.179915904998779,-3.933469533920288,-4.127206802368164,-1.5878616571426392,-4.776377201080322,-0.5923951864242554,-5.144979953765869,-3.675060749053955,10.069059371948242,-4.51920747756958,-2.4198405742645264,2.478870153427124
7f5a74a8b,-4.2557172775268555,-1.4333794116973877,-2.8626060485839844,1.2933132648468018,-4.674044132232666,-3.4678311347961426,-6.707851409912109,-1.5075078010559082,-6.0902862548828125,-3.0758371353149414,-4.231020450592041,-6.142852783203125,0.054589927196502686,-1.9735982418060303,-1.6657322645187378,-3.7707459926605225,-4.246267795562744,-4.398096084594727,-0.7373615503311157,-1.4313035011291504,-4.938315391540527,-3.223384141921997,-4.413612365722656,-1.5408353805541992
7f6e5e0c0,-1.012011170387268,-2.6764233112335205,-6.129886627197266,2.9895505905151367,0.3527730107307434,-4.705813884735107,-6.95944881439209,-5.177513599395752,-3.005901336669922,-4.248015403747559,-3.067640542984009,-7.102536201477051,7.530817031860352,-0.32053661346435547,-3.8008203506469727,-3.6761765480041504,-4.522402286529541,-7.058842658996582,2.6840813159942627,-8.781017303466797,-8.085835456848145,-2.137045383453369,-4.52056360244751,-1.4700779914855957
7f8da4ec2,-3.792656898498535,-7.033957481384277,6.216825008392334,2.172891139984131,-3.207834005355835,-2.5374841690063477,-3.0782079696655273,-1.7842669486999512,-7.796870708465576,-2.219090461730957,-5.192544937133789,-4.833128929138184,-1.5753655433654785,-4.2771148681640625,-4.852056503295898,-1.9253140687942505,-6.396756172180176,-1.1563175916671753,-0.8755200505256653,-3.850437641143799,-3.185701847076416,-5.512454509735107,-4.570199012756348,-4.257058143615723
7f9fdae3f,-3.7124929428100586,-2.59360408782959,-5.988935947418213,2.805631637573242,1.5337579250335693,-1.3152302503585815,-5.2947998046875,-5.245243549346924,-2.61863374710083,-3.5783681869506836,-1.929776668548584,-4.461102485656738,5.699220180511475,-0.734829306602478,-5.342302322387695,-4.163224220275879,-4.718695640563965,-5.557088851928711,-0.9460679292678833,-6.317358016967773,-7.662371635437012,-1.2071815729141235,0.20021215081214905,2.748704195022583
7fb4d1a5b,-2.6200320720672607,-4.649506092071533,-1.2812399864196777,-0.7181740999221802,-5.269918918609619,-3.654353618621826,-5.268350601196289,-3.3918685913085938,-5.663581848144531,-3.5485849380493164,-2.412165880203247,-3.007237672805786,-3.8409385681152344,-3.904641628265381,-4.3637166023254395,-0.8125804662704468,-5.780681610107422,0.7434452176094055,-4.741718292236328,-3.9418087005615234,12.346231460571289,-6.772870063781738,-4.663802146911621,-4.852231979370117
7fc6be4e4,-1.2732930183410645,-1.3649117946624756,-4.072159767150879,3.272866725921631,4.668940544128418,1.4080381393432617,-3.327988386154175,-2.2407612800598145,-2.0641965866088867,-2.488347053527832,-1.7974915504455566,1.0322480201721191,2.6292011737823486,0.44916361570358276,-2.278496503829956,-2.9084935188293457,-3.85640025138855,-2.206512451171875,3.606346607208252,2.8470311164855957,-1.7818266153335571,0.5561435222625732,1.5816794633865356,3.0266146659851074
7fdb5e049,-1.0638177394866943,-0.8608516454696655,0.35599952936172485,1.888709545135498,-0.3947758376598358,-1.0086966753005981,-2.8086562156677246,-2.2129602432250977,-3.5152626037597656,-0.4261413812637329,-2.7966082096099854,-0.4762255847454071,-2.383369207382202,-1.5115957260131836,-3.0851964950561523,-2.730778694152832,-3.514352798461914,-1.7441778182983398,-2.305326461791992,-1.9836679697036743,2.0587856769561768,-1.7699570655822754,-0.24009987711906433,2.9720382690429688
8007833af,-1.9873614311218262,1.9005813598632812,-5.298637390136719,3.7294654846191406,-3.1572442054748535,-4.375771522521973,-2.219371795654297,-2.3321194648742676,-4.066564083099365,-2.5637011528015137,-2.3287510871887207,-6.633821487426758,0.4815724194049835,-0.7282798886299133,-5.448225975036621,-3.8542416095733643,21.35718536376953,0.37690040469169617,-2.385664701461792,-5.568737983703613,-6.7186079025268555,-2.2899346351623535,-2.5828680992126465,-2.6949567794799805
803e8ff4c,-4.264621734619141,-1.5383349657058716,-1.5954333543777466,2.4946279525756836,-2.528956413269043,-2.5903801918029785,-5.328588485717773,-1.576351284980774,-4.8614373207092285,-2.8940091133117676,-2.4523065090179443,-2.646648406982422,0.6437499523162842,-2.092050313949585,-2.1155261993408203,-3.421823024749756,-4.005748748779297,-4.034195899963379,-1.5298614501953125,-0.40279844403266907,-2.065049648284912,-2.1388187408447266,-3.3034138679504395,-1.3729405403137207
8069f20d9,-4.270699501037598,-2.8894975185394287,0.24982598423957825,-2.757481098175049,-9.851997375488281,-9.353065490722656,-10.713619232177734,-10.595947265625,-11.532258987426758,-13.946125030517578,-10.343355178833008,-13.213190078735352,-5.812412261962891,-3.8422117233276367,-10.98211669921875,-16.243915557861328,-11.96986198425293,-10.263614654541016,-6.797264575958252,-6.4668426513671875,16.249305725097656,-10.675597190856934,-10.755585670471191,-14.11516284942627
808b6ea46,-5.52020263671875,-5.8988800048828125,8.973217010498047,1.746208667755127,-7.747686862945557,-2.456214427947998,-4.62966251373291,-2.778650999069214,-10.736092567443848,-3.23207426071167,-4.311725616455078,-6.383441925048828,-6.736805438995361,-4.517179012298584,-5.72953987121582,-7.10652494430542,-8.019403457641602,-3.0049328804016113,-3.6684799194335938,-7.054823398590088,2.3821027278900146,-8.0152006149292,-6.216219902038574,-9.807382583618164
80bbaff26,-2.595708131790161,4.290868759155273,-6.584482192993164,3.9996063709259033,0.11539310216903687,-4.728305816650391,-7.601785659790039,-5.175562858581543,-2.487091064453125,-3.1380889415740967,-4.289362907409668,-9.233467102050781,0.5853456258773804,0.2479180097579956,-3.3141651153564453,-4.521364688873291,1.8071517944335938,-5.736102104187012,-0.9951497912406921,-6.841845512390137,-8.450957298278809,3.6172266006469727,-2.9149694442749023,-2.392096996307373
80bc56061,-2.670849561691284,-4.353424072265625,-3.187204599380493,1.950201153755188,-2.4521121978759766,-2.8247995376586914,-6.762978553771973,-4.6074419021606445,-2.5896315574645996,-3.5889501571655273,-2.3514816761016846,-5.337287902832031,8.954833984375,-2.3698887825012207,-3.8685200214385986,-4.47254753112793,-6.344504356384277,-5.879057884216309,1.2074694633483887,-3.830129384994507,-2.2421975135803223,-5.000482559204102,-3.6118433475494385,0.04720783233642578
80d10d363,-6.454129695892334,-8.358383178710938,-3.4594054222106934,-0.7635154128074646,-7.4716033935546875,-3.4012560844421387,-5.280986785888672,-0.759421706199646,-7.478179931640625,-3.3072025775909424,-5.631258964538574,-4.294925689697266,-8.119519233703613,-7.99541711807251,3.6033449172973633,1.8023152351379395,-7.358994483947754,-1.4691755771636963,-6.888776779174805,-4.859017372131348,3.387078046798706,-8.139604568481445,-4.001593589782715,-5.084582328796387
80d53acbc,-1.6100388765335083,-2.9720358848571777,0.7232136130332947,2.191223621368408,-0.5408403277397156,-2.87270450592041,-4.438392639160156,-2.633206367492676,-5.321447372436523,0.7008978128433228,-3.662478446960449,0.23949560523033142,1.4273366928100586,-2.286160469055176,-4.551337718963623,-4.149872779846191,-4.741602897644043,-0.7183988690376282,0.2829306423664093,-5.763500213623047,-4.418592929840088,-3.70101261138916,-4.6133880615234375,-2.2912654876708984
8108e9e2a,-4.212061882019043,-2.4815001487731934,-0.6231598258018494,-1.8655409812927246,-2.5239920616149902,2.312859058380127,-3.587125778198242,-3.2939584255218506,-4.266027450561523,-1.052706241607666,-2.938361883163452,-2.547146797180176,-3.4922351837158203,-0.746679425239563,-2.9281814098358154,-3.1999034881591797,-4.4509806632995605,-0.48069998621940613,-3.5501699447631836,-0.7411595582962036,0.49338364601135254,-3.9630467891693115,-1.802517294883728,-1.3845221996307373
813af36d3,-1.3602591753005981,-0.9882715344429016,-3.9707627296447754,2.67555570602417,2.7622225284576416,-1.1695092916488647,-4.595059394836426,-3.8924670219421387,-1.6569048166275024,-0.2421564757823944,-2.0633885860443115,-4.290218353271484,4.910811424255371,-0.09412483870983124,-3.6925036907196045,-3.052824020385742,-2.5283288955688477,-3.1771559715270996,-0.17686010897159576,-5.190942287445068,-5.465728759765625,-0.3567766547203064,-0.5859056115150452,0.678033709526062
815d4a15d,-2.6362719535827637,1.3347764015197754,-1.4061036109924316,3.768716335296631,3.9310107231140137,-3.603283166885376,-5.0975422859191895,-4.965543270111084,0.09462642669677734,-0.6844563484191895,-5.203283786773682,-6.77301549911499,-0.6911409497261047,0.3564518988132477,-1.0725429058074951,-4.444775581359863,-1.8413894176483154,-3.0618345737457275,-0.2692548334598541,-5.809108734130859,-6.881338596343994,6.174979209899902,-3.4910571575164795,-1.6792752742767334
81677b2c6,-2.6168112754821777,-1.7974284887313843,-3.0512239933013916,3.504584789276123,-0.011118769645690918,-3.030998468399048,-3.9741320610046387,-2.6676526069641113,-3.1438939571380615,-0.06388601660728455,-3.3541526794433594,-3.0925891399383545,2.004638433456421,-2.1949760913848877,-0.3267098665237427,-2.2379555702209473,-2.920478582382202,-1.3167552947998047,1.8073956966400146,-5.160632610321045,-3.648285150527954,-0.8694454431533813,-2.6673777103424072,-1.143355369567871
81aded687,-4.273825168609619,-2.9348273277282715,1.7208328247070312,1.6651450395584106,-2.1568961143493652,-2.1385767459869385,-1.4651365280151367,-1.1474101543426514,-6.730640411376953,-1.2967250347137451,-3.9018614292144775,-1.7552518844604492,-0.2638671398162842,-3.5373475551605225,-4.747373104095459,-0.07160010933876038,-3.00691294670105,-1.5317686796188354,-2.4183712005615234,-3.549241542816162,-3.003843069076538,-3.729796886444092,-3.4415125846862793,-3.6771230697631836
81bc9880b,-5.715479850769043,-2.6485416889190674,-10.593067169189453,2.4370298385620117,-0.9634279012680054,-5.276005744934082,-8.132680892944336,-4.245561122894287,-3.953709363937378,-7.4300127029418945,-6.02315616607666,-9.6973876953125,-2.5671534538269043,-4.080744743347168,9.870649337768555,-5.610910415649414,-7.39894437789917,-7.258467197418213,-0.7711092233657837,-10.432272911071777,-7.10292911529541,0.40834683179855347,-6.74007511138916,-2.915940523147583
820b4bb9e,-0.16261926293373108,-1.644408941268921,-3.805098533630371,0.8828997611999512,1.873531699180603,-2.7904653549194336,-3.500532865524292,2.723529100418091,-3.3762505054473877,-1.7631022930145264,-4.11981201171875,-0.8066987991333008,0.32966911792755127,-1.6817457675933838,0.4558691382408142,-3.6634440422058105,-2.7540154457092285,-3.7070906162261963,-1.450793981552124,-4.7168803215026855,-1.9519752264022827,-2.0061960220336914,-3.3633041381835938,4.144007682800293
8227824e9,-4.997123718261719,-2.744114875793457,-5.657724380493164,3.5506129264831543,-2.737107753753662,-0.915719747543335,-5.433058738708496,-4.916173934936523,-3.2496767044067383,-4.155403137207031,-0.5052770376205444,-3.3793773651123047,6.243740081787109,-0.8105406761169434,-6.739008903503418,-4.19455099105835,-5.5967912673950195,-6.183487892150879,-0.9299318194389343,-3.9703240394592285,-6.0599365234375,-2.8986475467681885,-0.47182005643844604,0.16086387634277344
8241fc826,-4.595149993896484,-3.407168388366699,-6.576834201812744,3.020598888397217,-3.806196689605713,-3.8121023178100586,-6.881845474243164,-3.3124308586120605,-5.255792617797852,-4.24321174621582,-4.41779899597168,-6.472062110900879,2.1186623573303223,-3.555337429046631,-1.4320158958435059,-2.246947765350342,-3.7182278633117676,-5.675206184387207,0.8141517639160156,-7.373610496520996,-6.5491204261779785,-2.506226062774658,-3.1389026641845703,-1.6544768810272217
8252ff47d,-4.641279220581055,-3.163562774658203,-1.1742305755615234,-1.1360472440719604,-6.786022186279297,-5.473156929016113,-9.130870819091797,-4.346453666687012,-7.7358503341674805,-7.724093914031982,-4.609805107116699,-6.793341636657715,-4.362473487854004,-3.289684772491455,-3.9303042888641357,-8.30937671661377,-7.485755920410156,-6.649954795837402,-2.7372519969940186,-4.265896797180176,11.901896476745605,-6.786951065063477,-7.358668327331543,-8.371912956237793
8265631d1,4.079819679260254,4.524809837341309,-1.7976486682891846,2.8765363693237305,-1.606632113456726,-3.1744298934936523,-4.6297783851623535,-0.21043986082077026,-3.309269428253174,1.1170251369476318,-3.7222483158111572,-5.630659103393555,4.8454694747924805,1.0947084426879883,-4.508270263671875,-3.285285234451294,-2.9204931259155273,-3.989784002304077,0.7521531581878662,-4.652290344238281,-5.676365852355957,-2.2186427116394043,-3.3648784160614014,0.2796298861503601
82808ee33,-11.901290893554688,-12.11956787109375,-3.671372890472412,-7.257377624511719,-9.314030647277832,-4.596540927886963,-9.21450138092041,-10.51199722290039,-10.542644500732422,-5.20333194732666,-6.513378143310547,-3.352001667022705,-6.342463970184326,-10.116172790527344,-5.673953533172607,-8.382984161376953,-9.783154487609863,-8.704816818237305,-6.255058288574219,-8.337729454040527,-1.4563512802124023,-9.706006050109863,-9.564558982849121,-6.60603141784668
828bdc0bb,-3.932036876678467,-2.0505282878875732,-0.5633795261383057,2.5749666690826416,-3.7751827239990234,-2.621521472930908,-2.4476187229156494,-0.3888283967971802,-5.225215911865234,-2.4193344116210938,-3.057865619659424,-2.21551513671875,-0.6741330027580261,-3.8590903282165527,-2.1125075817108154,-0.8101495504379272,-2.805342435836792,-0.37739184498786926,-2.7885961532592773,-3.4435501098632812,-0.8680117130279541,-3.382997751235962,-3.290311574935913,-0.797340452671051
829453953,-4.8727312088012695,-4.705027103424072,-3.7398948669433594,1.3350608348846436,-5.302396774291992,-4.754638671875,-4.035027503967285,1.4646646976470947,-6.5449042320251465,-3.4077706336975098,-0.9424137473106384,1.2883884906768799,1.563249111175537,-4.324031829833984,-3.869988203048706,-3.8498315811157227,-3.875648021697998,-5.125790119171143,-1.6087287664413452,-5.522093772888184,1.4553943872451782,-4.674077987670898,-3.604429244995117,-0.7436251044273376
829713c5c,-4.860671043395996,-5.605576515197754,9.288026809692383,1.773106336593628,-5.371684551239014,-1.6596821546554565,-4.117609977722168,-2.750828981399536,-9.295246124267578,5.221770286560059,-4.06815767288208,-3.804727554321289,-8.157398223876953,-4.645683288574219,-5.151034355163574,-5.623408794403076,-7.247560024261475,-0.7593817710876465,-4.599987030029297,-6.349395751953125,-2.0579800605773926,-6.129388809204102,-5.758123874664307,-7.566463470458984
82a8943d2,-1.743565559387207,-2.0197999477386475,-0.0816509872674942,-2.1350765228271484,-2.527285575866699,-0.6855069994926453,-3.7415804862976074,-3.9222965240478516,-4.61859130859375,-1.6497496366500854,-3.159440517425537,-1.6443121433258057,-4.545666694641113,-3.266780138015747,-4.566175937652588,-4.1561198234558105,-4.811945915222168,-1.6852542161941528,-4.93852424621582,-1.8282638788223267,4.542771816253662,-4.048449516296387,-2.858464002609253,0.14037179946899414
82b8cf44d,-7.689504623413086,-7.360952377319336,-0.1994672417640686,0.13447177410125732,-7.440715789794922,-3.53322696685791,-6.96236515045166,-7.197408199310303,-9.514694213867188,-3.621878147125244,-6.256805419921875,-4.56005334854126,-3.702787160873413,-6.8995256423950195,-4.698298454284668,-6.491867542266846,-8.384592056274414,-5.623134136199951,-2.585831642150879,-5.483397483825684,-4.563782691955566,-6.501021862030029,-8.931593894958496,-7.215785503387451
82e1a9793,-4.251827239990234,-1.959352970123291,0.38318103551864624,3.2949700355529785,-4.574312210083008,-1.0363445281982422,-3.244016170501709,1.8366752862930298,-4.719457626342773,-1.1020108461380005,-2.149447441101074,0.2108239084482193,-2.394019603729248,-3.6262028217315674,-0.7669543027877808,-3.3467581272125244,-3.2078723907470703,-1.30849289894104,-1.2305699586868286,-0.3196582794189453,4.093398094177246,-3.669935464859009,-1.7906208038330078,-2.6183362007141113
82ec9ea50,-3.8260111808776855,-3.083160877227783,1.2943872213363647,-0.3034612536430359,-4.859857082366943,-2.066892147064209,-2.795496702194214,-2.5687973499298096,-6.599233627319336,-1.6684659719467163,-3.6007471084594727,-3.072726011276245,-4.044015884399414,-3.4571423530578613,-2.638782024383545,-3.5865635871887207,-5.091374397277832,-0.44781172275543213,-4.389482498168945,-3.4403743743896484,9.490062713623047,-4.501401424407959,-4.698728084564209,-4.63146448135376
82f0ad1a7,-4.680489540100098,0.09443587064743042,-2.56189227104187,3.1672825813293457,-3.041980504989624,-4.1678290367126465,-2.2759861946105957,-1.5105352401733398,-5.049210548400879,-3.0320887565612793,-2.8162832260131836,-4.800445079803467,0.3164028823375702,-2.2043533325195312,-2.271411657333374,-3.6511261463165283,21.570343017578125,0.11682376265525818,-0.8821839094161987,-3.493147373199463,-6.337308406829834,-0.9273902177810669,-3.8148627281188965,-2.1957733631134033
8341398b5,-6.754251480102539,-4.721940994262695,-2.716459035873413,-1.4923148155212402,-8.608576774597168,-5.295325756072998,-3.4672889709472656,2.2923743724823,-7.457427024841309,-3.1765358448028564,1.5549018383026123,7.392970085144043,-2.600895881652832,-4.210132122039795,-6.806710720062256,-3.988485813140869,-3.2861382961273193,-3.9335901737213135,-3.2690703868865967,-5.82107400894165,3.366382598876953,-6.241015434265137,-4.072390556335449,-4.8597540855407715
838ee57d5,-5.10257625579834,-2.5143938064575195,-1.4691296815872192,-0.2462288737297058,-4.712041854858398,-2.149261474609375,-1.8093880414962769,1.035341501235962,-5.874297618865967,-0.111505888402462,-1.9590274095535278,4.64687967300415,-2.112828016281128,-3.0575485229492188,-3.5226197242736816,2.695643186569214,-2.9747486114501953,0.5800514221191406,-2.940476417541504,-3.496715545654297,11.407103538513184,-4.399533271789551,-2.2945055961608887,-0.6332061290740967
83937e581,-3.894014835357666,-5.5634765625,1.346062183380127,-1.811669111251831,-5.26385498046875,-2.2737674713134766,-2.0107171535491943,-2.2438154220581055,-6.51353645324707,-2.5398306846618652,-3.571953773498535,-1.845043420791626,-5.504687309265137,-5.780032634735107,0.9094076156616211,-3.8028066158294678,-5.423140525817871,-2.275360107421875,-3.885749340057373,-3.227329969406128,2.4190285205841064,-5.942295074462891,-4.829404830932617,-3.4739327430725098
83d3cc8e2,-4.699223518371582,-6.063041687011719,-0.22760485112667084,-2.723433494567871,-6.334313869476318,-0.6807307004928589,-2.9723880290985107,-3.1836299896240234,-6.839285850524902,-1.2141437530517578,-3.526653289794922,-0.36263442039489746,-3.965305805206299,-5.144326210021973,-1.818617582321167,-4.1388840675354,-4.790408134460449,-1.8222155570983887,-2.963754177093506,-2.920844078063965,-0.4737940728664398,-5.5084943771362305,-5.061871528625488,-2.7462196350097656
8421eb235,-1.2815182209014893,-0.5132495760917664,-4.129029273986816,3.3318076133728027,1.108298659324646,-2.1897072792053223,-3.8578848838806152,-2.933260440826416,-2.9642252922058105,2.273064613342285,-3.2120485305786133,-4.046587944030762,6.011595249176025,-1.095489501953125,-3.0141491889953613,-2.693030834197998,-3.4975833892822266,-3.427321434020996,1.0200605392456055,-5.6764936447143555,-5.725828647613525,-1.1977671384811401,-0.3492465317249298,-0.40530896186828613
844544936,-4.634572982788086,-6.883032321929932,6.804378509521484,2.490708112716675,-4.725119590759277,-2.776939630508423,-0.7948747873306274,-3.074435234069824,-7.806375503540039,-1.9882268905639648,-4.452402114868164,-4.326066970825195,-1.96736478805542,-3.9548134803771973,-5.622997283935547,-3.4488508701324463,-5.108713150024414,-0.2990279793739319,-1.409533143043518,-2.821810245513916,-1.6956933736801147,-6.0222249031066895,-4.929471969604492,-4.144827842712402
848a12070,-4.298637866973877,-8.69642448425293,2.699467658996582,-2.804213285446167,-1.914562702178955,-2.0785696506500244,-4.800899982452393,-4.447666168212891,-6.235651969909668,-0.42430490255355835,-4.116766929626465,-1.8364615440368652,-5.8828511238098145,-5.632806301116943,-5.473178863525391,-1.0366976261138916,-6.81950569152832,-0.8465544581413269,-6.107241630554199,-2.3787360191345215,5.491458415985107,-6.890115737915039,-5.075930595397949,-3.0390353202819824
848dd0607,-3.622040271759033,-2.2971763610839844,-4.969850540161133,1.470341444015503,-0.37896156311035156,0.2987169921398163,-3.272334098815918,-2.8670454025268555,-4.264132499694824,-3.1761789321899414,-0.8615107536315918,-2.012122631072998,-0.5521180629730225,-2.803262233734131,-4.175306797027588,-3.231004476547241,-3.396524429321289,-3.7363128662109375,-2.027855396270752,-4.122194290161133,-2.9487974643707275,-2.1013054847717285,9.85470199584961,3.367776870727539
850ddac0a,-0.8297855854034424,-3.120455741882324,-3.069852352142334,2.310157060623169,-0.34635746479034424,-4.103800296783447,-4.67083740234375,-1.1674115657806396,-4.203710556030273,-3.6295700073242188,-4.512091636657715,-4.833242416381836,-1.2909681797027588,-2.982670307159424,4.552026748657227,1.2788598537445068,-3.9395930767059326,-2.350633144378662,0.8860270380973816,-5.109697341918945,-3.170846700668335,-2.5346622467041016,-4.114337921142578,-2.2066516876220703
852f9c2cf,-4.728303909301758,1.9659559726715088,-5.119192600250244,-2.8595924377441406,-5.27126407623291,-7.522305488586426,-3.897698163986206,-5.6751203536987305,-3.651931047439575,-4.282367706298828,-4.461286544799805,-5.247194290161133,-4.189902305603027,2.3658411502838135,-4.960697174072266,-4.72734260559082,11.46826171875,-1.3119999170303345,-7.469001770019531,-1.6805140972137451,-5.8125,-3.4142885208129883,-5.360410213470459,-3.894279956817627
854da9916,1.5629591941833496,-2.7682225704193115,3.6950807571411133,-1.234564185142517,-6.3999199867248535,-3.069206714630127,-4.076376914978027,-1.721280813217163,-6.344084739685059,-3.0067381858825684,1.031956434249878,-4.145482063293457,-3.8754093647003174,-2.720702886581421,-4.055219650268555,-4.119753360748291,-5.010379791259766,-1.8981817960739136,-3.344191551208496,-3.377929210662842,-2.390562057495117,-6.956592559814453,-6.0350470542907715,-4.213812351226807
85a0c6cbb,-6.18045711517334,-8.500131607055664,2.2409920692443848,-4.020581245422363,-7.7468366622924805,-1.5261917114257812,-3.0746655464172363,0.617304801940918,-8.910540580749512,0.8155765533447266,-4.861117362976074,-0.17884179949760437,-7.227223873138428,-7.078168869018555,-3.5700888633728027,-3.7013015747070312,-5.813934326171875,-1.6623201370239258,-6.244124412536621,-1.8630123138427734,4.092051982879639,-7.911556243896484,-4.532697677612305,-5.332416534423828
85a13c5d3,-2.0209226608276367,-0.9937297701835632,0.12550422549247742,1.8701916933059692,-3.7776143550872803,-3.060178279876709,-2.9160783290863037,0.7062025666236877,-5.397780418395996,-2.1289851665496826,-4.173521518707275,-2.840916156768799,-2.0527420043945312,-2.966186285018921,-1.4292736053466797,0.9029078483581543,-1.8575682640075684,-1.776928424835205,-3.273000717163086,-4.038913726806641,0.953971266746521,-4.4713335037231445,-2.883723258972168,-2.6712160110473633
85a44d188,-6.337909698486328,-2.521965742111206,-4.771315574645996,1.2249125242233276,-2.480105400085449,-1.8968271017074585,-5.880077362060547,-1.6524494886398315,-4.621267795562744,-4.73124885559082,-3.6953182220458984,-4.295630931854248,-2.778808116912842,-3.6845414638519287,6.121807098388672,-4.526182174682617,-3.50776743888855,-5.576016426086426,-0.5821579098701477,-6.201704025268555,5.190371990203857,-2.164780855178833,4.68726110458374,-2.680328607559204
85b951df8,-2.5070409774780273,-3.5487217903137207,-0.1673804223537445,0.4040937125682831,-6.565654754638672,-3.7336483001708984,-5.155349254608154,6.382420063018799,-6.552953243255615,-2.5184507369995117,-3.145409107208252,1.382164716720581,-0.9405168890953064,-4.30988883972168,-2.0279958248138428,-3.772648811340332,-1.9557173252105713,-3.7119388580322266,-2.7579081058502197,-4.815261363983154,-2.6438729763031006,-4.259725093841553,-4.049967288970947,-2.9552669525146484
85c622121,-3.252437114715576,3.5997424125671387,-5.316605567932129,3.6462669372558594,2.9501397609710693,-4.295514106750488,-7.132143020629883,-5.206085205078125,0.3416123390197754,-2.828305244445801,-5.0951457023620605,-8.695586204528809,3.2978382110595703,0.09157459437847137,0.8347776532173157,-4.342582702636719,-1.9039239883422852,-6.156219482421875,-0.2569602131843567,-5.776296138763428,-8.015101432800293,7.379271507263184,-4.334466934204102,-2.533076286315918
85d896c99,-2.9951443672180176,-7.926423072814941,-7.812690734863281,3.3443779945373535,-3.710388422012329,-5.476775169372559,-10.345293998718262,-7.112478256225586,-5.088023662567139,-5.308646202087402,-3.866420030593872,-8.575688362121582,9.722572326660156,-3.5703272819519043,-7.782637119293213,-6.880286693572998,-8.850022315979004,-10.082467079162598,2.6718945503234863,-13.150442123413086,-10.757009506225586,-6.4011688232421875,-6.142656326293945,-3.296262502670288
86378a891,-6.014948844909668,-8.634075164794922,-7.79550838470459,2.0547657012939453,-9.253183364868164,-5.296698570251465,-10.257680892944336,-5.365872383117676,-7.330160617828369,-5.6016435623168945,-3.1630945205688477,-7.432470321655273,10.93254280090332,-5.74697208404541,-9.072809219360352,-6.295106410980225,-9.753377914428711,-10.880488395690918,2.4104790687561035,-12.47927474975586,-11.927806854248047,-8.957704544067383,-5.915861129760742,-5.8957133293151855
864c7cf66,-3.3759329319000244,-4.413771629333496,-0.9629160761833191,-0.14537781476974487,-5.353890419006348,-3.2871994972229004,-3.440469741821289,-1.2331842184066772,-6.368531703948975,-2.96474027633667,-2.7295546531677246,0.26914307475090027,-2.6462149620056152,-2.87129282951355,-2.9019010066986084,1.782968282699585,-3.578378677368164,-2.141965389251709,-3.6865906715393066,-3.2784059047698975,9.36723518371582,-5.832505226135254,-3.1292500495910645,-4.386122226715088
86516a59b,-2.430795192718506,-5.23076057434082,-7.126952171325684,3.227323532104492,4.252034664154053,-5.198160648345947,-8.186803817749023,-5.9115166664123535,-2.583834409713745,-4.925149917602539,-4.47760009765625,-7.28537130355835,8.75186538696289,0.14233830571174622,-5.030117034912109,-4.592745780944824,-5.986004829406738,-7.740616798400879,4.009760856628418,-10.515528678894043,-9.493400573730469,-2.2700090408325195,-5.028530120849609,-1.5768771171569824
86681bee1,-2.7291221618652344,-2.115060567855835,1.0803017616271973,0.20755401253700256,-4.966811180114746,-1.160168170928955,-2.3552982807159424,2.1278655529022217,-4.733797073364258,-0.602171778678894,-3.4900319576263428,-0.5473710298538208,-3.6987297534942627,-2.547292947769165,-0.2728838622570038,-1.6137804985046387,-2.5584800243377686,-0.5481353402137756,-3.001741886138916,-3.5177106857299805,4.149165153503418,-4.240080833435059,-2.61179256439209,-1.876019835472107
86797d9ba,-7.961643695831299,-7.893454074859619,-0.9550467729568481,-0.9212170243263245,-7.359661102294922,-2.7472991943359375,-6.197732925415039,-5.137174606323242,-9.050726890563965,-4.634806156158447,-4.506248474121094,-4.455783843994141,-2.584263801574707,-6.89059591293335,-3.1483917236328125,-5.118529319763184,-7.07880973815918,-5.58534049987793,-4.049210548400879,-4.848677158355713,-2.7747249603271484,-6.41037654876709,-7.542348384857178,-6.64438009262085
8697e8bd8,-3.1702778339385986,-2.7747814655303955,-1.9776530265808105,3.1862735748291016,-2.1988766193389893,-2.728501796722412,-5.522959232330322,-4.29103946685791,-5.2587080001831055,-3.2824504375457764,-3.643871307373047,-4.852619647979736,4.249261856079102,-2.591562271118164,-4.3426666259765625,-4.6783246994018555,-5.80913782119751,-5.27923583984375,-0.11150215566158295,-5.562860012054443,-5.2437663078308105,-3.913867473602295,-4.6234941482543945,3.0267271995544434
86a229236,-4.510828018188477,-2.659811496734619,-4.161050319671631,1.7561309337615967,-2.0765020847320557,-1.12251877784729,-3.085810661315918,-3.2334914207458496,-4.119424343109131,-1.7996708154678345,-3.0061702728271484,-0.5846166610717773,0.5251014828681946,-2.4409918785095215,-2.673135757446289,-2.133371114730835,-4.78812313079834,-3.883857488632202,0.07840564846992493,-2.5975687503814697,-3.76544189453125,-2.021200180053711,-0.3853777348995209,0.13254046440124512
86b01f91f,-5.964827537536621,-4.289684295654297,-4.496285438537598,2.3425872325897217,-1.9700573682785034,-1.25522780418396,-5.424078941345215,0.289348304271698,-4.118319034576416,-4.901219367980957,-4.04250955581665,-4.641536235809326,-1.7875604629516602,-3.9563260078430176,8.147785186767578,-3.964975357055664,-4.972517967224121,-5.054698944091797,-0.452322781085968,-4.834926128387451,-3.4480698108673096,-2.2285780906677246,4.870607376098633,-2.139356851577759
86b7e2ffd,-7.168623447418213,-8.400662422180176,-1.3592545986175537,-5.321532726287842,-5.685755729675293,-1.4539382457733154,-2.9492878913879395,-4.941221237182617,-6.0102033615112305,-2.6093316078186035,-3.3360342979431152,-0.669346809387207,-3.7444136142730713,-4.973492622375488,-3.0930771827697754,-1.8704233169555664,-7.587003231048584,-2.777357816696167,-5.739602088928223,-0.10908448696136475,-0.22429834306240082,-5.912441253662109,-5.794101715087891,-4.260656833648682
86bb45056,-3.4569931030273438,-1.178573727607727,-3.8326802253723145,2.9616289138793945,-1.5426974296569824,-4.43852424621582,-5.170631408691406,0.3769444227218628,-4.9370646476745605,-3.246995449066162,-2.86543345451355,-2.6624813079833984,2.6149916648864746,-2.7405500411987305,1.1392755508422852,-3.6028215885162354,-3.7691125869750977,-3.48441743850708,2.8604249954223633,-6.142020225524902,3.7196571826934814,-1.1697269678115845,-3.037639617919922,-2.264774799346924
86bda2515,-2.8670194149017334,-3.633362293243408,-2.2328171730041504,2.4559454917907715,-2.573612689971924,-3.0293171405792236,-5.290483474731445,-1.1004829406738281,-4.220269203186035,-3.5632004737854004,-3.8250789642333984,-6.128544807434082,2.004209041595459,-3.139688491821289,1.0760407447814941,-3.895282745361328,-4.623499870300293,-4.5496931076049805,2.536369800567627,-6.772214889526367,-3.1109976768493652,-2.219809055328369,2.51885724067688,-2.953835964202881
86c65015b,-4.851179122924805,-2.1453137397766113,-3.748544692993164,1.5893800258636475,-0.7719050645828247,0.43259909749031067,-3.638010025024414,-3.45975399017334,-3.856128454208374,-2.261143684387207,-2.855194091796875,-1.642897367477417,-1.940872311592102,-2.0813536643981934,-4.051056861877441,-4.021332740783691,-4.525152206420898,-3.804309844970703,-3.5950050354003906,-2.1853628158569336,-1.4688726663589478,-2.402329444885254,0.49784335494041443,2.684499740600586
86e6beb0c,-6.416044235229492,-5.9616289138793945,-0.7564376592636108,-2.0319340229034424,-7.06566858291626,-2.138251781463623,-2.8512673377990723,1.1590757369995117,-7.6777191162109375,-3.8374359607696533,-0.8863159418106079,5.776581287384033,-5.265321731567383,-3.512223720550537,-0.558357834815979,-4.740297794342041,-4.987883567810059,-2.4483795166015625,-4.743194580078125,-4.195710182189941,13.315214157104492,-6.835256576538086,-3.861989974975586,-4.684998512268066
86eec0c08,-1.3635505437850952,-2.6353797912597656,-4.850418567657471,2.0751147270202637,-2.741867780685425,0.8661081790924072,-2.606166124343872,-2.124476432800293,2.0339317321777344,-2.9137673377990723,-0.9639887809753418,-2.298449754714966,9.255786895751953,-1.7912635803222656,-3.979116916656494,-3.391630172729492,-1.4264204502105713,-4.176911354064941,1.929815649986267,-4.389575958251953,-1.6867213249206543,-3.160946846008301,7.579151153564453,0.38909727334976196
871429c88,-5.2801642417907715,-4.329019069671631,-0.772551953792572,-1.5174793004989624,-6.731780529022217,-3.554227352142334,-2.4777166843414307,-3.318162202835083,-6.858640670776367,-5.068092346191406,-4.170287132263184,-2.0210163593292236,-5.683088302612305,-4.525572299957275,-4.500820636749268,-4.88748836517334,-5.654969215393066,-1.8228776454925537,-6.114086151123047,-3.984929084777832,13.80725383758545,-7.323732376098633,-5.5100932121276855,-6.100859642028809
87ad1a79c,9.312091827392578,-0.12012352049350739,-3.7131190299987793,1.1341934204101562,-2.0883679389953613,-8.715496063232422,-8.799848556518555,-6.866847038269043,-0.38938599824905396,-1.8245922327041626,-7.059800148010254,-8.80781078338623,-2.9731626510620117,-1.513188123703003,-8.369793891906738,-6.285584449768066,-4.612578392028809,-6.727910041809082,0.011435206979513168,-6.776620864868164,-5.091433048248291,-3.904867649078369,-6.440401077270508,-0.7986230850219727
87edc6ad9,-3.9418320655822754,0.19827181100845337,-1.6503684520721436,3.5242953300476074,0.569344162940979,-3.0216245651245117,-4.432269096374512,-2.003478765487671,-4.598574638366699,5.07427978515625,-2.557427167892456,0.4104298949241638,1.7858407497406006,-1.5667375326156616,-4.442334175109863,-4.200644493103027,-3.4424901008605957,7.19527530670166,-3.0950145721435547,-5.284941673278809,-5.119200706481934,-1.9404581785202026,-4.295998573303223,-1.5811433792114258
885540a1b,-3.678220272064209,-5.178644180297852,9.252758026123047,2.044297695159912,-5.786865711212158,-2.6818878650665283,-3.4716691970825195,-3.238063097000122,-9.716793060302734,-2.406416416168213,-6.006528377532959,-5.374067306518555,-1.7272000312805176,-4.142181873321533,-6.6019062995910645,-6.473944187164307,-6.005206108093262,-3.439894437789917,-3.032278537750244,-5.7036967277526855,-4.088284492492676,-6.33614444732666,-5.502233028411865,-6.830598831176758
888fe0a8b,-0.8164283037185669,-3.284050464630127,-2.9776883125305176,2.553412437438965,-4.99867057800293,-1.6083574295043945,-6.300541877746582,-2.271587371826172,-5.681151390075684,-3.128420829772949,-2.42858624458313,-5.407003402709961,7.383177757263184,-2.979085922241211,-6.380817413330078,-4.598618984222412,-6.109167575836182,-4.882246017456055,-1.001146674156189,-6.7830352783203125,-6.047895431518555,-7.0141167640686035,-2.839186668395996,2.0284345149993896
889442c75,-2.0570199489593506,-2.6251840591430664,-6.564064025878906,2.9574503898620605,-1.0934817790985107,-4.06287956237793,-7.382591247558594,-5.803947448730469,-2.541018486022949,-4.583335876464844,-2.9644815921783447,-6.707839012145996,8.659692764282227,-0.6364020109176636,-4.633410930633545,-4.360598564147949,-5.248363494873047,-7.722614765167236,1.927595615386963,-8.387310028076172,-8.09953498840332,-2.651413917541504,-3.9901814460754395,-1.8780086040496826
88acfc06f,-2.6598105430603027,1.721900224685669,3.453291416168213,2.8732712268829346,-1.6220924854278564,-3.9216866493225098,-5.012998104095459,-4.700162887573242,-4.652801513671875,-0.17295873165130615,-5.309574604034424,-6.409698486328125,-0.3475959897041321,-1.5513962507247925,-4.360002040863037,-4.324267387390137,-4.372151851654053,-3.9702672958374023,-1.7980362176895142,-6.231893539428711,-4.111306667327881,-1.6521687507629395,-4.998254776000977,-3.274303436279297
88be53830,-6.208043098449707,-0.9711477756500244,9.708998680114746,2.419508457183838,-4.7988715171813965,-1.2764312028884888,-5.3413286209106445,-3.782050371170044,-9.041597366333008,-1.8905367851257324,-4.750941276550293,-5.706075668334961,-4.87369441986084,-3.52437162399292,-5.045257091522217,-5.975096702575684,-6.215209007263184,-3.207829475402832,-2.2483949661254883,-5.598812580108643,-2.6707234382629395,-4.2981157302856445,-5.335872173309326,-6.796710014343262
88cbc1e07,-2.41988468170166,3.185655117034912,-6.918120861053467,3.1533596515655518,-1.8290377855300903,-4.984562397003174,-7.713606357574463,-3.5773322582244873,-4.157968521118164,-2.6023528575897217,-3.0168919563293457,-5.918845176696777,2.608793258666992,-0.9382776021957397,-3.8219199180603027,-4.926009178161621,-2.7941813468933105,-6.726255893707275,0.6266655921936035,-7.696577072143555,-8.255217552185059,0.6893025636672974,-3.5584523677825928,-2.3351824283599854
88f845482,-4.842936992645264,-3.920992136001587,-6.799702167510986,1.9887646436691284,-3.240953207015991,-3.353283405303955,-5.6867828369140625,-2.244123935699463,-4.097414016723633,-4.952439308166504,-3.8688693046569824,-5.4563398361206055,-1.6099371910095215,-1.2723031044006348,8.309499740600586,-4.389486789703369,-5.4222283363342285,-3.97873592376709,-3.137117862701416,-6.6126508712768555,-1.6981241703033447,-2.7170138359069824,-4.922773838043213,-0.9866858124732971
890a3e4dd,-4.332681179046631,-3.289214849472046,-0.6577402949333191,0.1524694859981537,-3.2737724781036377,-2.328479528427124,-2.0670764446258545,2.7038381099700928,-5.952686309814453,0.10756659507751465,-3.825519561767578,-2.345486879348755,-6.282208442687988,-4.555961608886719,6.543724060058594,-1.9455842971801758,-3.1742899417877197,0.40866565704345703,-3.958082914352417,-3.1284594535827637,-0.3181267976760864,-4.748952388763428,-3.0778355598449707,-2.586144208908081
892f2856b,6.294848442077637,-2.2171502113342285,-4.544134140014648,1.488471508026123,-1.7558506727218628,-4.0213212966918945,-5.426491737365723,-4.808066368103027,5.567389965057373,-3.1538500785827637,-3.6607108116149902,-6.132539749145508,4.349051475524902,-2.3281006813049316,-2.376810073852539,-3.595003604888916,-3.738340139389038,-4.178587436676025,1.7302460670471191,-5.550260543823242,-2.9273009300231934,-2.8123724460601807,-4.346535682678223,-1.0424023866653442
897882424,-3.4947218894958496,-3.7861618995666504,-1.5471501350402832,1.5309737920761108,-4.31890344619751,-3.7972910404205322,-2.7382683753967285,3.308767080307007,-4.755425453186035,-2.8799338340759277,-2.8794894218444824,1.7328294515609741,-1.2023292779922485,-3.2549073696136475,-2.153987169265747,-2.5748953819274902,-3.277996063232422,-1.9031472206115723,-1.3642280101776123,-4.21016788482666,5.31489372253418,-3.659626007080078,-2.974417209625244,-2.915370225906372
897dec4a0,-2.3937435150146484,-4.657082557678223,-5.678865432739258,2.906235694885254,-0.10783076286315918,0.3844323754310608,-5.9097514152526855,-4.021805763244629,-1.9909429550170898,-2.679702043533325,-1.338035225868225,-4.039146900177002,9.188719749450684,-0.4596792459487915,-5.95231819152832,-3.990285873413086,-5.88485860824585,-5.396801471710205,-0.36116042733192444,-6.147299289703369,-5.572487831115723,-4.778148651123047,1.327597737312317,-0.4020783305168152
8984410b4,-5.364380836486816,-4.284822940826416,0.1556403636932373,-0.9609991908073425,-6.987393379211426,-2.172128200531006,0.10169631242752075,-0.5855363607406616,-6.711204528808594,-4.579865455627441,-0.9091116786003113,1.8260135650634766,-4.461184501647949,-3.685976982116699,-3.9591281414031982,-4.579531669616699,-3.400729179382324,-1.5223209857940674,-4.094348907470703,-2.511171817779541,6.4589056968688965,-5.8253278732299805,-4.222206115722656,-4.983203887939453
89c80dc08,-9.245232582092285,-10.795337677001953,-2.4428083896636963,-4.9922990798950195,-8.576623916625977,-4.060827732086182,-8.332112312316895,-8.94114875793457,-9.25695514678955,-4.1437296867370605,-6.346057891845703,-4.704489707946777,-5.182846546173096,-7.912168025970459,-7.086003303527832,-7.781271457672119,-9.330924034118652,-6.654735565185547,-5.871951580047607,-5.543661594390869,-0.2032223641872406,-7.962776184082031,-9.074443817138672,-7.045620441436768
89c89ea72,-5.08316707611084,-3.6833252906799316,1.5834922790527344,-0.38291144371032715,-5.579355716705322,-2.7969865798950195,-4.441289901733398,-2.4288675785064697,-7.576145172119141,-3.5100345611572266,-4.598776817321777,-4.472263813018799,-3.023869037628174,-4.854840278625488,-2.8174922466278076,-5.003833770751953,-5.997703552246094,-4.026139259338379,-0.1085779070854187,-4.677528381347656,-1.7372980117797852,-5.675389766693115,-6.6057024002075195,-5.808443069458008
89d9af020,-3.358718156814575,-3.543795585632324,0.13724806904792786,0.5435478687286377,-4.938896656036377,-2.371870994567871,-2.944171190261841,0.5112565755844116,-4.63272762298584,-1.240154504776001,-2.2089080810546875,-2.50080943107605,-0.4967024326324463,-3.7733025550842285,-3.125988483428955,0.2613760232925415,-2.82023549079895,-1.4464936256408691,-2.8884437084198,-3.825432777404785,-0.3699364960193634,-4.282786846160889,-2.5254464149475098,-1.8812676668167114
89fe7fca6,-1.6920366287231445,-3.675029754638672,0.014545947313308716,1.2679204940795898,-2.300690174102783,-2.281209945678711,0.9944452047348022,2.68363618850708,-3.3265485763549805,-0.2066054344177246,-1.769201636314392,-1.2952980995178223,-0.24130219221115112,-2.6171512603759766,-2.4751944541931152,1.727430820465088,-3.243570327758789,-1.0193082094192505,-0.876106321811676,-3.742856502532959,-1.909894347190857,-2.6696736812591553,-2.071809768676758,-2.3659443855285645
8a455fa04,-2.405318260192871,-1.6958656311035156,-7.1068243980407715,2.52982759475708,-0.12757337093353271,-4.936636447906494,-7.055974960327148,-2.076554775238037,-2.923804759979248,-4.189475059509277,-5.015544891357422,-5.848884582519531,1.8326629400253296,-1.4972158670425415,7.046075820922852,-4.2300567626953125,-4.351723670959473,-6.068754196166992,2.520298719406128,-8.353252410888672,-6.895453453063965,0.10191063582897186,-4.301548957824707,-0.7359645366668701
8a554bb18,-3.1794931888580322,-3.076374053955078,-2.9407010078430176,0.4991178810596466,-1.7061114311218262,-3.8083066940307617,-2.1368014812469482,4.13169527053833,-5.208283424377441,-2.0085654258728027,-2.1287364959716797,2.969560146331787,-1.079513669013977,-2.7080111503601074,-3.155463218688965,-3.5192370414733887,-2.5372071266174316,-2.8097190856933594,-0.505616307258606,-4.524850845336914,-0.2715070843696594,-3.8224666118621826,-2.5253560543060303,-1.3181135654449463
8aa67d98d,4.57952880859375,-0.787555456161499,-3.9397530555725098,1.547049880027771,-3.240487813949585,-6.211857795715332,-7.2257890701293945,-4.1599225997924805,-3.611445426940918,-2.374544382095337,-3.6343212127685547,-7.026012420654297,6.316330909729004,-2.103485107421875,-7.767893314361572,-4.4660325050354,-4.566423416137695,-6.404915809631348,1.7007704973220825,-7.397486686706543,-7.7007060050964355,-4.428165435791016,-4.726108551025391,-2.6485400199890137
8aa8fe771,-1.0028355121612549,5.6337456703186035,-6.826624870300293,4.394641876220703,-0.15429741144180298,-4.573317527770996,-7.031592845916748,-4.653637886047363,-1.5285022258758545,-3.404059886932373,-4.056761741638184,-8.569092750549316,-0.6561309695243835,0.39917299151420593,-4.692352294921875,-4.988119125366211,6.495433807373047,-4.588740348815918,-3.1069283485412598,-5.346896648406982,-7.7256340980529785,3.2274088859558105,-0.12371286749839783,-2.0483224391937256
8aab34fbf,-6.650921821594238,-6.5258965492248535,0.46402448415756226,-4.089493751525879,-7.563511848449707,-1.8288556337356567,-1.7936139106750488,-3.0257010459899902,-8.497212409973145,-1.5525606870651245,-4.838813781738281,-1.869166612625122,-6.649935722351074,-6.078366756439209,-3.6247923374176025,-1.8265531063079834,-6.402509689331055,-2.7292141914367676,-5.107125282287598,-3.7449841499328613,-0.09605290740728378,-7.727264881134033,-4.953340530395508,-4.650677680969238
8aaf74b7a,-6.028026580810547,-6.104850769042969,-2.3660011291503906,-2.429826021194458,-5.866470813751221,-3.3355255126953125,-6.571501731872559,-6.085900783538818,-6.860714912414551,-4.060636043548584,-5.244472503662109,-4.150299549102783,-2.7591004371643066,-6.7169270515441895,-3.579617977142334,-5.511772155761719,-7.552723407745361,-6.50790548324585,-2.308054208755493,-6.779568672180176,-2.5817182064056396,-5.1454386711120605,-6.131093978881836,-4.288650035858154
8ad354343,-2.413158416748047,-4.632328033447266,-6.448879241943359,2.369497299194336,-3.0084447860717773,-4.377081394195557,-7.582223892211914,-6.017034530639648,-2.8005075454711914,-4.687760353088379,-2.895962953567505,-7.031567573547363,8.626908302307129,-1.888098120689392,-6.774996757507324,-4.945038795471191,-6.519016742706299,-8.186906814575195,1.8808523416519165,-8.79450798034668,-8.932645797729492,-4.512853622436523,-4.226894855499268,-2.746309280395508
8b0468a55,-2.4677815437316895,-3.322855234146118,-2.220005512237549,2.8145689964294434,-1.724707841873169,-3.3481252193450928,-1.2085752487182617,-0.7636342644691467,-4.55722713470459,-2.700566530227661,-4.028602600097656,-5.227919101715088,2.3573732376098633,-2.7115697860717773,2.949850559234619,-1.2475730180740356,-4.268627643585205,-1.4147883653640747,1.4167002439498901,-5.014470100402832,-2.740499496459961,-1.3240171670913696,-4.1859540939331055,-2.031567096710205
8b2162a9a,1.6585593223571777,-5.892367839813232,-5.216508865356445,3.1646978855133057,5.79560661315918,-2.2320899963378906,-6.68538761138916,-5.645596027374268,3.7202072143554688,-3.748847007751465,-2.4740982055664062,-5.55556583404541,10.35570240020752,-1.4657994508743286,-4.979610443115234,-4.600198745727539,-5.659082412719727,-4.595471382141113,1.7905558347702026,-5.51014518737793,-1.9601256847381592,-4.984260559082031,-3.307034969329834,0.4454200267791748
8b4549fcb,-6.57991886138916,-4.104599952697754,-2.706761360168457,3.69970703125,-3.43369722366333,-4.948561668395996,-9.023214340209961,-3.939467668533325,-8.888946533203125,-5.413399696350098,-5.8898186683654785,-8.318166732788086,0.2725982964038849,-4.414945602416992,-2.6842973232269287,-5.545906066894531,-6.731531620025635,-7.807701110839844,0.4081096947193146,-8.687112808227539,-8.159122467041016,-3.478398323059082,-6.521359920501709,-5.085810661315918
8b506f51d,-3.271904945373535,-3.115351915359497,-2.2145509719848633,2.5219650268554688,-5.230339527130127,-4.269598484039307,-7.6199445724487305,-1.5819001197814941,-6.78344202041626,-6.996948719024658,-5.305118560791016,-8.532625198364258,-2.5798420906066895,-3.88845157623291,5.412873268127441,-5.840263366699219,-6.419086456298828,-5.470463752746582,-1.7113145589828491,-4.9333696365356445,6.271612644195557,-3.5715017318725586,-7.102300643920898,-4.557474136352539
8b5f83172,-4.182241439819336,-1.3589997291564941,-0.2771972119808197,3.003127098083496,-4.053759574890137,-1.183180570602417,-3.0672688484191895,0.5001410245895386,-4.954791069030762,-2.0507242679595947,-2.6243996620178223,-0.3436622619628906,-2.252511978149414,-2.7352383136749268,-0.3497864007949829,-3.530819892883301,-3.439089298248291,-1.158771276473999,-1.76385498046875,-3.351252317428589,10.660537719726562,-3.6491270065307617,-2.040076971054077,-2.0108067989349365
8b8f1beaa,-2.144373893737793,4.244340896606445,-1.6650259494781494,2.3237292766571045,-0.23555806279182434,-3.350642204284668,-4.341429233551025,-3.513638496398926,-2.7579448223114014,-2.3471550941467285,-2.8672168254852295,-4.698366641998291,-0.3020302653312683,-1.2142843008041382,-3.1342267990112305,-3.4585275650024414,8.745786666870117,-0.5312216281890869,-2.577483654022217,-3.2044224739074707,-0.21473509073257446,1.4100100994110107,-2.679624319076538,-0.7717896699905396
8ba33506f,-0.5475039482116699,-3.5314478874206543,-6.6668267250061035,3.147368907928467,6.935307502746582,-3.9067578315734863,-7.6600494384765625,-5.2559428215026855,-1.475022554397583,-4.0183844566345215,-2.8612098693847656,-6.348665237426758,8.271102905273438,1.9807453155517578,-4.572712421417236,-4.262882709503174,-5.0724992752075195,-5.245754718780518,3.100215435028076,-9.658206939697266,-7.873972415924072,-0.2638910710811615,-3.712602376937866,0.6497408747673035
8bb09d1ac,-3.430267810821533,-0.5926375985145569,-1.411024570465088,2.9409327507019043,-1.0291588306427002,-3.626035690307617,-4.3141655921936035,-1.6225224733352661,-3.754455089569092,-2.8790981769561768,-3.2488627433776855,-5.558572769165039,0.28047940135002136,-1.850036859512329,-3.3724231719970703,-3.8949599266052246,0.6728988885879517,-0.8519007563591003,-1.3277757167816162,-4.354740142822266,3.6733756065368652,-1.6867055892944336,-3.67366623878479,-1.2895690202713013
8bd2dcf17,4.963547229766846,-2.125861167907715,-1.6418707370758057,1.8427574634552002,-4.510254859924316,-4.483051300048828,-6.558602333068848,-4.0621466636657715,1.1799498796463013,-2.927729606628418,-4.330482482910156,-7.260815143585205,3.467437505722046,-2.400203227996826,-4.212688446044922,-3.397233009338379,-3.529000759124756,-5.106679916381836,0.7335886359214783,-4.953308582305908,-3.398050308227539,-3.9713001251220703,-4.39790153503418,-3.2765157222747803
8bf232851,-4.05886697769165,-4.96004056930542,0.8440388441085815,0.3153280019760132,-7.817969799041748,-3.0948455333709717,-3.033520221710205,1.7428611516952515,-7.944231986999512,-3.095529317855835,-4.068606376647949,-1.6557185649871826,-5.305139064788818,-5.381772994995117,-0.3535396456718445,-0.02300924062728882,-4.090795040130615,-1.1868140697479248,-3.571620464324951,-4.876895904541016,3.2952895164489746,-7.450395584106445,-3.188000202178955,-5.605795860290527
8bf28af37,-3.19039249420166,-2.817859172821045,-3.4385290145874023,1.8771827220916748,-5.889739990234375,-4.259315013885498,-3.9679861068725586,2.6488661766052246,-5.360836505889893,-1.6794517040252686,-2.2035741806030273,1.106408715248108,-0.5219094753265381,-3.790935754776001,-1.881340742111206,-0.5324152112007141,12.440536499023438,-3.1097004413604736,-1.8889366388320923,-4.267242431640625,-1.256260633468628,-4.153705596923828,-2.3895926475524902,-2.4986531734466553
8bf3680f6,-0.9711099863052368,-8.209421157836914,-6.5851731300354,2.509850025177002,-3.9920804500579834,-1.2799878120422363,-7.093023300170898,-5.387609004974365,3.7326300144195557,-3.8205652236938477,-2.2801504135131836,-5.294066429138184,11.087949752807617,-3.189317464828491,-5.464567184448242,-5.498477458953857,-7.3075480461120605,-5.804231643676758,0.6484636664390564,-6.1136274337768555,-2.2314648628234863,-6.401463985443115,-2.437938690185547,-0.13073834776878357
8c1384bc5,-5.425931930541992,-5.359048843383789,-6.405790328979492,2.729860305786133,-1.9834996461868286,-2.749342918395996,-6.822216033935547,-4.422374725341797,-5.048655033111572,-4.620922088623047,-3.885232448577881,-4.408183574676514,4.879138946533203,-2.3147401809692383,-2.2021985054016113,-4.46694278717041,-6.278661727905273,-6.985376834869385,2.996487617492676,-8.004051208496094,-5.2689056396484375,-2.8981831073760986,-2.9502038955688477,-2.2130746841430664
8c3801df7,-1.0264910459518433,-2.38032865524292,-0.5446455478668213,2.6130948066711426,1.7183291912078857,1.0846312046051025,-3.507680892944336,0.5071169137954712,-1.9191715717315674,-0.8790326118469238,-2.38564395904541,-2.8443117141723633,3.173170804977417,0.35271507501602173,-3.5314624309539795,-3.1062800884246826,-4.075373649597168,-2.0696258544921875,1.631704568862915,-4.1855878829956055,-2.086838960647583,-1.9421045780181885,-1.037520170211792,2.600782632827759
8c76ae5d1,-4.609992027282715,-1.5218836069107056,-5.4733781814575195,2.440495491027832,-1.1334984302520752,-4.085221290588379,-8.084464073181152,-2.732891082763672,-5.900876522064209,-5.48867130279541,-6.473867416381836,-3.575147867202759,-2.717146873474121,-3.3528378009796143,7.7994303703308105,-5.351200103759766,-6.636986255645752,-7.61075496673584,1.4759033918380737,-6.418286323547363,-2.3999454975128174,-1.3931330442428589,-5.793445110321045,-4.145827293395996
8c97e1be3,-4.593759536743164,-8.118242263793945,0.7882809638977051,-3.621598243713379,-6.17751932144165,-1.9054263830184937,-4.022661209106445,-3.5615320205688477,-6.473654747009277,-2.605340003967285,-3.0001134872436523,1.3272730112075806,-5.232901573181152,-5.507207870483398,-4.773891448974609,-5.130783557891846,-6.150801658630371,-1.8458658456802368,-5.347503662109375,-1.2367496490478516,0.5048428773880005,-7.0838446617126465,-4.825338363647461,-3.7088499069213867
8c9901ea4,-0.9070854783058167,-3.1710925102233887,-4.334194183349609,2.975146532058716,4.552201747894287,-3.678544759750366,-6.0654296875,-3.3997037410736084,-3.0405771732330322,-2.8615403175354004,-2.9391391277313232,-5.265857696533203,6.6679887771606445,0.49505189061164856,-6.192255973815918,-4.160972595214844,-4.788979530334473,-6.0173444747924805,0.8629278540611267,-6.62476921081543,-7.665225028991699,-3.02237868309021,-1.796143651008606,-0.2966213822364807
8ca49dac4,-2.742643356323242,-2.437066078186035,-5.186412811279297,2.3001620769500732,0.3881722688674927,-1.4707648754119873,-3.9730172157287598,-4.191347122192383,-3.0141096115112305,-2.9080071449279785,-1.7369036674499512,-2.280945301055908,4.977449893951416,-0.3778020143508911,-5.27955436706543,-4.258081912994385,-5.194516658782959,-5.323613166809082,0.05623680353164673,-3.949784278869629,1.993821382522583,-2.12231707572937,-0.9135579466819763,3.34965181350708
8cc7be1ef,-2.1746790409088135,-0.32436519861221313,-0.06365838646888733,3.412630319595337,1.769618034362793,-3.110092878341675,-4.648198127746582,-2.849602699279785,-3.362231492996216,0.5214027762413025,-3.8556809425354004,-6.406458854675293,2.1545276641845703,-1.4460042715072632,-5.313372611999512,-3.7713873386383057,-3.1002893447875977,-3.3469486236572266,-1.3024170398712158,-5.961067199707031,-7.102853298187256,-1.0730187892913818,-3.552457332611084,-1.168713927268982
8cdac6cc5,-4.637591361999512,-3.8089451789855957,-1.427958607673645,-1.5221631526947021,-3.70345401763916,-3.830352306365967,-2.8588316440582275,-0.16862668097019196,-6.1575117111206055,-3.507866382598877,-0.8618907332420349,4.474676132202148,-3.5012731552124023,-2.7375521659851074,-5.434018135070801,-4.570816516876221,-3.8312151432037354,-2.844362258911133,-3.729130268096924,-4.245757102966309,10.356071472167969,-4.375214576721191,-3.0285274982452393,1.3164823055267334
8d1e9d6c1,-1.363816738128662,-1.725284457206726,2.3470540046691895,1.3824467658996582,-6.205906867980957,-2.085101842880249,-4.910407066345215,3.745537042617798,-4.960097312927246,-0.7012909054756165,-3.827392578125,-1.9767903089523315,-2.5711662769317627,-3.219491481781006,-2.780869960784912,-3.158419609069824,-1.3790996074676514,-3.1567139625549316,-2.1883139610290527,-4.207552909851074,3.4908549785614014,-4.271431922912598,-2.8825836181640625,-4.164091110229492
8d2f603fa,-4.31376838684082,-3.494896650314331,0.4705779254436493,0.9617710113525391,-6.159354209899902,-4.972931861877441,-3.889270305633545,3.652428150177002,-6.63017463684082,-2.5864779949188232,-2.2266457080841064,1.9126689434051514,-1.016906976699829,-4.444305419921875,-2.262333393096924,-4.111026763916016,-2.696805000305176,-3.4123244285583496,-3.0985167026519775,-4.545231819152832,0.956268846988678,-4.578499794006348,-3.775634288787842,-0.14410752058029175
8d73a8fe9,-1.5734765529632568,0.6090635061264038,-6.737390518188477,3.5394022464752197,3.0537471771240234,-3.2299857139587402,-6.694380760192871,-5.054205417633057,-2.086974620819092,-3.5495712757110596,-5.065794467926025,-8.011065483093262,4.154160976409912,5.788318157196045,-2.9233498573303223,-4.085225582122803,-3.2226622104644775,-6.163402080535889,2.014214277267456,-6.94366455078125,-7.338012218475342,0.07068096101284027,-3.5736873149871826,-0.004245251417160034
8d76a5841,-2.56394624710083,-4.257656097412109,-7.478116989135742,3.2030444145202637,4.057215690612793,-1.1551530361175537,-6.024120807647705,-5.323819160461426,-3.2568554878234863,-4.136343955993652,-3.015674114227295,-4.371598243713379,7.228317737579346,-0.22118045389652252,-6.5719709396362305,-4.98321533203125,-5.885221481323242,-7.786026954650879,2.4765396118164062,-7.057831764221191,-7.9308576583862305,-2.280977964401245,-0.7266889810562134,2.2499029636383057
8da7476d3,-6.96007776260376,-4.749929428100586,-2.870614767074585,-2.5426876544952393,1.6839017868041992,-1.260359525680542,-4.492604732513428,-5.473268508911133,-5.308440208435059,-3.7780754566192627,-3.1823177337646484,0.5431852340698242,-3.4459285736083984,-2.6862847805023193,-4.59348201751709,-4.771442890167236,-6.379087448120117,-4.069019317626953,-5.6917290687561035,-2.1777844429016113,0.05652765929698944,-4.634984970092773,-1.7489339113235474,0.8567648530006409
8dc663cc1,-3.6407644748687744,-4.973703384399414,-1.0981154441833496,1.951730728149414,-5.827597618103027,-3.260409116744995,0.49341583251953125,-0.8687744140625,-6.882471561431885,-2.3228280544281006,-4.419196605682373,-3.3615214824676514,-4.8510236740112305,-5.411447525024414,-2.6082956790924072,1.6985793113708496,-3.871267080307007,-0.8116489052772522,-4.155559539794922,-4.818472862243652,-1.945671558380127,-5.471736907958984,-3.199941635131836,-2.5951647758483887
8dc99d34c,-4.335796356201172,-2.3506672382354736,-3.1671862602233887,2.5946474075317383,-3.05342435836792,0.5636130571365356,-2.4798614978790283,-1.9716564416885376,-3.8088436126708984,-2.629791021347046,-1.3067846298217773,-1.666088342666626,2.0729498863220215,-1.9353125095367432,-3.488284111022949,-2.6392977237701416,-1.6969932317733765,-4.0012006759643555,-1.5174051523208618,-3.969499349594116,-1.908097505569458,-3.057694911956787,8.820084571838379,-1.3940609693527222
8dd622336,-1.7997472286224365,-4.446575164794922,-3.6974058151245117,3.036893606185913,-1.104965090751648,-4.116506576538086,-4.7843828201293945,-0.3117680251598358,-4.355437278747559,-1.7416231632232666,-3.874361753463745,-4.917999744415283,0.5621151924133301,-3.5819149017333984,2.3212952613830566,-2.907716989517212,-5.429966926574707,-0.9887394309043884,0.003277301788330078,-7.41077995300293,3.8220372200012207,-3.9452672004699707,-4.836630821228027,-2.936049461364746
8dec41842,-2.024616003036499,-0.8845384120941162,-4.20380973815918,3.2991533279418945,4.274474143981934,-4.357539176940918,-6.596252918243408,-5.12191915512085,-2.5431132316589355,-2.571972370147705,-5.045532703399658,-6.531805038452148,3.7033419609069824,0.40633895993232727,-2.8004677295684814,-4.169319152832031,-3.7333991527557373,-5.302577972412109,2.2101471424102783,-8.094974517822266,-7.50259256362915,1.3439664840698242,-3.95100474357605,-0.8588356971740723
8e05ea88f,-3.1417455673217773,2.643795967102051,-1.556746244430542,4.478366374969482,3.4218084812164307,-3.3009023666381836,-1.4517995119094849,-1.5394583940505981,-4.877902030944824,0.30451488494873047,-4.527958393096924,-2.03174090385437,-0.37612515687942505,-0.48437339067459106,-2.4198365211486816,-0.0498695969581604,-3.181321144104004,-0.10366761684417725,-1.4847779273986816,-3.6256179809570312,-3.4036030769348145,0.4964861273765564,-2.1706573963165283,-2.030287742614746
8e063da9b,-3.223271369934082,-3.3168578147888184,-3.2690720558166504,2.4231462478637695,-2.863083839416504,-3.2999391555786133,-4.583837509155273,-1.8887137174606323,-5.130812644958496,-4.22567892074585,-3.8794429302215576,-5.884014129638672,0.7753152251243591,-3.664638042449951,4.510703086853027,-2.302027940750122,-3.4483273029327393,-3.1725857257843018,1.196191430091858,-5.528587818145752,-0.9320907592773438,-1.6414991617202759,-4.443117141723633,-3.04289174079895
8e2a4d634,-0.5270136594772339,-0.969194769859314,-2.3682973384857178,2.0097386837005615,-3.0349996089935303,-2.6230273246765137,-5.075581073760986,-1.213022232055664,-2.746168375015259,-2.4642550945281982,-1.8228344917297363,-0.06095665693283081,1.7305446863174438,-1.5669653415679932,-3.422506809234619,-3.0390138626098633,-2.4822938442230225,-3.255972385406494,-0.30345118045806885,-4.165750980377197,1.0252151489257812,-2.04400634765625,-2.4602184295654297,-0.7808529138565063
8e4775622,-4.650979042053223,-4.660984039306641,2.2149176597595215,0.07893738150596619,-6.882925033569336,-2.2162303924560547,-4.353154182434082,4.090517520904541,-6.833691596984863,-1.8259873390197754,-2.4868125915527344,0.5192536115646362,-6.823127269744873,-4.9191670417785645,-0.7060610055923462,-3.9305734634399414,-1.7784898281097412,-2.296114206314087,-3.577181100845337,-3.439882755279541,1.4781854152679443,-5.447630882263184,-3.9403884410858154,-6.080132961273193
8e528028b,-4.12443733215332,-5.4292120933532715,-6.730601787567139,2.8581161499023438,-7.534940719604492,-1.6077606678009033,-6.383993148803711,-4.1407670974731445,-5.688000679016113,-4.496956825256348,-1.4300658702850342,-4.764062881469727,10.035650253295898,-3.4537110328674316,-6.9256591796875,-4.345187187194824,-6.515137672424316,-7.157354354858398,0.2455074042081833,-7.401721000671387,-6.793822288513184,-6.98673152923584,5.993862628936768,-1.9816031455993652
8e71e48ff,-2.4321892261505127,4.115061283111572,-7.020890235900879,2.9480719566345215,-4.252595901489258,-5.7939348220825195,-3.3114230632781982,-1.372641682624817,-5.435911655426025,-3.398749828338623,-4.031771659851074,-6.60056734085083,1.6241939067840576,-1.048051118850708,-4.121414661407471,-4.171219348907471,26.185190200805664,-1.6485451459884644,-1.4622365236282349,-6.739469528198242,-7.368853569030762,-0.9786550998687744,-3.895756483078003,-2.0449297428131104
8e879abea,-2.43300724029541,-3.561737298965454,1.6478261947631836,0.7147646546363831,-5.105098724365234,-2.7712197303771973,-3.746936321258545,0.8585225343704224,-5.404748916625977,-2.1706855297088623,-2.41271710395813,1.819161295890808,-2.9828999042510986,-3.477109432220459,-1.0934885740280151,-3.433621883392334,-2.8643479347229004,-1.7316832542419434,-2.340001106262207,-3.158965826034546,5.439898490905762,-4.678238868713379,-3.1651740074157715,-3.8597707748413086
8ea5e9098,-6.71226692199707,-7.317607402801514,0.7860274314880371,0.17774802446365356,-8.647561073303223,-3.016263484954834,-5.599277019500732,-4.24212121963501,-8.936466217041016,-4.132505416870117,-4.286184310913086,-3.526721954345703,0.4342779815196991,-6.218992710113525,-5.605699062347412,-5.041988372802734,-7.27640438079834,-4.221022605895996,-2.7605857849121094,-3.7576088905334473,-2.710893392562866,-7.525035858154297,-6.917333602905273,-6.267376899719238
8ec2fa5d8,-3.008146286010742,5.615110874176025,-7.343139171600342,4.678253650665283,-3.316147565841675,-5.307596206665039,-5.126776218414307,-4.565993309020996,-4.893115043640137,-4.456821441650391,-4.524736404418945,-6.32368803024292,0.15293936431407928,1.477776288986206,-5.415095329284668,-5.09242057800293,19.737266540527344,-3.138474941253662,-3.4553518295288086,-5.264624118804932,-6.410675048828125,-0.6222561001777649,-2.983147144317627,-3.486288070678711
8f08fecc4,-4.8831562995910645,-8.914627075195312,-8.845287322998047,2.3429245948791504,-6.66179084777832,-4.919511795043945,-10.453330993652344,-6.096582412719727,-6.061438083648682,-5.136711120605469,-4.316701412200928,-6.31424617767334,11.099395751953125,-5.302218437194824,-9.049291610717773,-7.003626823425293,-9.628337860107422,-11.551774978637695,3.056182861328125,-12.151420593261719,-11.792561531066895,-7.634029388427734,-5.680878162384033,-4.196312427520752
8f1a07b59,-6.058751583099365,-5.652400016784668,-3.0873818397521973,0.17087921500205994,-4.9173383712768555,-3.9206595420837402,-4.410721302032471,-1.6161919832229614,-7.200776100158691,-2.6120846271514893,-5.443875312805176,-3.712311267852783,-7.740835666656494,-6.798477649688721,1.2795379161834717,4.01196813583374,-6.370556831359863,-1.1788723468780518,-5.314999580383301,-4.703684329986572,2.3108625411987305,-5.923632621765137,-3.2186903953552246,-3.9983527660369873
8f1d1ee6b,-0.46936362981796265,-0.8846675157546997,-5.318793296813965,3.095440149307251,-1.0582616329193115,-4.403820991516113,-6.634488582611084,-4.519279479980469,-2.3001184463500977,-3.0813543796539307,-3.765272855758667,-7.868576526641846,8.191646575927734,-0.5302488207817078,-4.092093467712402,-2.934542655944824,-3.7536673545837402,-6.330780982971191,2.8782296180725098,-7.338160991668701,-7.79507303237915,-2.0003528594970703,-3.7005622386932373,-1.815868616104126
8f308b3d3,-4.697042465209961,-6.071697235107422,1.2643485069274902,-2.2211923599243164,-6.419445037841797,-1.8829597234725952,-3.8863539695739746,1.061037302017212,-7.1245341300964355,-2.427004337310791,-3.821138620376587,-1.538691759109497,-4.856886386871338,-5.670969009399414,-2.6292338371276855,-3.2068440914154053,-4.878287315368652,-2.15983510017395,-3.769439220428467,-2.7832415103912354,-1.2753453254699707,-6.266846656799316,-4.763297080993652,-3.8017570972442627
8f309bb98,-4.002414226531982,-4.527835369110107,-5.099146842956543,2.247490882873535,0.8387281894683838,-2.9223766326904297,-6.25883674621582,-6.13938045501709,-2.6266369819641113,-3.897447109222412,-1.8971021175384521,-3.822390556335449,6.601112365722656,-1.6176453828811646,-5.716684341430664,-4.734522342681885,-6.645293712615967,-5.157338619232178,1.3684053421020508,-3.7771661281585693,5.525575160980225,-3.006267547607422,-2.8856780529022217,-1.273296594619751
8f37d32c2,-3.3743762969970703,-1.8939716815948486,-0.7843684554100037,2.3563003540039062,1.3943030834197998,-0.7931451201438904,-5.431433200836182,-1.769167423248291,-3.1509783267974854,-1.5224223136901855,-1.8202955722808838,-4.855807304382324,4.217741012573242,-1.444370985031128,-2.768846035003662,-4.079976558685303,-4.739963054656982,-4.043694019317627,-0.4392858147621155,-1.1412476301193237,-3.345615863800049,-1.7667372226715088,-1.8213343620300293,-1.0733484029769897
8f8217c50,-2.7476518154144287,-0.21319037675857544,-0.575166642665863,3.310753107070923,-1.4613804817199707,-1.8960275650024414,-4.464638710021973,-2.7146153450012207,-3.87349009513855,-3.46577787399292,-3.815518379211426,-4.293303489685059,0.4418126344680786,-1.0267412662506104,-2.785107135772705,-2.86861515045166,-3.1110761165618896,-4.1733503341674805,-0.8548473119735718,-4.439756393432617,0.29578930139541626,-2.0912768840789795,-2.8547794818878174,1.1626160144805908
8f887e6b9,-3.48544979095459,-5.046102523803711,-0.25920534133911133,-1.772314429283142,-5.78090763092041,-0.7297524809837341,-3.90797758102417,-0.6666826605796814,-6.061833381652832,-0.729493260383606,-2.6442160606384277,-0.9086962938308716,-3.836934804916382,-4.5919013023376465,-2.371198892593384,-3.544691562652588,-4.1130690574646,-1.4387128353118896,-2.3030037879943848,-3.244189500808716,-1.0284664630889893,-5.539900302886963,-3.188350200653076,-1.9540865421295166
8fd4cd332,-0.2873685956001282,-2.3533806800842285,-1.0891574621200562,0.8829141855239868,-2.5985734462738037,-3.083897590637207,-3.073629856109619,-1.7521835565567017,-4.910854339599609,4.068484783172607,-1.5881428718566895,0.9777231216430664,-5.258962631225586,-3.168586254119873,-3.2401998043060303,-4.098527908325195,-4.668868541717529,6.013236999511719,-3.8602561950683594,-3.2791836261749268,2.236534357070923,-5.351683616638184,-4.49411678314209,-2.5747756958007812
8fefe1c3e,-5.128878116607666,0.8394724130630493,-4.264429092407227,1.371154546737671,-3.673845052719116,-3.2608442306518555,-1.7748043537139893,-4.053576469421387,-4.616250038146973,-3.746713399887085,-4.001605033874512,-5.866266250610352,-1.4783298969268799,-1.546656608581543,-4.540970325469971,-3.7582485675811768,29.289968490600586,-1.3040757179260254,-4.0354695320129395,-5.322181701660156,-6.338873386383057,-2.1393775939941406,-2.859833240509033,-2.908613443374634
9029f31b7,-3.584698438644409,-3.253918170928955,-1.792468547821045,0.6621792912483215,-3.1298317909240723,-3.5690157413482666,-3.4685709476470947,-0.7157623767852783,-5.2295942306518555,-0.8711106181144714,-4.528566360473633,-2.810305595397949,-4.909724235534668,-4.294791221618652,3.3660476207733154,1.9983373880386353,-3.7806472778320312,1.755028247833252,-4.779416084289551,-4.364938735961914,3.4948105812072754,-5.89111328125,-2.6838717460632324,1.7068331241607666
9065f71df,-5.655982494354248,-6.963519096374512,6.5722975730896,1.6135464906692505,-6.706087112426758,-3.1009159088134766,-2.991654396057129,-2.964848756790161,-9.059593200683594,-2.114539623260498,-3.4400858879089355,-4.82718563079834,-1.7007920742034912,-4.905651569366455,-4.022132873535156,0.8805078864097595,-6.1386494636535645,-1.5618466138839722,-3.493534564971924,-5.297297954559326,-0.8146932125091553,-7.016861438751221,-4.046098232269287,-5.604480743408203
906890122,-2.6552603244781494,-3.7470879554748535,-0.5386213064193726,2.803687810897827,-5.378049373626709,-3.92106032371521,-5.202358245849609,-0.07005567848682404,-6.070608139038086,-2.1326162815093994,-3.671839475631714,-5.355790138244629,-0.8598366975784302,-4.099620819091797,8.22382926940918,-4.322729110717773,-3.831505537033081,-1.424919605255127,-2.4042038917541504,-5.658957004547119,-2.608675479888916,-4.668535232543945,-4.071161270141602,-4.08892297744751
909dd653a,-5.877930641174316,-7.010068893432617,4.530328273773193,-1.728192687034607,-6.170150279998779,-1.6103252172470093,-3.8408401012420654,-2.462191104888916,-6.869048118591309,-0.1976245641708374,-3.9440226554870605,-1.6597278118133545,-5.325291156768799,-5.293328285217285,-4.213414192199707,-5.271970748901367,-6.590188026428223,-2.938858985900879,-4.858458518981934,-2.7654941082000732,-0.6393556594848633,-6.168979644775391,-4.874587535858154,-5.587502479553223
90c001537,-5.47648811340332,-8.47105598449707,-2.685335397720337,-6.203766822814941,-6.409026145935059,-0.6937767863273621,-4.881803035736084,-2.9410552978515625,-7.053297996520996,-3.5102100372314453,-2.7079014778137207,2.4178366661071777,-4.406841278076172,-5.222612380981445,-5.532071590423584,-5.9472455978393555,-7.671082019805908,-3.8497328758239746,-4.761768341064453,-3.0297422409057617,7.485235691070557,-7.024723052978516,-4.927337169647217,-4.321956634521484
90d8de72b,-3.4885425567626953,2.2755613327026367,-6.630742073059082,4.1092424392700195,2.2376294136047363,-4.082964897155762,-7.470054626464844,-4.440345764160156,-3.7747578620910645,-3.8231759071350098,-3.64460825920105,-8.113590240478516,6.645651817321777,-0.19297881424427032,-2.700526714324951,-4.420721054077148,-2.949388265609741,-6.798675537109375,0.06516645848751068,-7.819772243499756,-8.442808151245117,-0.4040025472640991,-3.6281161308288574,-1.7288810014724731
90ee11fdd,-6.79807186126709,-6.255696773529053,-0.39684027433395386,-1.3428231477737427,-6.1276350021362305,-2.2673377990722656,-5.704157829284668,-4.846698760986328,-8.51089859008789,-3.589064121246338,-5.5642852783203125,-3.682511806488037,-5.397031307220459,-5.49991512298584,-0.4104003608226776,-5.7334699630737305,-8.250679016113281,-5.0045881271362305,-0.15169620513916016,-3.596358299255371,-2.248290538787842,-5.842930793762207,-7.35232400894165,-6.154877662658691
911410be5,-2.233126640319824,-5.175943374633789,-1.3318474292755127,1.3023730516433716,-6.037070274353027,-3.6133956909179688,-0.7058472037315369,3.893094539642334,-5.731599807739258,0.7406399250030518,-3.0101115703582764,-0.42926648259162903,-1.1104717254638672,-5.085883140563965,-1.5417546033859253,-3.3394365310668945,-2.4234731197357178,-2.3801283836364746,-1.2830208539962769,-4.416654109954834,7.600295066833496,-5.114522933959961,-3.4013054370880127,-4.076693534851074
91230eb94,-8.038776397705078,-8.53072738647461,-2.0239741802215576,-4.764409065246582,-7.298959732055664,-3.402517080307007,-8.403119087219238,-7.383282661437988,-8.674147605895996,-4.644018650054932,-6.782944679260254,-6.461304664611816,-6.1599507331848145,-8.298622131347656,-3.4500691890716553,-7.497627258300781,-8.19204044342041,-7.66805362701416,-3.4878408908843994,-7.313499927520752,-3.090599775314331,-6.541745185852051,-8.896026611328125,-6.496795654296875
912391168,-2.20717716217041,0.8169436454772949,-2.5321383476257324,3.1563897132873535,3.6558752059936523,-2.3818960189819336,-4.875311851501465,-4.212605953216553,-1.2482185363769531,-0.6882280707359314,-2.9293179512023926,-4.78713321685791,1.7690626382827759,1.1273642778396606,-3.0163638591766357,-4.038136005401611,-2.144355058670044,-2.0373404026031494,-1.963529109954834,-4.714293479919434,-2.008167028427124,3.2395663261413574,1.9134674072265625,-0.6483709812164307
91390f004,-1.3658820390701294,-2.73051118850708,-2.7242212295532227,3.0178699493408203,2.779571056365967,-4.039121627807617,-4.07171630859375,-1.4824471473693848,-2.4306838512420654,-1.1987853050231934,-4.142502784729004,-4.60635232925415,1.9525318145751953,-0.984078049659729,5.407581806182861,-3.3793439865112305,-4.196276664733887,-2.491422176361084,2.8787734508514404,-6.642777919769287,-2.937697649002075,-0.6163175702095032,-4.368824005126953,-1.502234697341919
913d068d5,-2.4899795055389404,-1.720481514930725,-1.331175446510315,2.253877878189087,-2.8385491371154785,-3.193653106689453,0.41985517740249634,4.078082084655762,-4.392285346984863,-2.115636110305786,-2.8231899738311768,6.43101692199707,0.21973958611488342,-2.657425880432129,-2.7210512161254883,1.0769460201263428,-3.3058571815490723,-0.5041860342025757,0.7021546959877014,-4.305800437927246,1.9939489364624023,-2.1389968395233154,-2.822054624557495,0.03190726041793823
91718392f,-4.299077033996582,-3.568972587585449,-2.0277485847473145,-0.6795879602432251,-4.826597213745117,-1.146830439567566,-2.172806739807129,-2.034588575363159,-5.543539524078369,-1.455066442489624,-2.969733238220215,0.041494663804769516,-3.1835708618164062,-5.207695007324219,-2.6552071571350098,-3.6327548027038574,-3.028352737426758,-2.9214224815368652,-2.8706417083740234,-2.0545501708984375,-1.0406675338745117,-4.030950546264648,-2.7663025856018066,-2.3817434310913086
917e06722,-3.586876392364502,-7.428438186645508,-6.577756881713867,2.674097776412964,-5.213100433349609,-4.250700950622559,-8.427693367004395,-4.965816020965576,-6.679252624511719,-4.845944404602051,-3.1114301681518555,-6.676146984100342,9.855602264404297,-3.8221330642700195,-7.601718902587891,-5.940317153930664,-8.417060852050781,-9.528763771057129,1.6631842851638794,-11.312273979187012,-10.37784194946289,-6.831751823425293,-6.02297306060791,-3.7186269760131836
91c52abc7,-5.387936592102051,-2.9953160285949707,-1.8365861177444458,0.2802530825138092,-5.362767219543457,-2.9578607082366943,-2.1326513290405273,3.0368571281433105,-5.322196960449219,-2.740217924118042,-1.2568475008010864,6.959522247314453,-1.9305968284606934,-3.058089256286621,-3.627516269683838,-1.5681345462799072,-2.8522531986236572,-3.282458782196045,-2.0638489723205566,-4.6592583656311035,2.0774645805358887,-3.778984785079956,-2.4737606048583984,-2.8414342403411865
91e2476b6,-3.725283622741699,-2.574641704559326,-3.9194297790527344,2.8049964904785156,-3.533203125,-3.3323187828063965,-4.513323783874512,-1.666090726852417,-5.954870223999023,-2.844942331314087,-4.532350063323975,-4.157326698303223,0.7684248089790344,-3.6464242935180664,5.01893424987793,3.666177272796631,-5.1148786544799805,-1.1310771703720093,1.1856799125671387,-4.504438400268555,-0.8707839846611023,-2.8395071029663086,-3.0968985557556152,-3.312119960784912
920a7f806,-2.2389631271362305,1.9021458625793457,-5.698095798492432,2.7736997604370117,3.17281436920166,-3.634636163711548,-5.414046287536621,-2.7666878700256348,-1.1456804275512695,-3.569547653198242,-4.456632614135742,-6.928520202636719,0.798113226890564,-0.6374937891960144,6.741861343383789,-3.46710205078125,-3.333045482635498,-3.868178606033325,0.2275402992963791,-6.5603718757629395,-5.480147361755371,1.782681941986084,-3.618790626525879,-0.9466958045959473
923b713aa,-7.906896114349365,-6.262454032897949,-2.6579480171203613,-4.774777412414551,-3.301192283630371,-2.2359395027160645,-6.402561664581299,-6.462454795837402,-6.1191864013671875,-4.495594501495361,-4.338711261749268,-0.11621753871440887,-4.500868797302246,-3.6971874237060547,-2.037508964538574,-5.830499649047852,-7.608890533447266,-5.960463047027588,-3.5918006896972656,-2.6722805500030518,-1.4068918228149414,-3.570652961730957,-5.858630180358887,-3.5443034172058105
927796856,-9.56528377532959,-8.235127449035645,-0.6566094160079956,-4.792531490325928,-8.881084442138672,-3.495882034301758,-6.130349159240723,-7.093794822692871,-10.755939483642578,-5.116156578063965,-6.672475814819336,-4.969468593597412,-6.876102447509766,-8.21786880493164,-4.5301513671875,-6.257236003875732,-7.935224533081055,-5.868416786193848,-5.2222900390625,-5.343131065368652,-2.274153232574463,-8.321357727050781,-8.859306335449219,-7.811108112335205
928deee72,-0.5771069526672363,-7.24140739440918,-4.989928245544434,2.5106916427612305,-3.1416077613830566,-0.5100803375244141,-5.397402286529541,-4.908905029296875,5.121347427368164,-3.10243821144104,-1.2616792917251587,-4.602391719818115,10.627927780151367,-1.9069311618804932,-4.13907527923584,-4.252310752868652,-6.191435813903809,-3.648132801055908,0.21923434734344482,-4.465207099914551,-0.7859959006309509,-4.797465801239014,-2.172891139984131,-0.2034263014793396
92ab93a32,-3.694499969482422,-2.1364316940307617,0.6092321872711182,-2.977860927581787,-4.777822971343994,-1.786576747894287,-5.2089080810546875,-4.0479021072387695,-5.53282356262207,-2.8493213653564453,-3.987405300140381,-3.814413070678711,-3.8603432178497314,-2.1423895359039307,-3.536405086517334,-4.592920303344727,-5.300268650054932,-3.4867825508117676,-3.4727401733398438,-2.2298946380615234,3.147890090942383,-4.452335834503174,-5.604714393615723,-2.6966469287872314
92ac00af7,-3.277182102203369,-4.916387557983398,-2.060892343521118,-2.993393659591675,-3.889927625656128,-0.8984614610671997,-3.981555461883545,-3.6246280670166016,-5.325080394744873,-1.3070162534713745,-3.0748558044433594,0.9435039162635803,-3.770815849304199,-5.30241584777832,-3.5329790115356445,-5.457310199737549,-6.124457359313965,-2.8926074504852295,-2.66186261177063,-0.30403000116348267,-1.9064792394638062,-4.604887962341309,-3.9050207138061523,-1.8670365810394287
92b4e565c,-3.0497887134552,-2.732625961303711,-0.4018024802207947,1.4958126544952393,-4.337387561798096,-2.21932053565979,-3.427168369293213,0.656193733215332,-5.080705642700195,-2.456084728240967,-3.033113479614258,-3.081214427947998,-2.9052577018737793,-3.1674089431762695,-1.5174363851547241,-0.27713149785995483,-2.776823043823242,-0.7295351624488831,-2.5216798782348633,-3.869398355484009,2.075467348098755,-4.310202598571777,-0.5380244255065918,-2.6374399662017822
92b88617c,-1.84449303150177,-2.748389720916748,-3.4291768074035645,2.8712358474731445,0.44577088952064514,-0.04434329271316528,-3.3795595169067383,-3.0905961990356445,-1.8590693473815918,-2.9033946990966797,-1.7984333038330078,-1.7602406740188599,5.857980728149414,-2.3270881175994873,-2.620687484741211,-3.5686397552490234,-5.000388145446777,-3.6358344554901123,1.041092872619629,-3.937058925628662,-0.5911559462547302,-1.9999604225158691,-1.7165855169296265,3.4726409912109375
92ba3e87d,-3.90343976020813,-0.6537377834320068,-5.447384834289551,3.4234588146209717,-1.1975643634796143,-2.0350303649902344,-4.686319351196289,-3.4763846397399902,-3.337576150894165,-2.9229989051818848,-3.84382963180542,-4.775840759277344,1.7614197731018066,-1.590245008468628,-4.032751560211182,-2.893962860107422,-2.9636921882629395,-6.290633201599121,-0.4773581027984619,-4.5245161056518555,-5.599556922912598,-0.15857595205307007,-0.861029863357544,0.32295459508895874
92f29b565,-3.3930068016052246,-3.8860480785369873,-7.843331336975098,2.898796319961548,-1.3249382972717285,-3.411242961883545,-7.033731937408447,-2.662715435028076,-3.1720376014709473,-5.229226112365723,-5.057616233825684,-6.8499603271484375,0.06854041665792465,-3.016613721847534,8.202285766601562,-5.551375389099121,-7.323879718780518,-6.294713973999023,2.6968722343444824,-8.87421989440918,-2.7414512634277344,-1.1706225872039795,-5.811607360839844,-2.1707119941711426
933a8e9e1,-3.6682870388031006,-2.9531636238098145,1.1109346151351929,1.5507962703704834,-6.592410087585449,-3.9976208209991455,-3.3003718852996826,3.7374966144561768,-5.740868091583252,-1.1780872344970703,-3.9288454055786133,-1.1618629693984985,-2.784714937210083,-3.4829750061035156,-1.909679651260376,1.8308610916137695,-2.042679786682129,-1.2216448783874512,-2.0783438682556152,-4.021735191345215,-1.817707896232605,-3.836695909500122,-1.855865716934204,-3.8790485858917236
93432ccd0,2.248239755630493,-2.1483635902404785,1.168829321861267,0.49357154965400696,-5.803203582763672,-2.3133456707000732,-4.33193826675415,-2.8340580463409424,-6.015348434448242,-2.9811758995056152,-3.2035374641418457,-0.9818300008773804,-3.140014886856079,-4.246375560760498,-3.9325482845306396,-4.808524131774902,-4.4071855545043945,-1.955310344696045,-3.710886240005493,-0.597902238368988,9.176055908203125,-5.46291446685791,-5.729170322418213,-3.2493696212768555
938ecb4d7,-2.364097833633423,-2.5204663276672363,-0.8598374724388123,-2.180006504058838,-3.210124969482422,-0.19481289386749268,-4.326011657714844,-4.155403137207031,-3.3435990810394287,-2.2080066204071045,14.499000549316406,-0.26896148920059204,-3.8256688117980957,-1.4364638328552246,-3.9243874549865723,-3.2875735759735107,-3.9033358097076416,-0.9241481423377991,-4.015247821807861,-1.2949726581573486,-0.5158888697624207,-3.574965238571167,-1.3741909265518188,-0.704349160194397
938f80a50,5.537896633148193,-2.231595039367676,2.3423891067504883,-0.5611447095870972,-3.1350724697113037,-4.112222671508789,-5.701727867126465,-5.451645851135254,-3.7068850994110107,-1.0559030771255493,-5.24992561340332,-4.876888275146484,-4.179245471954346,-2.2793350219726562,-5.89436149597168,-5.341187000274658,-4.816105365753174,-3.855708122253418,-2.201294422149658,-4.417949199676514,-3.736138343811035,-4.586264610290527,-5.454524040222168,-1.3802800178527832
9394c7bbb,-2.8607330322265625,-2.1637916564941406,0.4891505539417267,2.1490180492401123,-3.1073129177093506,0.8242853879928589,-4.792457580566406,-2.4318747520446777,-4.330023765563965,-1.1046977043151855,-2.860194206237793,-3.66626238822937,0.10218793153762817,0.034622013568878174,-3.7407612800598145,-3.667445182800293,-5.045860290527344,-3.018944025039673,-1.8010234832763672,-3.5329365730285645,-3.12125825881958,-3.031820774078369,-2.4453330039978027,-1.8292350769042969
9396154be,-2.6360061168670654,2.9804797172546387,-4.039675712585449,3.383479356765747,6.788020610809326,-3.5268616676330566,-6.148066997528076,-5.382955551147461,-0.25739139318466187,-1.8535665273666382,-4.9899725914001465,-5.9742279052734375,0.19970670342445374,2.521963119506836,-1.1477587223052979,-3.733605146408081,-1.1884170770645142,-3.710205554962158,-0.4993656873703003,-5.723051071166992,-6.591161727905273,6.897441864013672,-3.3220953941345215,-0.2583821415901184
93d33351a,-4.308645248413086,-2.743363380432129,0.5416696071624756,0.6388342976570129,-3.1703290939331055,0.6174973249435425,-2.5881807804107666,-1.4720879793167114,-3.970792293548584,-1.4624922275543213,-1.3222798109054565,-1.648336410522461,-5.247710227966309,-2.1674201488494873,-2.7414093017578125,-2.7914047241210938,-1.6113171577453613,-1.6340762376785278,-4.87205696105957,-3.2558343410491943,5.411619186401367,-3.0837955474853516,7.068108558654785,-1.7808892726898193
93e6b8ec8,-4.723714828491211,-3.866027593612671,0.31710463762283325,0.5040482878684998,-3.653172016143799,0.42240360379219055,-1.9151768684387207,-2.121168375015259,-4.290278911590576,-2.418269634246826,-1.4801394939422607,-2.064223051071167,-1.4061939716339111,-2.5748677253723145,-3.6486735343933105,-2.8877358436584473,-1.917448878288269,-3.4375855922698975,-2.022915840148926,-4.716691493988037,-1.8940398693084717,-3.433037281036377,7.7327399253845215,-1.8926749229431152
9415b4591,-2.2063517570495605,-4.097677707672119,0.06496912240982056,1.528817057609558,-3.496886730194092,-3.821781873703003,-5.941243648529053,-3.8996694087982178,-5.370748996734619,-2.549325466156006,-5.433210849761963,-3.19840145111084,-0.8946951627731323,-5.313722610473633,-1.8591312170028687,-5.0060930252075195,-5.754494667053223,-5.769015789031982,-0.11643415689468384,-3.3039944171905518,-4.1944475173950195,-3.4996628761291504,-6.180567741394043,-2.4150898456573486
943712f48,3.8433992862701416,-1.735640287399292,2.025848627090454,1.0845959186553955,-3.6523327827453613,-3.081246852874756,-5.626476764678955,-4.646355628967285,3.1326067447662354,-2.127140522003174,-5.588383197784424,-7.576694011688232,-3.2157552242279053,-1.6263474225997925,-5.4598002433776855,-5.151294708251953,-3.812422275543213,-4.258639812469482,-1.2685575485229492,-4.102300643920898,-0.5248872637748718,-4.695345878601074,-5.661095142364502,-1.9135488271713257
9452bf187,-3.1006579399108887,-4.110718727111816,1.4927164316177368,-4.07050895690918,-4.988110542297363,-2.915834903717041,-4.689025402069092,1.3619253635406494,-5.6374406814575195,-1.1177513599395752,-3.1049256324768066,1.0975316762924194,-4.699556350708008,-3.0973079204559326,-3.818148374557495,-4.48748254776001,-4.7321696281433105,-2.4265425205230713,-5.578375816345215,-1.5120007991790771,6.8919525146484375,-5.656675815582275,-4.60142707824707,-1.9694050550460815
9471e1ea3,-4.410811424255371,-8.220199584960938,-7.65111780166626,3.1518704891204834,-5.5519819259643555,-5.320955276489258,-9.956401824951172,-5.556462287902832,-5.90334415435791,-5.069937229156494,-4.285776138305664,-7.577847480773926,10.055900573730469,-3.954984188079834,-8.101089477539062,-5.952016353607178,-8.817329406738281,-10.198616027832031,2.731196403503418,-12.75577163696289,-11.521902084350586,-6.737146377563477,-5.49153995513916,-4.183415412902832
947822926,-4.104780197143555,-2.597757577896118,-1.0713090896606445,0.966950535774231,-3.1161983013153076,2.8650081157684326,-0.12978261709213257,-1.349307656288147,-3.915506601333618,-1.4145102500915527,-1.207902431488037,-1.2981709241867065,-4.40744686126709,-1.6678435802459717,-1.329885721206665,-1.6142452955245972,-1.3530572652816772,-1.0125969648361206,-3.1864194869995117,-2.4820659160614014,-0.9173358082771301,-3.0372982025146484,7.453911781311035,-1.7802348136901855
948700ad7,-2.183112621307373,-3.4555916786193848,0.3358088433742523,2.0490193367004395,-2.982001304626465,-2.455714225769043,-2.08345365524292,1.599816083908081,-5.205345153808594,-1.3152480125427246,-3.084900379180908,-1.560876488685608,3.3753273487091064,-2.7779650688171387,-3.6688828468322754,2.2428138256073,-4.236810207366943,-1.1107923984527588,-0.4381723403930664,-4.598708629608154,-3.5618698596954346,-3.240797758102417,-3.190333127975464,-1.9960658550262451
94a9898cb,-1.6277260780334473,-1.7434635162353516,0.11271800845861435,-0.4283544421195984,-6.285685062408447,-3.1218411922454834,-2.7934365272521973,3.354391098022461,-6.469361305236816,-2.120548725128174,-3.0223300457000732,-3.0297868251800537,-1.7541720867156982,-4.377320289611816,-1.6698434352874756,-3.6809701919555664,-2.361720085144043,-2.068817138671875,-2.3535611629486084,-4.144317626953125,1.8136272430419922,-5.1868438720703125,-3.881777286529541,-3.152512550354004
94e63cf8b,-1.829094409942627,-5.0490803718566895,-5.408531188964844,3.3044395446777344,-3.7829971313476562,-4.564077854156494,-9.048412322998047,-7.849863052368164,-3.971971273422241,-6.1640625,-4.106105804443359,-7.318182468414307,8.287202835083008,-2.8990671634674072,-6.345865249633789,-5.649117946624756,-7.648952960968018,-7.431344509124756,0.7257638573646545,-9.112939834594727,-3.471073627471924,-5.627258777618408,-6.456772327423096,-3.2329742908477783
950594fd7,-2.7188894748687744,-1.497222661972046,-1.1226909160614014,2.1451449394226074,-1.694640040397644,-3.4152238368988037,-2.513808250427246,1.0716485977172852,-4.312519073486328,-1.845359444618225,-2.124040126800537,3.85410213470459,1.2219064235687256,-1.887739896774292,-3.916785717010498,-3.3504862785339355,-2.5016491413116455,-2.1907365322113037,0.7332721948623657,-4.1252031326293945,4.247958660125732,-1.6979012489318848,-2.599224090576172,0.11426138877868652
950862280,-1.75676691532135,-4.1566925048828125,0.4531608819961548,-2.346011161804199,-3.31927227973938,-1.5136983394622803,0.7956138253211975,-3.7099039554595947,-5.535019874572754,-1.434471607208252,-3.6911749839782715,-2.240575075149536,-4.845044136047363,-3.9130043983459473,-4.296018123626709,-4.186042785644531,-5.4772186279296875,-1.3662737607955933,-3.937748908996582,-1.6719293594360352,8.325026512145996,-5.363630771636963,-4.106090545654297,-1.5768380165100098
950dd68c4,-4.323093414306641,-1.5280648469924927,-4.100192070007324,2.284623146057129,-0.49743980169296265,-0.4449283480644226,-3.32781720161438,-3.1495587825775146,-4.036539077758789,-2.0271036624908447,-3.1498889923095703,-0.2856825590133667,-2.4464664459228516,-2.2153940200805664,-3.3726940155029297,-3.903068780899048,-3.8551113605499268,-3.3894917964935303,-3.4878766536712646,-2.541461944580078,1.1237767934799194,-2.316737174987793,-0.12060613185167313,3.088013172149658
951be2b61,-3.799997329711914,-5.879897117614746,-6.998084545135498,3.316465377807617,-3.32932710647583,-4.7416157722473145,-8.791720390319824,-6.044360160827637,-6.391603469848633,-4.620839595794678,-4.103512763977051,-7.265832424163818,8.140247344970703,-3.2976112365722656,-6.814486980438232,-6.068511962890625,-7.7444024085998535,-9.603809356689453,2.33949613571167,-11.20363998413086,-10.391984939575195,-5.897199630737305,-6.223142147064209,-2.8906397819519043
955cf5f38,-6.563205718994141,-6.4204487800598145,-1.739920735359192,-3.102907180786133,-5.9638872146606445,-3.400512218475342,-7.313065052032471,-6.78701114654541,-9.040019989013672,-4.797910213470459,-6.169443607330322,-6.753258228302002,-6.7829389572143555,-5.564795017242432,-1.6611580848693848,-5.581345558166504,-7.738451957702637,-6.498725414276123,-3.1332437992095947,-6.129764080047607,-2.0280916690826416,-6.1548357009887695,-7.4320068359375,-6.421066761016846
9577bc965,-5.337697505950928,-4.0341668128967285,8.895092964172363,1.580720067024231,-5.034375190734863,-1.7537250518798828,-4.234384536743164,-3.5469589233398438,-7.52846622467041,0.21979492902755737,-4.072690963745117,-3.5602078437805176,-5.846580505371094,-3.585207939147949,-5.6967668533325195,-5.64881706237793,-6.18066930770874,-0.7501536011695862,-3.7547779083251953,-5.002930164337158,11.559354782104492,-4.944146156311035,-4.808457374572754,-6.331901550292969
95a24149c,-4.183346748352051,-3.579242706298828,0.5769596099853516,0.9025594592094421,-5.80822229385376,-3.200752019882202,-4.366100311279297,3.9193406105041504,-5.74769401550293,-2.391463041305542,-3.739907741546631,-0.04643458127975464,-2.605234146118164,-4.7632012367248535,-2.112057685852051,-3.6989660263061523,-0.8165032863616943,-3.335421085357666,-3.974940299987793,-3.6178464889526367,0.04941871762275696,-4.952826976776123,-3.3949451446533203,-2.5290207862854004
95d39c9e9,5.963959217071533,-4.992225646972656,-4.875847339630127,1.859164834022522,-1.4270986318588257,-5.768618583679199,-7.085483551025391,-5.786648273468018,5.125297546386719,-3.581343650817871,-5.178826332092285,-7.903573989868164,2.8970437049865723,-3.518834114074707,-3.009385108947754,-4.7201385498046875,-5.476419925689697,-5.56715202331543,3.421427011489868,-8.125368118286133,-2.968770742416382,-4.955334663391113,-5.671850204467773,-0.9831492900848389
9613f93c9,-3.8163838386535645,-6.2393693923950195,-0.20547395944595337,-2.1288721561431885,-7.9025163650512695,-4.963761329650879,-3.7864155769348145,2.865567922592163,-8.240992546081543,-4.15156364440918,-1.794115662574768,4.104280948638916,-3.414681911468506,-6.37723445892334,-4.961763858795166,-5.845173358917236,-6.256934642791748,-5.891213893890381,-5.301618576049805,-5.264345169067383,10.531045913696289,-6.997653961181641,-4.174289226531982,-4.61707878112793
9657af2e8,-5.3897600173950195,-3.9060890674591064,-1.657904863357544,1.6904703378677368,-6.404143333435059,-3.3295297622680664,-1.8083832263946533,2.277972936630249,-6.217803478240967,-0.05150216817855835,0.3714357912540436,7.735627174377441,-1.292405605316162,-3.8721137046813965,-3.3220839500427246,-2.5713210105895996,-3.757854461669922,-2.3793845176696777,-3.2545220851898193,-4.806257247924805,-2.0690340995788574,-4.760140895843506,-3.6953089237213135,-2.884502410888672
973cd3954,-2.320775270462036,3.2572104930877686,-2.6597483158111572,3.984546184539795,3.2173240184783936,-3.739062786102295,-5.136325836181641,-3.0318329334259033,-2.7140486240386963,-3.3076391220092773,-4.550655364990234,-7.11851692199707,0.5842788219451904,-0.2889196276664734,-2.8458492755889893,-3.9887194633483887,0.7820558547973633,-4.024361610412598,-1.546140193939209,-4.034655570983887,-4.944951057434082,4.832999229431152,-3.217129707336426,-0.7159396409988403
9743cbcc5,-1.150996208190918,-3.316906452178955,-1.094312071800232,1.2946419715881348,-3.443204879760742,-3.7638168334960938,-4.367569923400879,-1.529986023902893,-5.0093841552734375,-2.665095567703247,-4.357100963592529,-5.016417026519775,-0.4324190020561218,-3.752246141433716,2.445435047149658,-0.9103778600692749,-3.8491384983062744,-2.2017626762390137,0.9047699570655823,-4.280150413513184,1.53005051612854,-3.4266366958618164,-4.544426918029785,-1.7580479383468628
97929971c,-6.096988677978516,-6.616609573364258,0.532172679901123,-1.5076954364776611,-7.146296977996826,-1.387457251548767,-3.3027760982513428,-0.6202853918075562,-7.945699691772461,-1.5963134765625,-4.008027076721191,-1.5785624980926514,-6.739968776702881,-5.386498928070068,-2.5653581619262695,2.2648425102233887,-5.321907997131348,-0.7120175361633301,-5.331344127655029,-2.980348825454712,7.9181318283081055,-7.354994773864746,-2.529266119003296,-4.375246524810791
97984fbd0,-1.2128591537475586,-2.394284725189209,-3.754384994506836,3.26576566696167,0.16111448407173157,-3.3590593338012695,-1.7790981531143188,-2.930063247680664,-3.1100428104400635,-3.4229342937469482,-4.265688896179199,-4.039834022521973,3.492642879486084,-1.984228491783142,-1.3537333011627197,-0.8773128986358643,-4.500909805297852,-2.6392862796783447,3.176063299179077,-4.400125026702881,-2.616576671600342,-1.5839182138442993,-3.409923553466797,-1.6856093406677246
979e1671b,-1.4671320915222168,-0.5296083688735962,-6.415963649749756,3.7610766887664795,4.2825798988342285,-3.9688334465026855,-7.235012054443359,-5.168568134307861,-2.4094128608703613,-3.992598533630371,-5.489206314086914,-7.064662933349609,4.186789512634277,1.6979845762252808,-3.0971922874450684,-4.210569381713867,-3.945511817932129,-6.088932037353516,3.123414993286133,-8.177755355834961,-7.977147102355957,0.6824288368225098,-2.9630441665649414,0.6089388132095337
97a36ae45,-5.93220329284668,-3.7669947147369385,-1.6641454696655273,-2.3102338314056396,-4.3141655921936035,-1.408869743347168,-4.8944549560546875,-1.936943531036377,-5.950355052947998,-3.609788417816162,-3.541032075881958,-1.1054627895355225,-3.5753793716430664,-4.10237979888916,-1.7616252899169922,-4.159599781036377,-3.318915843963623,-4.215951919555664,-2.972909450531006,-2.5556135177612305,-1.0973541736602783,-3.7182230949401855,-1.4089710712432861,-3.2478585243225098
980d6724b,-3.6067657470703125,-1.0598968267440796,-8.231414794921875,2.816908359527588,2.5441012382507324,-4.913257598876953,-7.301433086395264,-4.136135101318359,-3.041515350341797,-5.312741756439209,-5.828001976013184,-7.4988203048706055,-0.19533458352088928,-2.3728694915771484,5.970566749572754,-3.432577133178711,-5.08974027633667,-6.2835693359375,1.492416262626648,-8.997926712036133,-7.643967151641846,0.20380041003227234,-5.576172351837158,-2.246340274810791
984e1fe6e,-0.5244543552398682,-2.1846060752868652,-1.1344399452209473,2.242568016052246,-4.504123687744141,-1.1585280895233154,1.382441520690918,-0.775256872177124,-0.042398691177368164,-1.6502331495285034,-2.973924160003662,-1.9529941082000732,-0.27143293619155884,-3.465259552001953,-3.8001084327697754,3.136075973510742,-1.85634183883667,-0.9915714859962463,-2.556896924972534,-1.2092303037643433,-0.6236605048179626,-4.503353118896484,-3.453016757965088,-0.6602405309677124
985decd97,-3.0211708545684814,2.9021377563476562,-6.425827980041504,3.44915509223938,-0.4509175419807434,-4.452826023101807,-4.302445411682129,-5.036369323730469,-2.593952178955078,-3.05942440032959,-3.9478940963745117,-6.776056289672852,1.1579899787902832,-0.002423301339149475,-4.353550910949707,-4.671663761138916,17.112140655517578,-1.7599812746047974,-0.6840749979019165,-5.434469699859619,-3.800546646118164,0.8607884645462036,-2.677572727203369,-2.011086940765381
987f05fda,8.026158332824707,0.8677902221679688,1.8094719648361206,0.7396619319915771,-4.68013858795166,-5.013295650482178,-7.299020767211914,-6.505195140838623,-3.4579391479492188,-3.2310943603515625,-4.491695880889893,-4.412436485290527,-2.633455276489258,-1.447878360748291,-8.60914421081543,-6.523264408111572,-4.569606781005859,-4.47932767868042,-1.7281354665756226,-3.1903085708618164,-0.5951894521713257,-5.990674018859863,-6.666992664337158,-1.971556305885315
988292ebb,-4.1295061111450195,-3.6798787117004395,-0.19894546270370483,1.791345477104187,-1.1975312232971191,-2.9596188068389893,-5.211763858795166,-2.042001247406006,-4.335934162139893,-1.4058820009231567,-4.081262588500977,-2.6533994674682617,-0.33936187624931335,-2.601475477218628,-3.1269123554229736,-3.9647018909454346,-4.815690994262695,-2.8069920539855957,0.3010174036026001,-4.349295616149902,-2.002896308898926,-2.919736862182617,-4.47951602935791,-2.3062222003936768
988478ecb,-0.5339993238449097,-0.24078905582427979,1.3809938430786133,2.404658794403076,-2.408630132675171,-2.658571720123291,-2.8789892196655273,-0.3520753085613251,-4.096528053283691,0.9008952975273132,-4.009130477905273,-2.6745376586914062,0.170149028301239,-2.2742433547973633,2.422062397003174,-3.269036293029785,-2.930525779724121,-0.6314006447792053,-1.0240638256072998,-3.544818878173828,0.3976724445819855,-3.250154495239258,-3.558773994445801,-0.29255568981170654
98972d68b,0.34697461128234863,2.0819811820983887,-3.728090286254883,3.15012264251709,0.2774956226348877,-4.345911502838135,-5.4504714012146,-2.309075117111206,-3.479555368423462,-1.6205089092254639,-3.8110361099243164,-5.643827438354492,2.919647693634033,-0.09979692101478577,-3.819591522216797,-2.1736207008361816,-2.2886271476745605,-4.135153770446777,1.158089280128479,-6.464898586273193,-6.025745391845703,-1.3659087419509888,-4.01645565032959,-1.5012964010238647
98a5002b7,1.2957744598388672,2.5637364387512207,0.06526064872741699,-0.9789257049560547,-2.4428632259368896,-2.023372173309326,-3.194692611694336,-2.425658702850342,-3.475362777709961,3.2157979011535645,-3.1770057678222656,-0.4473113715648651,-4.4402756690979,-0.3649052083492279,-3.7824039459228516,-3.841388702392578,-3.524016857147217,6.219987869262695,-5.19830322265625,-1.8501570224761963,1.9836103916168213,-2.9773707389831543,-4.487229347229004,-0.7484135627746582
98a98a4b9,-3.3224892616271973,1.2153422832489014,-3.919226884841919,3.735304355621338,1.4564049243927002,-3.6984658241271973,-4.719733238220215,-3.6315505504608154,-3.5990517139434814,-3.4158716201782227,-2.7760910987854004,-6.625451564788818,-0.1331990659236908,-0.28199008107185364,-3.830190658569336,-3.6463518142700195,-0.5114853382110596,-2.1551008224487305,-2.796689748764038,-4.702230453491211,-5.589700698852539,-1.2375730276107788,-3.167553186416626,-1.2473461627960205
98cdab3e2,-7.195260047912598,-6.9932637214660645,0.018734656274318695,-3.7492713928222656,-8.737709045410156,-3.445202350616455,-3.5324501991271973,2.8918747901916504,-9.293455123901367,-4.378052711486816,-1.5449070930480957,5.368754863739014,-5.673121452331543,-5.5962958335876465,-5.004695415496826,-4.577253818511963,-4.830757141113281,-5.189735412597656,-5.24764347076416,-4.6376051902771,5.864147186279297,-7.224076271057129,-4.136537551879883,-5.981635570526123
98f6cb2de,9.166568756103516,-3.000849962234497,-3.669478178024292,2.204310655593872,-5.9001383781433105,-3.9306325912475586,-6.993685245513916,-4.67734956741333,-4.242552757263184,-3.6970112323760986,-3.203186511993408,-5.718207359313965,5.169929027557373,-2.550930976867676,-4.707346439361572,-5.237773895263672,-7.126505374908447,-5.465601921081543,-0.26699185371398926,-6.977860927581787,-5.643029689788818,-6.991447448730469,-6.241664886474609,-3.467952251434326
99218e927,-4.146319389343262,-6.943974018096924,-6.72476863861084,2.850963592529297,-5.941854476928711,-4.277820110321045,-8.860010147094727,-5.028387546539307,-6.501314163208008,-4.313984394073486,-2.7019295692443848,-6.65096378326416,10.271632194519043,-3.2254252433776855,-7.702627182006836,-5.6884894371032715,-8.277544021606445,-9.48327350616455,1.9553945064544678,-11.230504989624023,-10.753561019897461,-6.957524299621582,-4.152416706085205,-2.565981864929199
995c22165,-5.362180709838867,-3.9730894565582275,-2.5976600646972656,-0.8884328603744507,-6.220818996429443,-3.867675304412842,-2.474869728088379,5.547113418579102,-6.46392297744751,-3.0728273391723633,-0.6527433395385742,10.15998649597168,-3.549862861633301,-3.4030184745788574,-4.94615364074707,-3.3927597999572754,-2.8407907485961914,-3.248655319213867,-3.6452975273132324,-4.968782901763916,0.8149586915969849,-4.664093017578125,-2.861711025238037,-2.771320343017578
9981dc289,-2.0849475860595703,-1.4235429763793945,-2.7155673503875732,2.969226837158203,0.7299345135688782,-2.3509879112243652,-1.8889336585998535,2.601017713546753,-4.8447747230529785,-2.5030555725097656,-3.8651123046875,-1.0130599737167358,1.0929033756256104,-2.111694812774658,-2.0203659534454346,-0.14531907439231873,-2.928051233291626,-1.905050277709961,2.4001693725585938,-4.628000259399414,-3.4862985610961914,-1.233755350112915,-0.5438763499259949,3.787726640701294
9989e1bf7,-4.7789506912231445,-3.807805061340332,-0.6983262300491333,1.9553139209747314,-5.602409839630127,-3.078807830810547,-4.422213077545166,4.610471725463867,-6.2561445236206055,-2.9275169372558594,-1.0416713953018188,0.0092848539352417,-0.10788662731647491,-3.8813748359680176,-2.0245375633239746,-3.2095460891723633,-3.385209560394287,-2.6435959339141846,-1.2265487909317017,-2.8547260761260986,0.43969905376434326,-4.359493255615234,-2.791468858718872,-3.1027185916900635
9999f1a89,-5.860287666320801,-5.324920654296875,-1.2879893779754639,2.941138744354248,-6.78840446472168,-3.059335708618164,-5.764467239379883,-3.9145796298980713,-7.0667524337768555,-2.980255603790283,-3.1817917823791504,-4.347172737121582,6.0200114250183105,-3.758723258972168,-5.335956573486328,-4.806708335876465,-6.866605281829834,-4.102530002593994,0.31253358721733093,-3.9463963508605957,-4.667362213134766,-6.226886749267578,-5.981358051300049,-3.9590463638305664
99ad98e91,-2.488584518432617,-4.893321990966797,-4.991290092468262,3.398367166519165,0.16098499298095703,-0.6958879232406616,-5.6733574867248535,-4.574121952056885,-2.1942481994628906,-3.2241806983947754,-2.3235883712768555,-1.68926203250885,5.375146865844727,-2.305917263031006,-6.010067939758301,-4.514435768127441,-6.263466835021973,-6.119089126586914,1.073760986328125,-5.907103538513184,-5.794435501098633,-3.5174078941345215,-1.6470279693603516,-0.658959150314331
99c73bf89,-3.795043706893921,-5.666125297546387,0.07656598836183548,-1.3288614749908447,-5.0223846435546875,-1.3269016742706299,-1.1812463998794556,-2.0090999603271484,-5.455418586730957,-0.7222765684127808,-3.2817039489746094,-1.4570400714874268,-5.189058303833008,-6.04853630065918,-3.0211431980133057,0.14363157749176025,-3.773737668991089,0.5587987899780273,-4.547586917877197,-2.286388397216797,0.33195120096206665,-5.204096794128418,-3.07814359664917,-3.0240609645843506
9a06dc729,-2.449620485305786,-6.533535480499268,-6.691717147827148,2.847299098968506,-7.585984706878662,-4.485833168029785,-8.334096908569336,-3.021453857421875,-6.215824604034424,-2.4307713508605957,-3.5035817623138428,-5.754336357116699,10.191454887390137,-4.639012336730957,-7.4185991287231445,-5.675696849822998,-8.000646591186523,-9.895294189453125,1.7000508308410645,-10.848282814025879,-9.527549743652344,-7.890705108642578,-5.413132667541504,-4.058006763458252
9a13bb065,-6.313657760620117,-7.084071636199951,-1.047226071357727,-1.6443638801574707,-6.389223098754883,-1.078451156616211,-5.087567329406738,-1.8676960468292236,-7.875079154968262,-3.941903829574585,-4.530255317687988,-4.529383659362793,-6.713962554931641,-6.116537094116211,1.7612837553024292,0.3754669725894928,-6.497340679168701,-1.8674464225769043,-4.431169033050537,-4.852924346923828,3.891272783279419,-6.620917797088623,-5.133724212646484,-5.032179832458496
9a28952a9,-3.7210533618927,-2.2632784843444824,-4.812954425811768,2.5001907348632812,0.4715995490550995,-1.722832202911377,-3.0997138023376465,-2.732180118560791,-3.5420982837677,-2.767066717147827,-2.430607557296753,-0.544808030128479,6.529819965362549,-2.347452163696289,-4.277009963989258,-4.477660179138184,-4.633193016052246,-4.4766387939453125,1.0129568576812744,-5.114904403686523,-4.201192378997803,-2.001011848449707,-1.2127277851104736,3.3434083461761475
9a447ded0,-3.6151483058929443,-3.1359057426452637,0.4076792597770691,3.0803139209747314,-6.158226013183594,-2.5772488117218018,-5.545309066772461,-2.5370585918426514,-5.673241138458252,-1.5142838954925537,-2.9139328002929688,-4.2967305183410645,7.646792411804199,-3.463705062866211,-4.236189842224121,-4.123205184936523,-6.129005432128906,-4.831409931182861,0.2866608500480652,-5.871626853942871,6.144416332244873,-6.503674030303955,-2.8699586391448975,-3.8215131759643555
9a7d598ce,-5.790424346923828,-4.97053337097168,-5.457057952880859,2.950129508972168,-1.3162157535552979,-5.39885950088501,-8.41122817993164,-8.421802520751953,-5.976814270019531,-5.155315399169922,-7.298160076141357,-7.713486194610596,-3.094879388809204,-4.716847896575928,-0.04635179042816162,-1.8533525466918945,-6.665575981140137,-6.312600135803223,-1.29150390625,-7.389798641204834,-6.458296298980713,-3.3148062229156494,-6.807802200317383,-1.4689111709594727
9a8f6735d,-0.8002511262893677,-2.1081576347351074,-1.0324151515960693,1.0692071914672852,-4.198486804962158,-3.0223021507263184,-3.299302101135254,-1.8617841005325317,-4.95332670211792,4.806610107421875,-3.505211591720581,-0.3150971829891205,-2.602891445159912,-1.9709153175354004,-4.484262943267822,-4.299846172332764,-4.9135284423828125,3.501354694366455,-3.2455432415008545,-4.225638389587402,6.9393157958984375,-5.233095645904541,-4.537952423095703,-3.451314926147461
9a903791d,-3.015895128250122,-2.325838804244995,-6.960785865783691,3.2939586639404297,-1.0696088075637817,-4.466423511505127,-6.992088794708252,-2.2596499919891357,-4.945287227630615,-5.261724472045898,-5.200812339782715,-6.655519485473633,-0.16097724437713623,-3.034898281097412,6.5453619956970215,-4.424647331237793,-5.965765476226807,-6.059385299682617,2.595003128051758,-8.260284423828125,-6.908486843109131,0.4706979990005493,-5.456193923950195,-0.7305254340171814
9aaaedb65,1.0135219097137451,-1.8504490852355957,-4.460570812225342,1.9561848640441895,1.1569249629974365,-3.003053665161133,-3.1155214309692383,-3.108846664428711,-3.089322090148926,-3.2778844833374023,-4.367494583129883,-1.8386253118515015,5.0702619552612305,-2.062459945678711,-4.82547664642334,-4.385524749755859,-4.536656379699707,-4.6567511558532715,1.315600872039795,-5.5189361572265625,-5.251321792602539,-2.128366231918335,-2.9856131076812744,4.174983024597168
9af4e926d,-3.007988691329956,-3.7885570526123047,-2.407388687133789,-0.637576162815094,-5.485123634338379,-3.7495341300964355,-4.3957109451293945,-3.1403119564056396,-4.850815773010254,-1.6085022687911987,-1.5864367485046387,-2.9876887798309326,-3.417529582977295,-3.5110321044921875,-3.901394844055176,-5.22573184967041,-4.011093616485596,2.7993004322052,-4.241225242614746,-4.493692874908447,12.103635787963867,-6.104137420654297,-5.093430519104004,-4.398538112640381
9b04cb537,-7.472290992736816,-6.126871585845947,11.029773712158203,1.750307321548462,-6.678780555725098,-2.353853702545166,-4.864443778991699,-3.7364141941070557,-10.957016944885254,-1.7836549282073975,-5.451057434082031,-5.348289966583252,-7.113597869873047,-4.9812331199646,-7.574725151062012,-6.2954816818237305,-8.031270980834961,-3.579819917678833,-5.1706342697143555,-6.177038669586182,-3.890197277069092,-6.816742897033691,-5.949145317077637,-6.855660438537598
9b166a820,8.292194366455078,-1.5473309755325317,-1.7847951650619507,1.5824624300003052,-3.3606276512145996,-9.492541313171387,-9.630532264709473,-5.8070387840271,-4.13901424407959,-2.9687013626098633,-7.867030620574951,-11.226516723632812,0.7902545928955078,-2.7732796669006348,-7.161064624786377,-6.975472927093506,-5.191828727722168,-7.904055595397949,2.2319841384887695,-9.492000579833984,-7.745622158050537,-5.689148902893066,-7.840447425842285,-4.452165126800537
9b2b0d92a,-5.0762939453125,-8.457923889160156,-0.3629985451698303,-1.541311502456665,-6.316267013549805,-2.8968045711517334,-2.9962823390960693,-2.8720967769622803,-7.215813159942627,-1.0782723426818848,-3.6058037281036377,-1.0927120447158813,-6.9821977615356445,-7.15955114364624,-3.3884377479553223,4.1699628829956055,-6.966796875,-0.6864144802093506,-6.647268772125244,-3.7169477939605713,2.3997812271118164,-7.226051330566406,-2.049661874771118,-3.446704149246216
9b404af94,-4.607147693634033,-4.337872505187988,-3.9264907836914062,1.5764474868774414,-6.84287166595459,-4.660982131958008,-1.537001371383667,1.788624882698059,-6.4794111251831055,-3.507295608520508,-2.0512561798095703,2.27291202545166,0.25562626123428345,-3.862018585205078,-2.189885139465332,-0.8843031525611877,-4.159981727600098,-3.817640781402588,-0.6990050077438354,-5.8863935470581055,-2.0177249908447266,-5.245294094085693,-2.6920363903045654,-4.496944427490234
9b6882579,-4.600605487823486,-2.884230613708496,0.010010510683059692,2.1945571899414062,-4.26835298538208,-1.9682058095932007,-2.9154889583587646,-1.67397141456604,-5.172893524169922,-0.2483435571193695,-4.141487121582031,-3.0703628063201904,-1.3949251174926758,-3.134450674057007,-0.5302516222000122,-2.546945095062256,0.9625141620635986,-0.3745954632759094,-0.9971171617507935,-0.8222196698188782,-3.121127128601074,-3.3919358253479004,-4.728461265563965,-4.134969711303711
9bbe1050a,5.9711198806762695,5.458371162414551,-0.6520282030105591,2.273411273956299,-1.9482616186141968,-3.8827507495880127,-4.309344291687012,-4.59624719619751,-2.819901466369629,-2.5578560829162598,-4.7213640213012695,-6.226107597351074,0.6674627065658569,0.1173529177904129,-4.199275970458984,-3.7174346446990967,-2.42280912399292,-3.803802013397217,0.2988364100456238,-3.2130489349365234,-2.8469977378845215,-2.157835006713867,-4.8380022048950195,-1.1229541301727295
9be1aaa1a,-3.132124900817871,-3.715996265411377,-0.6604060530662537,1.3146717548370361,-5.719027996063232,-3.532301187515259,-1.5253849029541016,2.5954551696777344,-6.103550910949707,-1.5291531085968018,-3.927234649658203,-0.7052650451660156,-3.1106600761413574,-3.828284502029419,-1.6307662725448608,1.3843955993652344,-2.54133939743042,-0.25127965211868286,-3.1386256217956543,-3.4228053092956543,3.359304666519165,-5.80507755279541,-2.733337163925171,-1.500910997390747
9c1b276aa,-2.8216073513031006,-5.143797397613525,1.7258310317993164,-0.7317482233047485,-6.508109092712402,-2.3234364986419678,-2.5009829998016357,-3.0727686882019043,-5.621986389160156,3.4698452949523926,-3.9393932819366455,-0.5942180156707764,-5.385675430297852,-5.646034240722656,-4.341660022735596,-2.805811643600464,-4.570408821105957,1.797864556312561,-3.922433376312256,-2.3858890533447266,1.292876958847046,-6.090420246124268,-5.506081581115723,-4.671578407287598
9c63c471e,-4.310030460357666,-3.519008159637451,1.128035068511963,2.524867534637451,-4.364834308624268,-2.7180604934692383,-1.6141817569732666,-4.50813102722168,-5.983021259307861,-2.7614495754241943,-4.768119812011719,-3.9061055183410645,1.6343514919281006,-3.5441997051239014,-2.769883394241333,-2.784482955932617,-5.832793235778809,-2.490903854370117,0.329091876745224,-2.96567702293396,-2.06653094291687,-4.212760925292969,-5.326356887817383,-3.749516487121582
9c6c3078b,-6.302842140197754,-6.803265571594238,-4.185184001922607,1.5452073812484741,-6.08775520324707,-4.62745475769043,-4.755667209625244,-1.2190786600112915,-7.806183815002441,-3.9633688926696777,-5.874940872192383,-4.223435401916504,-7.043210029602051,-6.712555408477783,7.225081443786621,2.3801140785217285,-6.761004447937012,-1.260970950126648,-3.963815689086914,-5.319796085357666,-0.1317489594221115,-5.5637922286987305,-3.9327964782714844,-4.035021781921387
9c9532135,-3.3987324237823486,-4.99440860748291,3.0826380252838135,1.404645323753357,1.8860267400741577,-2.722963809967041,-4.0522356033325195,-3.5034537315368652,-2.4235591888427734,-1.7773462533950806,-3.4290757179260254,-1.1187317371368408,-1.3631962537765503,-2.847656726837158,-4.194981575012207,-4.850926876068115,-5.19862174987793,-2.5812692642211914,-2.4242656230926514,-1.7162319421768188,-2.2654895782470703,-2.5752856731414795,-4.539264678955078,-1.4497991800308228
9d3024eb7,-2.351865291595459,0.5145983099937439,-5.711481094360352,2.4294536113739014,2.661951780319214,-1.1262272596359253,-5.283714771270752,-4.03156852722168,-2.0477845668792725,-2.213442325592041,-3.6777472496032715,-6.269087314605713,1.9383487701416016,6.191709995269775,-3.868748188018799,-2.9359195232391357,-2.712848424911499,-5.157020568847656,-0.9066052436828613,-3.7544474601745605,-5.820777416229248,-0.8676242828369141,-2.8098254203796387,-0.10840577632188797
9d8605c28,-5.461274147033691,-4.137427806854248,-0.6045774221420288,-1.381333827972412,-5.638195037841797,-3.5348334312438965,-6.125194549560547,-3.435957431793213,-7.285731315612793,-5.982631683349609,-1.9948077201843262,-1.1569411754608154,-2.0911123752593994,-3.1912841796875,-4.439504146575928,-6.961206436157227,-7.484820365905762,-4.944063663482666,-3.5624818801879883,-4.149640083312988,7.503641605377197,-5.887628555297852,-5.18205451965332,-5.402921199798584
9db1e12eb,-0.37341928482055664,1.0378282070159912,-8.084004402160645,2.5632126331329346,1.278468370437622,-5.338841438293457,-7.438266754150391,-3.4971187114715576,-2.752723217010498,-4.337340831756592,-5.184330463409424,-7.555513381958008,0.5250110626220703,-1.6119818687438965,5.958861351013184,-4.0549821853637695,-4.344387054443359,-6.302664756774902,3.4119107723236084,-8.696327209472656,-7.07954216003418,1.8086576461791992,-4.8088603019714355,-1.8648943901062012
9e6fa9cc3,-4.548007011413574,-4.827268600463867,-4.425820350646973,1.4648687839508057,-7.316819190979004,-5.5339531898498535,-2.841364860534668,3.329543113708496,-7.293465614318848,-3.5288915634155273,-2.777634620666504,4.004171848297119,-1.2154990434646606,-4.705938339233398,-0.9583168625831604,-3.4557418823242188,-3.8686068058013916,-4.922975063323975,-0.9656985402107239,-6.270751953125,-4.71484375,-5.097326755523682,-2.812095880508423,-4.612803936004639
9ef5ebefb,-1.5072256326675415,-2.0077598094940186,-3.6365177631378174,2.080104351043701,-2.243284225463867,-0.9302350282669067,-5.274933338165283,-3.647502899169922,3.5649287700653076,-1.0475671291351318,-1.6403024196624756,-4.673300743103027,8.414840698242188,-1.8532134294509888,0.09020660817623138,-3.8505139350891113,-4.469486713409424,-3.734426736831665,0.16580018401145935,-4.147977828979492,-2.050845146179199,-1.4715667963027954,-1.995365023612976,-0.33492594957351685
9f1559080,-2.8823304176330566,2.222966432571411,-5.297342300415039,3.4446310997009277,4.656698226928711,-4.498224258422852,-6.8638505935668945,-3.5797390937805176,-3.667172431945801,0.05517423152923584,-4.079078674316406,-7.29384708404541,3.5189285278320312,-0.6357353925704956,-3.6511218547821045,-4.703022003173828,-2.9564480781555176,-5.765264511108398,-0.09756007790565491,-7.159292221069336,-7.8353495597839355,-0.21422040462493896,-1.9819003343582153,-0.7714813947677612
9f205efc1,-1.42063307762146,-0.24151533842086792,-0.9599669575691223,3.8497443199157715,3.5409278869628906,-3.0279388427734375,-4.403497695922852,-3.699256420135498,-2.521249771118164,8.533988952636719,-4.242156982421875,-3.2507450580596924,-0.462785005569458,-0.27006521821022034,-5.381302356719971,-4.0172319412231445,-3.9977598190307617,0.047818899154663086,-1.2348679304122925,-5.901827812194824,-5.942289352416992,-0.01648857071995735,-4.01007080078125,-1.2685123682022095
9f6779027,-2.237689256668091,-0.1539638340473175,1.630134105682373,0.06657320261001587,-5.02629280090332,-2.762376308441162,-2.3258464336395264,1.1607556343078613,-5.411077499389648,-1.9564626216888428,-0.4856248199939728,6.708722114562988,-2.7500600814819336,-2.200021266937256,-3.468179702758789,-3.6894078254699707,-2.6639177799224854,-1.8645048141479492,-2.49830961227417,-3.86122465133667,4.080078125,-4.666533470153809,-3.375743865966797,-2.011662006378174
9f96615ec,-3.6063101291656494,-5.6445207595825195,1.0005934238433838,-2.0427112579345703,-6.816181182861328,-2.7915496826171875,-4.365914821624756,0.14855296909809113,-7.1399126052856445,-2.4549813270568848,-4.355221748352051,-2.6309494972229004,-5.285368919372559,-5.690152645111084,-3.4924559593200684,-3.969226598739624,-5.909160614013672,-2.383155584335327,-3.391254186630249,-4.46585750579834,12.446720123291016,-7.398690223693848,-5.650758743286133,-6.795191764831543
9fb421244,-3.4863803386688232,-8.926361083984375,-6.430169582366943,2.2983298301696777,-6.311530590057373,-5.699880599975586,-8.493932723999023,-5.219635486602783,-6.3342695236206055,-5.06277322769165,-3.922515630722046,-6.945581912994385,10.176004409790039,-4.670644760131836,-7.707859992980957,-4.321254730224609,-9.231302261352539,-8.823705673217773,3.46687388420105,-11.121101379394531,-9.947360038757324,-7.3853840827941895,-5.979048728942871,-4.524847507476807
9fd5ad403,-6.4227294921875,-7.450209140777588,3.312075614929199,-3.663017988204956,-6.486549377441406,-2.1178715229034424,-3.8728737831115723,-3.6350512504577637,-6.852710247039795,-2.7745909690856934,-2.8658668994903564,-0.3130359649658203,-5.296575546264648,-5.293206214904785,-7.127780437469482,-4.945162773132324,-6.098167896270752,-2.025010585784912,-6.325703144073486,0.35204383730888367,-0.3637406527996063,-6.517697811126709,-5.835512638092041,-5.47693395614624
9fd63740f,-2.898461103439331,0.0057815611362457275,-1.4534850120544434,1.5194995403289795,-2.2168567180633545,-3.118807077407837,-5.656403541564941,-1.4826114177703857,-3.7760438919067383,-2.5895092487335205,-3.2686257362365723,-3.7612907886505127,-2.0151216983795166,-2.2995235919952393,-0.6426100134849548,-3.281517505645752,-1.5014792680740356,-2.3676905632019043,-2.4618043899536133,-4.871885299682617,5.648550510406494,-1.9820101261138916,-2.0000510215759277,-0.3233215808868408
9fe122d66,-1.1130002737045288,-5.173151016235352,-6.176366806030273,3.36896014213562,9.067695617675781,-4.404603481292725,-6.811032772064209,-5.714261531829834,-1.3154311180114746,-3.3405189514160156,-4.0603508949279785,-4.81888484954834,5.3928046226501465,2.512024402618408,-5.739292144775391,-4.906490325927734,-5.302386283874512,-3.745204448699951,2.448452949523926,-8.78277587890625,-7.042335510253906,-0.7958218455314636,-2.8923139572143555,2.250837802886963
9fe8291e8,-3.8979883193969727,-4.221968650817871,0.32070958614349365,1.4979727268218994,-7.413573741912842,-2.2119855880737305,-4.606703758239746,-3.0273194313049316,-8.249095916748047,-3.967836856842041,-3.9978229999542236,-2.2483747005462646,-2.5245957374572754,-4.543700695037842,-3.0093536376953125,-4.426680088043213,-5.0768842697143555,-4.092934608459473,-1.9244141578674316,-4.2166900634765625,12.21951675415039,-6.538862228393555,-5.798499584197998,-6.1440019607543945
a00e553a7,1.633378267288208,6.4071760177612305,-4.126327037811279,3.360905647277832,-2.3365180492401123,-1.0605379343032837,-3.4582443237304688,-2.6441943645477295,-3.8335390090942383,-3.362743616104126,-2.162958860397339,-3.7114901542663574,0.06259626150131226,0.7200751304626465,-3.710261821746826,-3.8334343433380127,-2.238924026489258,-4.905407428741455,-2.211139678955078,-4.405310153961182,1.6357767581939697,-0.4190816879272461,7.28070068359375,-1.7396043539047241
a06ca8e1a,-3.1710598468780518,-2.6814560890197754,-0.2700648009777069,-1.9458234310150146,-2.4697341918945312,-0.5414977073669434,-2.0076563358306885,-2.2922933101654053,-4.202419757843018,1.417297601699829,11.003803253173828,0.32377225160598755,-4.131621360778809,-2.6916394233703613,-3.623725414276123,-3.281738758087158,-4.7763519287109375,0.6881645321846008,-3.887298583984375,0.7508421540260315,3.66455340385437,-3.852632761001587,-2.150094509124756,-0.2643396258354187
a06e7d997,-6.378230094909668,-5.55817985534668,0.8721218109130859,-4.226190090179443,-6.8266520500183105,-2.491025924682617,-4.034156799316406,4.013828277587891,-8.392816543579102,-4.056938648223877,-2.450800657272339,3.149857521057129,-5.85111141204834,-4.704281806945801,-4.691391468048096,-5.271151542663574,-5.456698894500732,-5.364936351776123,-5.448128700256348,-3.388522148132324,5.754609107971191,-7.738358974456787,-3.84356951713562,-4.705787658691406
a081aac16,-3.9964542388916016,-2.382338762283325,7.00618839263916,1.4792542457580566,-4.016496181488037,-2.360600471496582,-5.447035789489746,-2.3175315856933594,-7.689903736114502,-3.7515573501586914,-4.967441558837891,-5.120586395263672,-3.9274942874908447,-3.9264132976531982,-4.593056678771973,-6.021337509155273,-6.581291675567627,-3.83077073097229,-2.1042098999023438,-6.3773393630981445,0.8136883974075317,-5.072900772094727,-5.0259904861450195,-4.508002758026123
a0a513e90,-5.414034843444824,-3.075756072998047,-10.55124282836914,3.073957920074463,1.0228261947631836,-5.127013683319092,-7.818874359130859,-4.166673183441162,-5.00309944152832,-7.087726593017578,-6.614079475402832,-8.975807189941406,-1.0993486642837524,-4.1071367263793945,9.852083206176758,-5.75199031829834,-8.00364875793457,-7.0382537841796875,2.908473253250122,-10.698600769042969,-8.139347076416016,0.30177587270736694,-7.1047492027282715,-3.357194662094116
a0af37db8,0.12898236513137817,0.32454782724380493,0.13338613510131836,2.5276222229003906,3.2002038955688477,-2.3985507488250732,-3.152229070663452,-3.4284238815307617,-3.4862072467803955,-0.716229259967804,-3.6677803993225098,-3.242386817932129,-0.49794435501098633,-0.7119853496551514,-4.628874778747559,-3.1604180335998535,-3.3560187816619873,-1.7240488529205322,-0.8427109718322754,-4.06534481048584,-0.37296968698501587,-2.035048484802246,-3.8235063552856445,1.217681646347046
a0bd03088,-4.891672134399414,-4.633573055267334,0.43760669231414795,-0.9441368579864502,-4.312071800231934,-0.07711522281169891,-2.3295271396636963,0.7372339367866516,-4.9005022048950195,2.990457773208618,-1.96107816696167,3.86564040184021,-4.982097625732422,-3.626267433166504,-2.946418285369873,-2.4857888221740723,-2.840782642364502,0.4450848698616028,-5.207237720489502,-2.8096818923950195,5.932385444641113,-4.199453830718994,5.957594871520996,-2.0655770301818848
a0d135df8,-3.5373830795288086,1.8460241556167603,-5.0988969802856445,3.8572309017181396,-0.08462107181549072,-4.226210594177246,-6.2420783042907715,-4.875703811645508,-3.883963108062744,-3.445788860321045,-3.4274795055389404,-8.073410987854004,5.514780044555664,-0.6073271632194519,-3.958798408508301,-3.9973273277282715,-1.0534812211990356,-6.385533809661865,0.6890565752983093,-6.3392133712768555,-7.109372138977051,0.20985232293605804,-3.7418148517608643,-1.6183016300201416
a0e0e7d8e,-2.1041488647460938,-2.8697590827941895,-0.9215409755706787,0.05122533440589905,-5.230721950531006,-3.243821620941162,-2.858426094055176,1.9813592433929443,-6.127873420715332,-0.7695589065551758,-1.279066801071167,4.505242347717285,-2.8122355937957764,-3.0069632530212402,-2.6260950565338135,-2.9075398445129395,-3.555734395980835,-2.446420431137085,-2.1191391944885254,-4.024765491485596,3.6515679359436035,-4.5606231689453125,-3.441654682159424,-3.363788604736328
a0e8f168b,-5.325174331665039,-3.703190803527832,-4.113095283508301,-1.1385412216186523,-1.2618168592453003,-0.15030986070632935,-3.0070505142211914,-4.263286590576172,-4.185922622680664,-1.6576628684997559,5.8217620849609375,0.510538637638092,-1.8585829734802246,-3.118565559387207,-5.3760504722595215,-3.090785503387451,-5.6148223876953125,-2.616267204284668,-5.638911247253418,-0.9895759224891663,-2.2213892936706543,-3.131686210632324,0.6672888398170471,2.439976215362549
a11667cfe,-3.198338031768799,-4.288735389709473,1.0536606311798096,-0.11434821784496307,-2.491008996963501,-2.923781394958496,-4.8987908363342285,-2.508687973022461,-4.2385759353637695,-2.1168551445007324,-3.501781940460205,-4.135173320770264,1.3579766750335693,-4.01191520690918,-4.22492790222168,-4.739180564880371,-6.201714515686035,-3.2735085487365723,-0.06901627033948898,-4.477236747741699,2.361281156539917,-3.830456018447876,-5.496149063110352,-3.6047229766845703
a1672cfa4,-7.298664569854736,-8.355611801147461,2.211738109588623,-1.8302593231201172,-9.400282859802246,-4.17922830581665,-2.799614906311035,4.45384407043457,-9.268259048461914,-2.428189992904663,-5.495238780975342,1.3557387590408325,-8.846964836120605,-7.98926305770874,-2.743419885635376,-1.0403677225112915,-3.0268173217773438,-2.9463109970092773,-6.8256330490112305,-4.32843017578125,3.154242753982544,-8.875627517700195,-4.185905456542969,-7.085515022277832
a17318cc7,-2.5883536338806152,-5.174957752227783,3.6492738723754883,1.536920428276062,-2.0467591285705566,-3.220766544342041,-3.249467611312866,-1.5845595598220825,-6.882210731506348,4.533290386199951,-5.228393077850342,-2.578559398651123,-5.339248180389404,-3.708446502685547,-4.364198207855225,3.6149096488952637,-6.247016906738281,1.211426019668579,-3.3177106380462646,-4.824682235717773,-4.641485691070557,-4.911785125732422,-3.9448201656341553,-2.981503486633301
a1b153c02,-4.683533668518066,-5.992602348327637,-6.8896894454956055,2.996760129928589,-6.910336494445801,-4.305105209350586,-8.21255111694336,-4.57916259765625,-4.302586555480957,-4.931199550628662,-1.3305294513702393,-5.87332820892334,10.159591674804688,-2.6199307441711426,-8.265071868896484,-5.310654640197754,-7.5369086265563965,-7.7124176025390625,-0.01866711676120758,-10.382536888122559,-9.762688636779785,-6.953711032867432,-3.713387966156006,-4.280831813812256
a2074e5a7,-3.6164867877960205,-4.689445495605469,-1.7513070106506348,2.2656960487365723,-1.6032812595367432,-3.406649112701416,-4.827065944671631,-2.9763121604919434,-4.878484725952148,-2.8790342807769775,-3.321486711502075,-0.6994683742523193,3.0281569957733154,-3.7293527126312256,-4.633257865905762,-5.087672233581543,-5.5544633865356445,-3.915168046951294,0.6439357399940491,-4.35729455947876,1.105785846710205,-4.184294700622559,-4.618898391723633,-3.150052070617676
a2315b000,-5.291415214538574,-5.558685302734375,0.874189555644989,1.7689557075500488,-4.040337085723877,-0.3211360275745392,-2.637737274169922,-1.6435556411743164,-5.813229084014893,-3.271644353866577,-1.6787872314453125,-2.2481374740600586,-3.024956703186035,-3.731506824493408,-1.6462504863739014,-2.8884599208831787,-3.614809036254883,-3.975503921508789,-3.70448637008667,-4.647758483886719,3.9952635765075684,-4.351800918579102,6.540014743804932,-1.9852242469787598
a23b9bc99,8.538626670837402,-1.3922278881072998,-4.820282459259033,2.4866766929626465,-1.9416061639785767,-4.0573530197143555,-6.093601226806641,-4.8425750732421875,5.753847122192383,-3.0816736221313477,-4.015744209289551,-5.593069553375244,5.382874488830566,-1.8609167337417603,-2.8193769454956055,-3.5781643390655518,-4.063432216644287,-4.870577335357666,3.0509071350097656,-4.459881782531738,-2.020258665084839,-3.1464684009552,-3.896446704864502,-0.84563148021698
a2450e293,-4.405478477478027,-5.652609825134277,0.4917146563529968,2.7387001514434814,-4.914946556091309,-1.739832878112793,-3.795593738555908,-2.29055118560791,-6.109460830688477,-3.6440372467041016,-4.227029323577881,-2.9090495109558105,-1.5762028694152832,-4.830108642578125,-1.435523271560669,-2.7644271850585938,-4.447251319885254,-3.8597254753112793,-0.737102210521698,-4.446184158325195,-1.404594898223877,-3.788118600845337,-4.076295852661133,1.520905613899231
a26512e4c,-1.6597778797149658,-4.822033882141113,-2.1020805835723877,2.0899341106414795,-4.709441184997559,-2.950432538986206,-2.9526877403259277,4.656951904296875,-5.173163890838623,4.216175556182861,-4.0266828536987305,-1.8661377429962158,-3.4637532234191895,-4.272953987121582,-0.834967315196991,-0.0680326446890831,-3.941664695739746,-1.2852317094802856,-0.32342690229415894,-4.516938209533691,-2.990811586380005,-4.421872138977051,-2.549833297729492,-3.690088987350464
a2b02591c,-3.9574849605560303,-3.536222219467163,-1.100104570388794,2.7908456325531006,-4.121816158294678,-2.4459927082061768,-1.167547583580017,-1.5971306562423706,-5.392782211303711,-2.426791191101074,-3.972538948059082,-4.027201175689697,-1.0957083702087402,-4.324957847595215,-2.8327956199645996,-0.7695764303207397,-2.9854466915130615,-2.0816006660461426,-1.2298688888549805,-2.441889762878418,-1.2748981714248657,-3.8870925903320312,-2.5946052074432373,-2.044999599456787
a2c012567,-4.266486644744873,-6.51986837387085,2.1686525344848633,-0.8385685682296753,-8.190242767333984,-2.5969653129577637,-3.5147080421447754,4.559277534484863,-8.708433151245117,1.8364145755767822,-4.275748252868652,1.4903312921524048,-5.39338493347168,-6.778792858123779,-1.7778608798980713,-3.5698118209838867,-4.63163948059082,1.1478670835494995,-4.471613883972168,-3.689922332763672,-2.375791311264038,-7.163418292999268,-4.587601184844971,-5.37472677230835
a2f2ed8cb,-1.9406347274780273,-3.6626787185668945,-5.006153106689453,2.675015926361084,3.747631788253784,1.84190833568573,-2.4938275814056396,-3.5234432220458984,-0.9896899461746216,-2.962559938430786,-1.7225914001464844,-1.3056156635284424,3.2441675662994385,0.42411571741104126,-4.827826499938965,-4.0633344650268555,-5.186305522918701,-3.2638068199157715,-0.4524694085121155,-5.031635761260986,-5.032806396484375,-2.246945858001709,1.3938037157058716,3.3956689834594727
a2f85dd14,-1.537189245223999,-3.6184558868408203,-3.3368582725524902,2.239041805267334,-3.9071044921875,-4.177635192871094,-1.6435561180114746,2.6932551860809326,-3.8862035274505615,-0.4120868444442749,-2.5882863998413086,-0.14241373538970947,1.0568279027938843,-3.15023136138916,-0.7288806438446045,-0.5113227963447571,-2.810004472732544,-1.6570606231689453,1.197213888168335,-4.02980899810791,-1.0648139715194702,-3.274534225463867,-1.692371129989624,-0.35373204946517944
a2f9ff5f1,-2.67783784866333,-7.992395877838135,-7.217429161071777,2.4646213054656982,-3.8037121295928955,-5.856625556945801,-9.643668174743652,-5.930478096008301,-5.325603008270264,-5.1514892578125,-3.3053081035614014,-7.824465751647949,10.229414939880371,-3.187704563140869,-8.132118225097656,-6.241854667663574,-8.624204635620117,-9.610617637634277,2.9124867916107178,-12.665522575378418,-11.309940338134766,-6.505065441131592,-6.107540130615234,-3.7556958198547363
a30676283,-5.1810808181762695,-3.316596269607544,-3.4257142543792725,0.8848044276237488,-2.889556884765625,0.35104507207870483,-2.2581398487091064,-2.456847906112671,-4.204460144042969,-2.7451629638671875,-2.385382652282715,0.003414168953895569,-3.5875253677368164,-3.1816630363464355,-2.654236078262329,0.223268523812294,-3.1171813011169434,-2.9622836112976074,-5.381102561950684,-3.2211670875549316,7.3418426513671875,-3.701467990875244,5.491026401519775,1.4974055290222168
a3086b63a,-2.1327333450317383,-1.8062690496444702,0.838893473148346,0.5764750242233276,-4.03973388671875,-3.0531697273254395,-5.012347221374512,-2.6628258228302,-4.041864395141602,-2.3401732444763184,-3.2928223609924316,-1.5656261444091797,-1.2833696603775024,-2.602404832839966,-3.3851687908172607,-2.334780693054199,-3.172804355621338,-3.629030227661133,-0.864684522151947,-0.11086368560791016,0.5889539122581482,-3.2817952632904053,-2.8895905017852783,-2.0142126083374023
a30bb0abd,-3.7332663536071777,-2.624831199645996,-5.043755531311035,2.9317879676818848,-4.85755729675293,-3.249046564102173,-6.674957275390625,-4.194812774658203,-4.5807785987854,-3.2490670680999756,-3.399411201477051,-7.055634021759033,6.066937446594238,-2.0678205490112305,-3.290724992752075,-4.159505367279053,-5.691061973571777,-5.50541353225708,1.7568035125732422,-8.102156639099121,-7.943875312805176,-3.9060113430023193,-4.541083335876465,-2.9356868267059326
a32a658de,-3.8536763191223145,-3.526271104812622,-0.5967100858688354,-0.6000857353210449,-4.1802167892456055,-2.1919727325439453,-2.6864566802978516,-2.1927895545959473,-6.361966133117676,-2.068150758743286,-1.9181245565414429,1.4165295362472534,-3.6765847206115723,-3.7113068103790283,-3.919017791748047,-3.5476207733154297,-4.691815376281738,-1.4272384643554688,-4.488897323608398,-2.722196102142334,7.039038181304932,-6.064136505126953,-3.560232639312744,1.5697879791259766
a347459e5,-3.3154287338256836,1.1518832445144653,-7.001523494720459,3.3018763065338135,0.5457384586334229,-4.126581192016602,-6.270127296447754,-1.4978997707366943,-3.2904868125915527,-3.7142882347106934,-4.613682746887207,-6.360632419586182,1.8864085674285889,-2.056055784225464,5.751598358154297,-3.052572250366211,-2.5252585411071777,-5.538230895996094,2.9681015014648438,-7.670509338378906,-5.869387626647949,2.1713759899139404,-1.10288667678833,-1.7945706844329834
a34ddf261,-5.826744556427002,-7.438698768615723,7.7981977462768555,-0.0889497846364975,-7.234523296356201,-1.4895031452178955,-0.32148197293281555,-1.3924400806427002,-9.8462495803833,-0.844950795173645,-4.5655622482299805,-2.7106494903564453,-8.418678283691406,-5.5066399574279785,-5.427944183349609,-2.4631142616271973,-6.628554344177246,-0.4945013225078583,-4.661323547363281,-3.816382884979248,-0.4678099751472473,-7.522440433502197,-5.521272659301758,-7.37239933013916
a36335f2d,-5.078856945037842,-6.663273334503174,-7.44114351272583,2.532349109649658,-5.102846145629883,-5.65130090713501,-10.409399032592773,-6.711856365203857,-5.568190574645996,-6.279329299926758,-3.9013140201568604,-8.427522659301758,10.975008964538574,-3.7001523971557617,-6.831717491149902,-7.119839668273926,-8.819802284240723,-11.10063362121582,2.4793121814727783,-12.226268768310547,-7.641998291015625,-6.090542793273926,-6.585566520690918,-5.099535942077637
a37f3f9c5,-6.353389739990234,-6.0980000495910645,1.2734415531158447,-2.760573148727417,-8.043466567993164,-2.5129401683807373,-3.6153907775878906,2.0456509590148926,-8.142803192138672,-2.999885082244873,-3.735086441040039,-0.9995043277740479,-5.619891166687012,-6.333256721496582,-3.1113526821136475,-4.307411193847656,-4.26058292388916,-3.20906400680542,-5.626243591308594,-2.879613161087036,1.884428858757019,-7.2909040451049805,-3.2099459171295166,-6.015180587768555
a381c3afc,-7.90424919128418,-7.731322765350342,1.5704193115234375,-3.770019054412842,-8.222543716430664,-3.169006824493408,-2.0473647117614746,1.3347903490066528,-9.129855155944824,-2.937443971633911,-2.5174903869628906,4.135183811187744,-6.548623085021973,-5.989259719848633,-4.543508529663086,-5.07005500793457,-6.3203606605529785,-3.670010805130005,-5.658786296844482,-4.6388444900512695,5.308088302612305,-8.104722023010254,-4.650190830230713,-5.859535217285156
a3ad6ae80,-3.7001867294311523,-3.024503707885742,-1.6864153146743774,-0.13218262791633606,-3.016420364379883,-0.6133278608322144,-4.368928909301758,-3.5126569271087646,-4.4752092361450195,-3.08866810798645,-2.1478633880615234,-0.1458592712879181,-3.2607243061065674,-2.4850921630859375,-3.1092400550842285,-4.743085861206055,-4.2710394859313965,-3.2329771518707275,-3.4503564834594727,-2.035191535949707,1.8017358779907227,-3.9332172870635986,-2.9829907417297363,-1.3774839639663696
a3fc38c6f,-4.252506256103516,-1.9643151760101318,-10.267560958862305,2.6693668365478516,1.383216381072998,-5.206177711486816,-7.7438554763793945,-3.3197741508483887,-3.0369367599487305,-6.018884658813477,-5.7747039794921875,-9.221829414367676,-0.6096483469009399,-3.26023006439209,9.389781951904297,-5.373262882232666,-6.628755569458008,-6.423065185546875,1.5215044021606445,-10.20075511932373,-7.609020233154297,1.1227558851242065,-6.154331684112549,-1.9341115951538086
a436c487d,-8.3170166015625,-9.461426734924316,-4.49414587020874,-6.308204650878906,-4.679586887359619,-1.0707581043243408,-4.531924247741699,-6.260282516479492,-5.7082014083862305,-2.7680702209472656,-3.5538933277130127,1.582314372062683,-4.115203380584717,-5.771528244018555,-5.812404155731201,-5.836926460266113,-8.622979164123535,-4.06130313873291,-5.685412883758545,-1.9444210529327393,-1.6352118253707886,-5.339242458343506,-4.12252950668335,-3.4366774559020996
a43e226d1,-5.43092679977417,-5.402514457702637,3.284191608428955,1.4910541772842407,-0.5934507250785828,-1.9883430004119873,-3.4469125270843506,-2.5482025146484375,-6.79074764251709,-2.3395743370056152,-2.684147834777832,-4.2288360595703125,-0.5427817106246948,-3.7088894844055176,-5.107778549194336,-4.5809173583984375,-6.01041316986084,-3.386021375656128,-2.772512912750244,-4.775741100311279,-3.1691107749938965,-3.840400457382202,-4.801464080810547,-2.294826030731201
a45899ab3,-3.5448145866394043,-1.4487725496292114,-0.03870480880141258,0.1647462546825409,-4.794948101043701,-2.389849901199341,-4.0511674880981445,1.6307106018066406,-5.649867057800293,-0.5750163793563843,-2.756636142730713,-0.6862268447875977,-3.0784711837768555,-2.1308164596557617,-2.6573867797851562,-3.0222644805908203,-3.3960137367248535,-1.130798578262329,-3.19509220123291,-3.6813063621520996,15.564233779907227,-4.124850749969482,-1.6136847734451294,-4.896335601806641
a45ffe729,-2.9668943881988525,-0.8642902374267578,0.1515270173549652,0.9417611360549927,-0.1746738702058792,-2.2494044303894043,-4.996720314025879,-2.095674514770508,-3.391558885574341,-2.9758172035217285,-3.701132297515869,-4.444245338439941,0.5870784521102905,-0.664344310760498,-1.8777798414230347,-3.7854549884796143,-4.574176788330078,-3.075812816619873,-0.22683849930763245,-3.0102791786193848,0.12822675704956055,-2.352400064468384,-3.6431186199188232,-0.12217558175325394
a47b039ac,-1.7330520153045654,0.47293567657470703,-2.0464651584625244,3.7728986740112305,4.066960334777832,-1.5908894538879395,-4.149986267089844,-3.1636228561401367,-2.8362979888916016,-1.6893662214279175,-3.109229803085327,-4.153219223022461,0.38252145051956177,-0.654240608215332,-4.170058727264404,-3.2733356952667236,-0.49685919284820557,-1.8821008205413818,-1.172850251197815,-4.525066375732422,-2.743630886077881,1.762831687927246,-3.039133071899414,-0.4816654324531555
a4979223a,-12.470372200012207,-14.23857307434082,-6.210962295532227,-8.756940841674805,-9.058032035827637,-4.292046546936035,-10.012640953063965,-11.290175437927246,-10.26136589050293,-5.853422164916992,-7.20018196105957,-3.5593667030334473,-6.48781681060791,-10.667440414428711,-6.679697036743164,-9.653905868530273,-12.852755546569824,-10.363814353942871,-7.116006851196289,-8.047704696655273,-3.6119728088378906,-9.862410545349121,-9.181431770324707,-6.768098831176758
a4b6f8f47,-2.866159439086914,-2.1584677696228027,1.350574254989624,2.4537570476531982,-4.424463272094727,-0.8543065190315247,-1.9240076541900635,-1.9130089282989502,-5.712146759033203,-1.9500020742416382,-2.9782490730285645,-4.47905158996582,0.8552323579788208,-3.339634418487549,-4.536379337310791,-0.891431987285614,-3.749642848968506,-2.53659725189209,-0.8626108765602112,-3.782651901245117,-3.3836746215820312,-3.6009535789489746,-3.609565019607544,0.3536251187324524
a4bd9fea3,-3.294562578201294,0.809262752532959,-6.300204277038574,3.266505718231201,-1.6684885025024414,-5.0200934410095215,-7.435585975646973,-4.261305332183838,-3.7366371154785156,-4.037034511566162,-4.400195121765137,-6.835622787475586,2.1089842319488525,-1.4881353378295898,-1.5437973737716675,-2.8460659980773926,-1.7599503993988037,-6.422430992126465,0.9212228059768677,-7.16508674621582,-4.051906108856201,-0.469862163066864,-3.644700527191162,-2.5129001140594482
a4cd988a6,-4.411099433898926,-1.6289544105529785,-2.899225950241089,1.5311565399169922,-4.6009016036987305,-3.723267078399658,-2.4883077144622803,-2.078798770904541,-4.866869926452637,-2.5617058277130127,-2.322559356689453,-3.9416253566741943,-0.15143156051635742,-2.9886474609375,-3.612914562225342,-3.175753116607666,14.426210403442383,0.4569363594055176,-2.8621826171875,-2.1487765312194824,-4.735666275024414,-2.3086097240448,-3.1509554386138916,-2.925504207611084
a4ec73732,-4.049794673919678,-7.438403129577637,-8.573856353759766,3.171600818634033,6.612964153289795,-5.287546634674072,-10.727559089660645,-7.996500015258789,-3.8535776138305664,-6.110299110412598,-4.494490623474121,-8.254831314086914,9.638338088989258,-0.8154995441436768,-6.427908897399902,-6.452118396759033,-8.137360572814941,-9.648797988891602,3.32072377204895,-13.445771217346191,-10.900800704956055,-4.111913681030273,-6.244176864624023,-0.3156760632991791
a5127aca8,-3.6285738945007324,-3.5306172370910645,-0.48862773180007935,2.40891695022583,-3.320007801055908,-2.2375102043151855,-5.184521198272705,-3.1727943420410156,-5.670987606048584,-3.0235726833343506,-4.360134124755859,-2.7913215160369873,-1.194689393043518,-3.166348934173584,-1.783352255821228,-2.8144216537475586,-4.662777900695801,-2.5564827919006348,0.08599904179573059,-3.9092776775360107,1.5977494716644287,-2.965763568878174,-4.185421466827393,-2.425523281097412
a52537195,-2.1650047302246094,-1.7622413635253906,-3.3478448390960693,0.9497889280319214,-0.46708551049232483,-2.51686429977417,-2.7724719047546387,-0.5700499415397644,-3.434194803237915,-2.6134190559387207,-3.543398857116699,-0.8672073483467102,1.5837339162826538,-2.9512782096862793,-4.280426502227783,-3.987227201461792,-3.7550766468048096,-4.089980125427246,-1.6824636459350586,-4.456068515777588,-5.092589378356934,-2.0398542881011963,-2.1672439575195312,3.4757962226867676
a53bc36fe,-5.079553604125977,-6.767476558685303,-6.805168628692627,3.09237003326416,-4.993183612823486,-4.019402503967285,-8.785745620727539,-4.775815010070801,-6.8665618896484375,-5.8027753829956055,-3.0385754108428955,-7.10732364654541,9.812414169311523,-4.051779270172119,-6.0365190505981445,-5.268337249755859,-8.269104957580566,-9.503275871276855,3.8483049869537354,-10.585423469543457,-10.040803909301758,-5.415103912353516,-5.0779523849487305,-4.990170478820801
a55e413a2,-4.652533054351807,-4.587742328643799,0.7898025512695312,1.0538079738616943,-4.585939407348633,-0.38151633739471436,-4.108068943023682,-1.8516008853912354,-5.2902727127075195,-3.5560619831085205,0.13531649112701416,-3.043590545654297,-3.333115339279175,-3.444599151611328,-1.4650324583053589,-1.892427682876587,-4.477024078369141,-1.8050874471664429,-2.964817762374878,-3.0294792652130127,6.63134241104126,-4.618490219116211,-2.044395685195923,-2.629842758178711
a58b8ccb4,-3.3498005867004395,-4.5024800300598145,-8.205086708068848,2.3272576332092285,0.8346115946769714,-2.7580299377441406,-8.134197235107422,-5.568686485290527,-2.5301270484924316,-5.021902084350586,-2.0153727531433105,-5.369138240814209,8.70853328704834,-0.4413216710090637,-4.66049861907959,-4.895467281341553,-5.7419304847717285,-8.100093841552734,3.5825486183166504,-8.635759353637695,-9.046992301940918,-1.2124911546707153,-2.1216917037963867,-0.9489514231681824
a596610d2,-5.077632904052734,-5.693458080291748,-2.0790090560913086,-2.2943267822265625,-5.397899150848389,-2.1962661743164062,-4.851414680480957,-4.163351058959961,-5.415473937988281,-3.4530627727508545,-2.5143561363220215,0.33359450101852417,-1.1590640544891357,-4.018747329711914,-3.455488920211792,-2.7090446949005127,-5.73004150390625,-4.6223344802856445,-2.687182903289795,-2.665449619293213,-0.5644292235374451,-4.833634853363037,-2.49267840385437,-2.8097596168518066
a59ed6ea4,-2.5556466579437256,-1.3942129611968994,-4.7865495681762695,3.2548556327819824,1.6783331632614136,-3.776400327682495,-4.854122161865234,-4.188114643096924,-3.662548303604126,-3.426085948944092,-4.860725402832031,-6.281980991363525,2.9411697387695312,-1.090768575668335,-3.4117321968078613,-2.924478530883789,-3.608552932739258,-4.6611762046813965,2.13737416267395,-6.696157455444336,-5.66886043548584,-0.8749390840530396,-3.2512502670288086,0.01877787709236145
a5a5a85db,-1.9853127002716064,0.6708301901817322,-4.388857364654541,3.995450019836426,-0.8977454304695129,-3.233492374420166,-6.236364364624023,-4.072862148284912,-3.4858031272888184,4.060948371887207,-3.6006171703338623,-6.781251907348633,6.132118225097656,-0.7612759470939636,-3.2073841094970703,-4.448958396911621,-3.3434290885925293,-5.189896583557129,0.5186067223548889,-6.880235195159912,-8.525798797607422,1.8552182912826538,-1.9760937690734863,-1.806567668914795
a5bb1b9a4,0.7832359075546265,-4.3589043617248535,-5.582864761352539,3.197204113006592,5.571542263031006,-3.493372917175293,-7.139926910400391,-4.555245876312256,6.584661483764648,-2.5675435066223145,-3.155209541320801,-5.364536762237549,6.614165782928467,0.6382637619972229,-4.5709686279296875,-4.858086109161377,-5.602373123168945,-5.933594703674316,2.225628614425659,-7.808134078979492,-3.6604526042938232,-1.2336912155151367,-3.3587183952331543,0.23062431812286377
a5eaa2ad5,-4.107438087463379,-1.5042110681533813,-2.715066909790039,-0.013947956264019012,-0.30573633313179016,-2.092266082763672,-3.3781213760375977,-2.7893126010894775,-3.8457746505737305,-2.641793727874756,-4.14296817779541,-2.0728044509887695,-2.848245143890381,-2.605771541595459,-3.3970043659210205,-3.729386329650879,-3.624798536300659,-4.183734893798828,-3.3880703449249268,-4.811917781829834,-2.201669216156006,-1.4248868227005005,-1.158251404762268,3.2936062812805176
a5efeba98,-5.528570175170898,-3.8790388107299805,0.9513943791389465,-3.3245599269866943,-5.374531269073486,-1.954108715057373,-4.164729118347168,-2.6925816535949707,-7.106022834777832,-3.1632540225982666,-3.3790197372436523,-2.4274840354919434,-4.432056427001953,-2.495351552963257,-3.228628635406494,-2.5694785118103027,-5.444032669067383,-1.8555829524993896,-5.220332145690918,-1.6736600399017334,1.2643311023712158,-5.719404697418213,-2.8866851329803467,-3.42446231842041
a5fb95c1b,-4.5954999923706055,0.5529583692550659,4.729460716247559,2.1268904209136963,-1.152994155883789,-1.2716999053955078,-4.154589653015137,-3.1826772689819336,-5.793461799621582,-0.7852980494499207,-4.390395641326904,-3.914350748062134,-3.8168563842773438,-2.8811986446380615,-3.000061273574829,-4.210432052612305,-4.447568416595459,-1.037561058998108,-4.84131383895874,-2.7529335021972656,0.2724314033985138,-2.3940072059631348,-5.499020099639893,-3.574160099029541
a67bcd9cb,-4.159549713134766,-1.2041404247283936,-4.348404407501221,3.3485021591186523,0.011917144060134888,-1.701829195022583,-2.389565944671631,-2.708545207977295,-4.028557300567627,-2.393795967102051,-4.00748348236084,-0.5881685018539429,4.3936567306518555,-1.7083357572555542,-3.190687894821167,-3.8530590534210205,-3.527261734008789,-4.114581108093262,2.127746105194092,-4.952295303344727,-3.4671287536621094,-1.4127521514892578,-0.3859483003616333,3.322205066680908
a69df057c,-3.184248447418213,0.11288215219974518,-3.8731513023376465,1.9157536029815674,-2.6355104446411133,0.2568884789943695,-2.735147476196289,-0.6105536818504333,-3.856541156768799,-2.7952542304992676,-1.8077257871627808,-1.119538426399231,-1.7931585311889648,-1.14949369430542,2.450416088104248,-0.9849578738212585,-1.2957161664962769,-1.8156132698059082,-3.2620794773101807,1.0141310691833496,0.8500815629959106,-2.879322052001953,7.746675491333008,-0.7927853465080261
a6a1235fb,-5.078064918518066,-1.9175763130187988,-7.815826892852783,2.8505280017852783,4.904027938842773,-4.489632606506348,-7.141482353210449,-3.458115577697754,-2.434053897857666,-5.615609645843506,-4.878665924072266,-7.475313186645508,-1.1815006732940674,-1.756314992904663,8.67737102508545,-5.097004413604736,-5.689714431762695,-3.523247718811035,0.4294222593307495,-7.808154106140137,-5.7860565185546875,1.507822036743164,-5.405174732208252,-0.28908541798591614
a6ae9f153,-2.4085209369659424,-5.3653130531311035,-5.805625915527344,4.105159759521484,-2.0380074977874756,-5.553857803344727,-8.551382064819336,-5.681845188140869,-5.0099077224731445,-4.657138824462891,-3.8615589141845703,-7.657156944274902,9.185407638549805,-1.5502877235412598,-6.943636894226074,-5.382078647613525,-7.693486213684082,-8.910881042480469,3.116887331008911,-11.4044828414917,-10.696616172790527,-4.802534103393555,-6.021228790283203,-3.108738899230957
a6beff8ac,-4.921355247497559,-4.999957084655762,-4.092293739318848,-1.4232306480407715,-2.061260461807251,1.1529064178466797,-4.095889568328857,-5.291707515716553,-4.9171905517578125,-2.3883962631225586,-3.0761666297912598,-0.442481130361557,-3.425614356994629,-4.126528739929199,-4.939920425415039,-4.8799285888671875,-6.377349853515625,-3.7030739784240723,-4.596499443054199,-2.5759353637695312,-2.3621132373809814,-4.4102630615234375,-0.33928924798965454,1.808448314666748
a6c6efdbe,0.302401602268219,0.6540822982788086,-0.5893688797950745,2.8335886001586914,-0.9151118993759155,-2.516164541244507,-2.1842963695526123,-2.7716116905212402,-3.494138240814209,2.393442392349243,-3.583083152770996,-1.6948513984680176,-3.4781956672668457,-2.256052017211914,-1.255328893661499,-2.942683219909668,-3.712108850479126,1.3574711084365845,-1.9743587970733643,-3.009279251098633,7.92282772064209,-2.5091004371643066,-3.9211697578430176,-0.6939169764518738
a6ca1101e,0.7025488615036011,0.6204448342323303,-0.5149334073066711,0.7547916173934937,-1.7856336832046509,-3.0889549255371094,-3.9818859100341797,-4.569622039794922,-1.1391264200210571,-2.868377685546875,-3.7980008125305176,-4.215368270874023,-3.3016357421875,-1.6184771060943604,-3.6669278144836426,0.5290313959121704,-3.961313247680664,-1.5377150774002075,-3.8475024700164795,0.003662586212158203,3.6033191680908203,-2.4521446228027344,-4.214334964752197,-0.7303178906440735
a7400693a,-1.4859174489974976,-4.01247501373291,0.10438017547130585,0.6858032941818237,-5.2404985427856445,-2.427225112915039,-2.8676681518554688,-1.5861127376556396,-5.588565826416016,-1.7134803533554077,3.6205809116363525,-0.25829949975013733,-3.4901490211486816,-4.475393295288086,-2.9485487937927246,-3.819420337677002,-3.267493963241577,1.818367838859558,-2.5967555046081543,-2.2364678382873535,2.230109930038452,-5.582952976226807,-3.796968936920166,-2.5586280822753906
a74dac74e,-9.04881477355957,-8.079777717590332,-1.6441545486450195,-1.8902164697647095,-8.643403053283691,-3.7786552906036377,-1.8328814506530762,4.054342269897461,-7.937395095825195,-2.9301645755767822,-0.34441161155700684,8.655080795288086,-7.720935821533203,-5.230104923248291,-3.625702381134033,-2.596126079559326,-4.402374267578125,-2.599621057510376,-6.968127727508545,-4.860189437866211,-2.6717779636383057,-7.766907691955566,-3.320862054824829,-5.572685241699219
a75df19ab,-4.357338905334473,-1.6180548667907715,-2.542410373687744,3.483328104019165,-1.369959831237793,-2.953904151916504,-5.4884843826293945,-4.236911773681641,-4.702724456787109,-3.24415922164917,-3.7958858013153076,-2.710545301437378,1.9299936294555664,-1.2239105701446533,-3.4815585613250732,-3.156424045562744,-3.5192010402679443,-4.151510715484619,0.23869794607162476,-5.052418231964111,-2.6685190200805664,-1.3463259935379028,-2.9385933876037598,-0.39989787340164185
a77f548bd,-2.2952585220336914,-1.0775327682495117,-0.49078816175460815,0.20353496074676514,-2.7414140701293945,-1.7548913955688477,-2.7644059658050537,-1.634547472000122,-4.891514778137207,-2.5981736183166504,-3.926266670227051,-2.8527252674102783,-3.2726473808288574,-3.0251450538635254,0.7689177989959717,-1.363425374031067,-3.858915090560913,-1.8319737911224365,-1.2605441808700562,-2.6141910552978516,1.8338624238967896,-2.126833438873291,-3.4405205249786377,-0.1881040334701538
a7a7fc534,-4.317673683166504,-3.7913618087768555,-0.5121647119522095,0.22558847069740295,-4.286482810974121,-1.4486746788024902,-0.08110153675079346,-1.0514914989471436,-4.886952877044678,-1.631788730621338,-1.1532201766967773,-0.6719567775726318,-4.408151626586914,-2.258657455444336,-3.6030898094177246,-3.784780263900757,-3.85321044921875,3.362431526184082,-4.041375637054443,-1.3933277130126953,2.9494733810424805,-4.807642936706543,-3.2142601013183594,-2.3535265922546387
a7c31f224,-1.9963150024414062,-1.2193983793258667,-5.291748046875,1.7788469791412354,-1.8403798341751099,-0.36815518140792847,-4.538599967956543,-3.596790075302124,-2.372830629348755,-2.072457790374756,-1.8230199813842773,-4.279033660888672,4.257040977478027,-0.33140984177589417,-4.149945259094238,-2.5028955936431885,-4.783138275146484,-3.726655960083008,-0.5361734628677368,-4.9302568435668945,-5.83017635345459,-2.719541072845459,-0.5064149498939514,2.0201756954193115
a7ebc2eb8,-2.220486879348755,1.4820356369018555,-3.9255123138427734,3.683961868286133,-0.9999191164970398,-0.7227907776832581,-3.5778770446777344,-2.0689074993133545,-2.2414565086364746,-3.4480979442596436,-2.956704616546631,-4.048225402832031,-0.8205299377441406,-0.4285440742969513,1.8405215740203857,-1.462249755859375,-2.2602860927581787,-2.9454832077026367,-1.658063530921936,-4.490614414215088,-0.4786902964115143,-0.9897183179855347,5.151824474334717,-1.1659342050552368
a81760ac4,-2.102648973464966,0.3857205808162689,-4.863582611083984,3.2092645168304443,-4.432446479797363,-4.287759780883789,-6.411740303039551,-2.655531883239746,-4.598662376403809,-2.7179179191589355,-2.827849864959717,-6.634567737579346,2.239041805267334,-1.784055233001709,-4.389679908752441,-2.9078216552734375,-0.6865441203117371,-4.756689548492432,-1.9899239540100098,-6.945496082305908,-7.170864105224609,-3.0302348136901855,-3.9687535762786865,-1.8591991662979126
a84a942e7,-7.08094596862793,-9.096776008605957,-1.0429660081863403,-5.49345588684082,-6.440995216369629,-1.765226125717163,-4.716048717498779,-5.481350898742676,-6.528233528137207,-3.3003311157226562,-2.844165802001953,-0.29759570956230164,-3.6036040782928467,-5.087981224060059,-5.112664699554443,-4.902896404266357,-7.462435245513916,-3.782243490219116,-4.987281799316406,-0.5834980607032776,-1.5929951667785645,-6.55380916595459,-5.5146684646606445,-4.228556156158447
a853f71b6,-1.9541155099868774,-2.2288613319396973,1.7031395435333252,0.5187854766845703,-3.250863790512085,-0.11630553007125854,-4.313065052032471,-0.7294138073921204,-4.356122016906738,-1.3712844848632812,-4.026285648345947,-3.2762770652770996,-0.5317151546478271,-2.1074090003967285,-3.1165637969970703,-2.878110885620117,-2.9198341369628906,-2.567821741104126,-0.5288100242614746,-3.01192045211792,-0.3470258414745331,-3.346693754196167,-3.427814483642578,-0.5028148889541626
a861d2eea,0.702273964881897,-1.5147430896759033,0.1986340582370758,0.6244942545890808,-2.452874183654785,-2.490529775619507,-2.7377305030822754,2.557374954223633,-4.403005123138428,-1.0883452892303467,-2.963754653930664,0.9625604748725891,-2.476377487182617,-2.5470633506774902,-1.7927732467651367,-2.7879791259765625,-2.0236639976501465,-1.9410808086395264,-1.3786660432815552,-2.0430259704589844,3.216552734375,-3.4777650833129883,-2.558961868286133,0.7927178740501404
a875960e4,-3.682285785675049,-3.829115867614746,-6.673151016235352,3.3614988327026367,-4.145237445831299,-3.8520073890686035,-8.366368293762207,-4.928269386291504,-3.432595729827881,-4.146105766296387,-2.302391529083252,-6.814239501953125,10.39706039428711,-2.627321720123291,-4.908404350280762,-4.585920333862305,-6.354755401611328,-9.017841339111328,1.4676066637039185,-10.548684120178223,-9.986408233642578,-4.023324012756348,-4.682210445404053,-2.89455509185791
a8787f94b,-0.2639464735984802,-3.198206901550293,-0.23113353550434113,-3.2773311138153076,-4.596292495727539,-0.17660070955753326,-3.72194504737854,-2.279648780822754,-4.369369029998779,0.7164250016212463,-3.4392170906066895,0.9014537334442139,-4.742953300476074,-3.7049355506896973,-3.7596287727355957,-3.702409029006958,-5.3810133934021,-1.4823349714279175,-3.8687636852264404,-1.8799570798873901,1.5302284955978394,-5.474540710449219,-3.979837656021118,-1.189011812210083
a87e751cc,-3.9841272830963135,2.228450059890747,-4.624267578125,4.428712368011475,5.999269008636475,-3.8937268257141113,-6.800240516662598,-5.931016445159912,-0.5462428331375122,-3.715196371078491,-4.592226982116699,-5.843863010406494,-0.8077720999717712,1.6107088327407837,-1.5865710973739624,-4.57289457321167,-3.8278775215148926,-3.964535713195801,-0.4645465314388275,-4.663116455078125,2.915231227874756,6.360605239868164,-4.215062141418457,-1.1338019371032715
a88c64236,-6.891871452331543,-6.67479944229126,-0.8570969700813293,-3.901075601577759,-6.10347318649292,-0.6587318778038025,-1.996909260749817,0.9315388798713684,-7.678646564483643,-1.7646913528442383,-2.738212823867798,7.1393280029296875,-5.197088241577148,-5.8282599449157715,-3.7338027954101562,-3.9552440643310547,-6.221606254577637,-3.311809778213501,-4.448875427246094,-3.344111442565918,2.1326608657836914,-6.238717079162598,-3.8057751655578613,-3.835904598236084
a8b02b220,-0.5863527059555054,-6.664444446563721,-5.807543754577637,3.124479293823242,-5.303229331970215,-6.01624870300293,-9.327024459838867,-5.726594924926758,-4.782508850097656,-4.189231872558594,-3.8274762630462646,-8.667152404785156,9.638944625854492,-4.194548606872559,-8.231340408325195,-5.887017250061035,-7.780889987945557,-9.129739761352539,3.377897024154663,-11.781261444091797,-10.924803733825684,-7.011382579803467,-5.798889636993408,-3.818923234939575
a8e5c6ed4,0.8147920966148376,1.1018736362457275,-0.4614250361919403,0.7277635931968689,-3.6881144046783447,-3.4345955848693848,-5.631664276123047,-5.323064804077148,-2.1611833572387695,-3.0544631481170654,-3.916471004486084,-4.560656547546387,-3.0731725692749023,-1.5082985162734985,-5.28790283203125,-4.513902187347412,-3.280611038208008,-3.648885726928711,-2.5158731937408447,-2.005166530609131,0.97490394115448,-3.7394349575042725,-3.779036045074463,-1.799151062965393
a8ed8b3ba,-4.17576265335083,-1.4006445407867432,-1.0035229921340942,1.510697603225708,-2.860482692718506,-1.507969617843628,-3.4873201847076416,0.8646901249885559,-4.668332099914551,-2.2329041957855225,-2.842607021331787,-0.6794195771217346,-2.3701534271240234,-2.8186488151550293,-2.6292905807495117,-4.096037864685059,-3.8557114601135254,-3.3641176223754883,-2.2113893032073975,-2.1119258403778076,-0.12242287397384644,-2.866567373275757,-2.5876996517181396,1.7787244319915771
a8f4848e8,-4.491933345794678,-5.4295454025268555,9.123373985290527,1.9136394262313843,-5.673498630523682,-1.7787320613861084,-3.2890920639038086,-2.419276237487793,-9.442181587219238,7.006211280822754,-6.058070182800293,-2.1642210483551025,-7.524839401245117,-4.706424713134766,-6.051498889923096,-5.522841453552246,-7.755720138549805,2.065153121948242,-4.075055122375488,-6.951543807983398,-5.099225997924805,-6.2982378005981445,-6.017134666442871,-7.082075119018555
a8f7306b8,-3.4113290309906006,-4.563211441040039,1.627933144569397,0.41133713722229004,-5.132014751434326,-1.6340398788452148,-3.6285743713378906,0.7597534656524658,-6.561153411865234,-2.108905553817749,-2.287508726119995,0.052814483642578125,-5.122396469116211,-3.12093448638916,-0.3275606334209442,-3.1207809448242188,-4.2162885665893555,-0.6769053339958191,-2.9426016807556152,-3.7885384559631348,1.8525456190109253,-4.967981338500977,-3.0920467376708984,-2.6610727310180664
a8fb199cc,-2.3402457237243652,-5.483221054077148,1.7715175151824951,-2.9427855014801025,-5.2429304122924805,-3.095008611679077,-5.36161470413208,-4.514167785644531,-6.513398170471191,-3.539332389831543,-2.206890106201172,-0.8346076011657715,-5.694422721862793,-4.3034257888793945,-4.304646968841553,-6.462602615356445,-6.424407958984375,-3.356297016143799,-3.639230251312256,-2.7777116298675537,6.777588844299316,-6.254515647888184,-5.937861442565918,-4.669924736022949
a91135d08,-4.141587257385254,-2.557607650756836,-7.594798564910889,2.727834701538086,-0.5857633352279663,-4.794968605041504,-4.96004581451416,-2.232145071029663,-4.258430480957031,-5.478280067443848,-5.400064945220947,-5.4507927894592285,0.03905954957008362,-3.069185495376587,7.86345100402832,-1.3423538208007812,-5.619581699371338,-4.3489556312561035,2.008268117904663,-7.450750350952148,-5.246480941772461,0.24688935279846191,-4.480812072753906,-2.6207022666931152
a929a6311,-3.5364272594451904,-6.842777729034424,-7.981964111328125,2.8909316062927246,-6.718118667602539,-5.285649299621582,-9.479881286621094,-5.723910331726074,-5.978142738342285,-5.4162750244140625,-1.4610345363616943,-7.76272439956665,11.468544006347656,-3.266817569732666,-8.24156665802002,-5.147522449493408,-8.018417358398438,-9.689544677734375,1.0612006187438965,-11.896955490112305,-11.79235553741455,-7.36939001083374,-5.04738187789917,-4.081698417663574
a93af2c1e,-3.087390184402466,-2.9451704025268555,0.15093910694122314,2.2362122535705566,-7.149452209472656,-3.6090316772460938,-3.8337178230285645,2.3281939029693604,-5.670256614685059,-1.7817813158035278,-3.265812397003174,-2.5321996212005615,-1.4970345497131348,-5.0567498207092285,-1.594633936882019,-3.4052083492279053,-0.6725533604621887,-1.1085243225097656,-2.9518840312957764,-3.878282308578491,-1.8584260940551758,-5.392304420471191,-4.151583671569824,-4.1180100440979
a986f9f3a,-3.332350730895996,-6.363440036773682,-7.304696083068848,3.868596315383911,-3.85451078414917,-5.295655250549316,-9.82554817199707,-6.056103706359863,-5.803562641143799,-5.476562023162842,-3.245055675506592,-8.350067138671875,9.844766616821289,-2.913297414779663,-7.86137056350708,-5.96274471282959,-7.789545059204102,-9.943626403808594,2.380894184112549,-11.537700653076172,-11.249170303344727,-5.940060138702393,-5.493633270263672,-3.3306543827056885
a9d03a2c5,-5.804192543029785,-3.5404226779937744,-0.3294641971588135,-2.9609808921813965,-6.394373416900635,-2.838127613067627,-4.255116939544678,-1.4437153339385986,-7.664998531341553,-5.685193061828613,-3.1652908325195312,3.160189151763916,-5.071910858154297,-2.7625584602355957,-4.790342330932617,-5.956315040588379,-6.765509128570557,-5.169127941131592,-4.766290664672852,-3.9646854400634766,8.908315658569336,-6.326468467712402,-4.4553070068359375,-5.400028228759766
a9d25f100,-3.976499080657959,-1.8226783275604248,-3.7885193824768066,3.251497745513916,-1.6304686069488525,2.448817729949951,-4.213122367858887,-2.6981773376464844,-3.492171287536621,-2.3503124713897705,5.64935302734375,0.19323521852493286,0.10896384716033936,-2.3674118518829346,-2.1959190368652344,-2.652740478515625,-3.902343273162842,-2.8010334968566895,-0.12176533788442612,-2.1453583240509033,-1.9041413068771362,-1.492992877960205,-0.4079100489616394,0.6322660446166992
a9e3524b5,-1.9761269092559814,2.9901983737945557,-2.3479983806610107,3.818551778793335,-2.3103368282318115,-4.408501625061035,-6.4895830154418945,-4.16581916809082,-4.815553665161133,-4.007408142089844,-3.377244472503662,-6.252914905548096,0.24281886219978333,0.12043364346027374,-5.612687110900879,-4.491106033325195,-1.9602372646331787,-3.0969018936157227,-1.825473666191101,-3.9567196369171143,5.9127197265625,-1.3817596435546875,-3.0829339027404785,-2.597090721130371
a9eb1ee50,-4.349912166595459,-4.336064338684082,-1.7912580966949463,2.2676305770874023,-6.519211769104004,-3.116253137588501,-6.093106746673584,1.7909877300262451,-7.568517684936523,-5.0401153564453125,-4.424929141998291,-1.142741322517395,-1.274437665939331,-5.03062629699707,2.8237247467041016,-4.420431137084961,-5.044842720031738,-5.196085453033447,-0.547835111618042,-5.7825727462768555,1.3313316106796265,-4.062697887420654,-3.2028143405914307,-4.510107040405273
a9f6378b7,-5.045447826385498,-4.669103622436523,-5.820779800415039,2.121706485748291,-2.849558115005493,-0.8613067865371704,-5.211940288543701,-4.989645481109619,-3.568488121032715,-2.347212076187134,-0.9218724966049194,-1.4500396251678467,5.445579528808594,-1.7199554443359375,-7.215224266052246,-3.907245397567749,-5.759845733642578,-4.3811187744140625,-0.8025602698326111,-2.747343063354492,-5.532683372497559,-3.613975763320923,-0.4643733501434326,-0.20369628071784973
aa2533ff6,2.2493700981140137,-1.8732234239578247,0.19162091612815857,3.6798033714294434,-3.415719985961914,-3.11112117767334,-1.9223377704620361,-4.777559280395508,-4.845358848571777,-3.4126977920532227,-4.368164539337158,-6.108609199523926,5.117539405822754,-1.7244079113006592,-6.198337078094482,-4.483113765716553,-3.8343429565429688,-4.047902584075928,1.2831413745880127,-4.473561763763428,-2.95650053024292,-4.631555557250977,-4.119022369384766,2.7401607036590576
aa5931e4e,-3.6650547981262207,-3.9064812660217285,0.20342762768268585,3.447474241256714,-1.8812017440795898,-3.2525787353515625,-5.234577655792236,-5.047924995422363,-4.371652603149414,-4.380738735198975,-2.3797836303710938,-5.5204243659973145,4.53147029876709,-2.1142632961273193,-6.0985426902771,-4.639550685882568,-6.141465187072754,-2.6688804626464844,-0.8477940559387207,-6.476447105407715,1.7493497133255005,-4.5897722244262695,-4.030477523803711,-2.817483901977539
aa6b68473,-1.4892204999923706,1.7979035377502441,2.0970616340637207,2.814993381500244,-2.380751132965088,-3.203307628631592,-5.336436748504639,-2.7427682876586914,-4.876715660095215,-2.2782626152038574,-2.0399727821350098,-3.2928547859191895,0.9888372421264648,-1.0996826887130737,-2.964355945587158,-4.240994453430176,-0.5390443205833435,-4.0038838386535645,-1.0321950912475586,-3.456998586654663,-3.095050811767578,0.5861003398895264,-3.3644466400146484,-2.8150744438171387
aa8a7c0e2,-3.2779743671417236,-4.5691046714782715,-0.7204450964927673,0.8247453570365906,-5.155630111694336,-1.7493832111358643,-3.5589218139648438,-0.5119126439094543,-6.353179454803467,-2.2508325576782227,-3.6673851013183594,0.20227304100990295,-4.736867904663086,-5.078346252441406,2.8236050605773926,-3.3874258995056152,-5.20179557800293,-2.253222942352295,-2.130164384841919,-3.129972457885742,1.7425320148468018,-3.918898582458496,-4.430070877075195,-3.89264178276062
aaaf2d5ed,-3.558497905731201,-6.472605228424072,1.115041732788086,-1.5635740756988525,-6.371799468994141,-2.4432532787323,-1.6202236413955688,0.25880753993988037,-5.909879684448242,-1.4766972064971924,-3.9264395236968994,-1.5322837829589844,-4.469497203826904,-5.960500717163086,-3.1967692375183105,-0.11887699365615845,-4.329075336456299,-0.5990280508995056,-4.01153039932251,-4.411632537841797,0.38265615701675415,-5.89122200012207,-4.572154998779297,-3.689809799194336
aabb848a0,-2.847832202911377,-4.288203239440918,-1.5694115161895752,3.0221474170684814,-3.8297982215881348,-3.0695395469665527,-1.705368995666504,-1.5997576713562012,-5.709016799926758,-2.4335649013519287,-4.227116107940674,-3.109111785888672,-3.013823986053467,-4.408779621124268,-2.573153018951416,0.5552482604980469,-3.032435417175293,-0.8404424786567688,-2.020599842071533,-3.629272937774658,-2.231786012649536,-4.2956976890563965,-2.729802370071411,-1.793065071105957
aabdd4b90,-4.432575225830078,-3.5953469276428223,0.25986796617507935,2.388108015060425,-5.278342247009277,-2.6702919006347656,0.33331435918807983,-1.2124457359313965,-6.4414143562316895,-1.402899980545044,-3.23050594329834,-2.578399181365967,-2.276866912841797,-4.170675754547119,-2.3504319190979004,1.5693856477737427,-3.422300100326538,-1.0437660217285156,-1.9752767086029053,-1.6761298179626465,10.15461540222168,-3.820134162902832,-2.977254867553711,-2.4808664321899414
aad206921,-5.895515441894531,-5.9042158126831055,-0.7630695104598999,-1.228781819343567,-7.117166996002197,-2.6522300243377686,1.6629230976104736,-2.215825319290161,-6.743844509124756,-1.563032865524292,-4.143342971801758,-1.5388513803482056,-6.363490104675293,-6.242937088012695,-3.7321112155914307,2.233635663986206,1.548493504524231,-0.26687076687812805,-6.2929582595825195,-0.24690383672714233,-1.3706333637237549,-6.506356716156006,-3.2404651641845703,-4.041747093200684
aaebf3921,-1.6248135566711426,-1.6548391580581665,-1.2165874242782593,2.8224692344665527,-3.5419671535491943,-2.0431859493255615,-2.7195913791656494,-1.4701393842697144,-4.611652851104736,-1.3656272888183594,-2.9885668754577637,-2.774895668029785,0.4436801075935364,-1.8635789155960083,-3.243411064147949,1.5235670804977417,-4.114349365234375,-1.226115107536316,-0.2602216899394989,-4.105165481567383,4.870428085327148,-3.5383212566375732,-3.5435304641723633,-2.5107741355895996
aaf62ba55,-4.220325469970703,-6.919005393981934,0.1148810163140297,1.2667913436889648,-6.3349809646606445,-2.9367871284484863,-1.9025834798812866,-4.589024543762207,-8.235753059387207,-1.7623732089996338,-4.686891078948975,-4.184048175811768,-0.9147129058837891,-6.179505348205566,-3.160586357116699,-4.284343719482422,-6.501943111419678,-3.1851630210876465,-1.4244740009307861,-5.160973072052002,-3.5157053470611572,-6.04954195022583,-6.440157413482666,-4.8676676750183105
ab1f1dcc5,3.478377342224121,4.625370502471924,-1.117099404335022,1.662700891494751,-2.352494716644287,-2.867058277130127,-3.702849864959717,-3.323694944381714,-4.469141006469727,-2.866913080215454,-3.3149452209472656,-5.160744667053223,-4.788596153259277,0.06305010616779327,-4.711752891540527,-3.52644681930542,-1.1970356702804565,-2.537050485610962,-4.503378868103027,-2.727692127227783,7.342621326446533,-2.98635196685791,-3.996302604675293,-0.33487534523010254
ab36fa26f,7.507049560546875,-3.681257724761963,-4.685420036315918,1.417609453201294,-1.6091216802597046,-6.009117603302002,-7.775650978088379,-6.371006965637207,5.76639461517334,-3.4400415420532227,-5.245588302612305,-8.280776977539062,2.921757698059082,-2.9244439601898193,-3.115046977996826,-4.994256019592285,-5.7601752281188965,-6.406237602233887,3.743863105773926,-7.9783525466918945,-3.7908835411071777,-4.860297203063965,-5.758224010467529,-0.6826175451278687
ab38f70f1,-3.450174331665039,-2.6875243186950684,1.1219704151153564,1.000196099281311,-3.868706703186035,-3.0245306491851807,-2.9922993183135986,-1.8412539958953857,-6.652935981750488,1.2548805475234985,-3.6206583976745605,-2.4486541748046875,-4.723140716552734,-4.435894012451172,0.48542511463165283,-3.8402926921844482,-3.9998812675476074,2.165379285812378,-3.5777204036712646,-4.352189064025879,-2.429443359375,-4.614607810974121,-4.9090189933776855,-3.378829002380371
ab9aab476,-1.4883205890655518,-3.3899240493774414,-0.0041694194078445435,1.3119385242462158,-4.639547348022461,-1.7439875602722168,-1.3668904304504395,0.680387556552887,-4.841719627380371,0.5038426518440247,-4.493412971496582,-1.5731885433197021,-3.9966225624084473,-3.749894380569458,-0.6303550601005554,-0.4211641550064087,-3.630915641784668,0.48085489869117737,-1.3118572235107422,-3.272610902786255,6.103452682495117,-4.055290222167969,-3.5185184478759766,-3.4945201873779297
aba967d65,-5.809042453765869,-5.2588887214660645,9.196695327758789,2.0173165798187256,-5.750331878662109,-2.4513914585113525,-3.089893341064453,-2.549506187438965,-10.102945327758789,-0.788384199142456,-3.869290828704834,-4.624619960784912,-6.086386680603027,-4.5199689865112305,-7.493289947509766,-4.755354881286621,-7.0792341232299805,-2.244265079498291,-4.0036396980285645,-5.560173988342285,-2.45542573928833,-5.859409332275391,-6.761453628540039,-8.185771942138672
ac31b69d3,1.0780949592590332,0.9136053919792175,0.6410719156265259,-0.3039107024669647,-3.8289132118225098,-3.5172250270843506,-4.878604888916016,-5.911820888519287,-2.8111493587493896,-2.7883400917053223,-3.342373847961426,-3.1740095615386963,-2.270151376724243,-1.077927589416504,-5.831681728363037,-4.824706554412842,-3.5958549976348877,-2.1186861991882324,-2.7785935401916504,-0.906413197517395,1.0575289726257324,-4.069084644317627,-4.347478866577148,-1.9286439418792725
ac88747c6,-6.968472480773926,-6.926122188568115,1.4823890924453735,-2.3071160316467285,-8.692649841308594,-2.004451036453247,-3.030918598175049,1.188202142715454,-8.563641548156738,-0.27671295404434204,-2.808487892150879,0.7067372798919678,-6.289949417114258,-5.660248756408691,-2.7173938751220703,-4.411669731140137,-5.308626651763916,-2.5706052780151367,-5.653656005859375,-3.2969722747802734,5.239991188049316,-8.513542175292969,-4.678728103637695,-6.131137847900391
acb375d99,-4.766078948974609,-7.372281551361084,-6.831860542297363,2.8567256927490234,-5.303503036499023,-5.177664756774902,-9.334978103637695,-5.188070297241211,-5.9039201736450195,-4.933034420013428,-2.9962058067321777,-6.632946014404297,10.475854873657227,-3.668811798095703,-7.916872978210449,-5.966930389404297,-8.689483642578125,-8.896385192871094,2.6447088718414307,-11.90054702758789,-10.903660774230957,-6.467191696166992,-5.469032287597656,-5.003854751586914
acdde2d25,-4.622944355010986,-6.969513416290283,1.1210124492645264,0.7271828055381775,-7.403287887573242,-2.217940330505371,-4.030683517456055,-2.145559787750244,-7.446136474609375,-3.923797130584717,-3.5451107025146484,-4.043853282928467,-2.0946860313415527,-5.91087007522583,-3.5889739990234375,-4.851546287536621,-7.064428329467773,-4.089770317077637,-1.862927794456482,-4.6921586990356445,4.166650772094727,-7.115488529205322,-5.701570510864258,-5.950874328613281
acdeb08ff,-6.692045211791992,-5.694193363189697,-0.7754085659980774,-1.297998070716858,-6.108622074127197,-1.299124002456665,-1.9713562726974487,1.3369752168655396,-8.1416015625,-3.843710422515869,-3.1755542755126953,3.648078680038452,-6.496506690979004,-4.350072860717773,1.1861121654510498,-2.7161624431610107,-5.281339645385742,-2.01430606842041,-4.618934631347656,-4.3223161697387695,4.218537330627441,-5.896409034729004,-3.363837242126465,-4.7476348876953125
ace73dc1b,-3.906336784362793,-6.131882667541504,1.1892335414886475,-1.2509938478469849,-9.324708938598633,-4.927303314208984,-4.3183135986328125,5.396457672119141,-7.636983871459961,-2.7952115535736084,-3.8563456535339355,-2.1078648567199707,-3.9938430786132812,-6.131248474121094,-1.8926242589950562,-4.449636459350586,11.957871437072754,-1.4202079772949219,-4.271031856536865,-2.336090087890625,-2.034695863723755,-7.268499374389648,-4.327145576477051,-6.519871711730957
ace85cf83,-3.790443181991577,-2.639031410217285,1.4032323360443115,1.2606616020202637,-5.960824012756348,-4.154581546783447,-5.29880952835083,3.1017680168151855,-6.40979528427124,-3.191171169281006,-3.6107702255249023,-2.881913185119629,-2.6200881004333496,-4.482793807983398,-1.929999589920044,-3.8976147174835205,-2.4865164756774902,-3.6225459575653076,-2.9216079711914062,-1.9490387439727783,6.6777262687683105,-3.6280927658081055,-2.716201066970825,-2.1579201221466064
acef68037,-3.490872621536255,5.24339485168457,-5.582059860229492,3.8969361782073975,-3.3842153549194336,-3.5975732803344727,-6.674640655517578,-2.550302505493164,-5.471269607543945,-3.28554105758667,-3.3775036334991455,-6.157926082611084,0.5750428438186646,-0.3245411217212677,-3.8652307987213135,-3.5306992530822754,12.405101776123047,-4.438477516174316,-2.632660388946533,-6.545310020446777,-6.725064277648926,-0.8868670463562012,-2.261765480041504,-2.1374926567077637
ad68b757f,-4.785128116607666,-0.1509857177734375,-2.7529096603393555,0.9232345819473267,-4.902008056640625,-3.0865535736083984,-3.2896811962127686,-0.003915056586265564,-6.8792572021484375,-4.181466102600098,-4.545699119567871,-5.468792915344238,-2.1766724586486816,-2.8046910762786865,3.650467872619629,-0.9311416149139404,-2.771921157836914,-2.316699266433716,-1.4187276363372803,-4.476290702819824,-1.1688439846038818,-2.517364740371704,-4.0311174392700195,-3.3823494911193848
ad755f4eb,-7.755812644958496,-9.55420970916748,-1.0100831985473633,-3.2897751331329346,-7.1327080726623535,-2.6838858127593994,-3.4871792793273926,-5.654995441436768,-8.480374336242676,-3.857058525085449,-4.220941543579102,-3.031341552734375,-5.291228771209717,-7.540211200714111,-4.46340274810791,-4.714881896972656,-7.157528877258301,-4.077654838562012,-5.511219024658203,-3.463853120803833,-2.5944433212280273,-7.597323417663574,-5.3353376388549805,-4.875805854797363
adbcf0878,-3.641237735748291,-5.439233303070068,-6.980935096740723,3.0262036323547363,-3.008967399597168,-4.571656227111816,-8.405763626098633,-5.418750762939453,-4.576535224914551,-3.693699836730957,-3.2161107063293457,-7.875033378601074,8.371650695800781,-3.121518135070801,-6.562911033630371,-4.816962242126465,-6.959791660308838,-8.321342468261719,0.04532317817211151,-10.463544845581055,-10.316755294799805,-5.253576278686523,-3.876235008239746,-3.0500974655151367
ae2892c02,-3.199300527572632,-6.895974159240723,-8.286809921264648,2.830245018005371,-3.012031316757202,-3.372694969177246,-8.579614639282227,-5.979291915893555,-3.5089597702026367,-5.10992956161499,-2.871077060699463,-6.257357597351074,10.90458869934082,-2.726972818374634,-6.827437400817871,-5.560313701629639,-7.383178234100342,-9.12165641784668,1.7805471420288086,-10.657363891601562,-9.935995101928711,-4.586099147796631,-3.1260182857513428,-1.664957880973816
ae3edc12c,9.128653526306152,-4.038349151611328,-2.8333182334899902,1.3816770315170288,-5.561266899108887,-7.831369400024414,-9.688116073608398,-7.967754364013672,-3.483584403991699,-2.8086588382720947,-4.6396484375,-10.75503158569336,2.4590141773223877,-3.2038254737854004,-11.329424858093262,-6.274074077606201,-6.0390849113464355,-7.365359306335449,-0.34533149003982544,-8.307838439941406,-7.560548782348633,-8.708793640136719,-7.472937107086182,-2.509333372116089
ae697ac31,-6.17120361328125,-4.659358978271484,-1.905531644821167,1.960627794265747,-4.234521865844727,-1.9593496322631836,-5.144890785217285,-4.8581647872924805,-6.173944473266602,-3.64803147315979,-3.5449512004852295,0.6807451248168945,-1.2193567752838135,-4.146759986877441,-2.181201457977295,-3.0129637718200684,-5.338445663452148,-5.041099548339844,-0.5984175801277161,-2.8046860694885254,0.7272720336914062,-3.04621958732605,-4.3845367431640625,-2.8476362228393555
ae7837315,-6.828027725219727,-8.029531478881836,-0.6455755829811096,2.0056886672973633,-8.575711250305176,-2.7877604961395264,-2.8572332859039307,-3.5736773014068604,-10.598947525024414,-4.772884368896484,-5.922101974487305,-4.529814720153809,-3.2423973083496094,-7.809858322143555,0.053380221128463745,-4.326109409332275,-7.051437854766846,-4.442676544189453,-0.4871273338794708,-6.086976051330566,-1.0084140300750732,-6.417725086212158,-7.611550331115723,-6.690222263336182
ae974f741,-3.8529796600341797,-3.1810479164123535,-2.844231605529785,2.3776612281799316,-3.349691867828369,-0.7965178489685059,-3.506350517272949,-2.3082773685455322,-5.552797317504883,-2.642104148864746,8.914680480957031,1.468150019645691,-0.18018123507499695,-2.1869499683380127,-2.8539986610412598,-2.308330774307251,-4.1798810958862305,-1.2461857795715332,-0.38415199518203735,-4.051638126373291,0.14453405141830444,-3.070666551589966,-1.867029070854187,0.23283708095550537
aedba33f1,-4.1882710456848145,-2.4350552558898926,-1.8697175979614258,1.329232096672058,-2.2764101028442383,-0.9172165393829346,-3.6378002166748047,-4.012820243835449,-3.9429101943969727,-2.279236078262329,-3.453822612762451,-1.384016752243042,-1.1967151165008545,-2.7419004440307617,-2.4651057720184326,-2.243715763092041,-3.8202261924743652,-3.7953972816467285,-0.43264904618263245,-1.319687843322754,1.0059353113174438,-1.8363394737243652,-2.1161227226257324,0.3917447328567505
aedd34af0,-1.6563794612884521,-6.319155693054199,-8.035480499267578,3.2471117973327637,4.148816108703613,-5.639315605163574,-9.623075485229492,-6.815731048583984,-3.76278018951416,-5.073934555053711,-4.978525161743164,-8.721715927124023,8.657313346862793,-1.9670381546020508,-6.132327079772949,-6.37701940536499,-7.841733932495117,-8.769597053527832,3.885246753692627,-12.46320629119873,-10.936300277709961,-4.281580924987793,-6.003522872924805,-1.3825066089630127
aefa33092,-7.372380256652832,-7.164593696594238,-0.8535063862800598,1.5818408727645874,-7.858207702636719,-2.4022374153137207,-4.645155906677246,-3.950331211090088,-8.87751293182373,-3.45290207862854,-4.509950160980225,-1.170042634010315,-2.761594772338867,-7.159398555755615,-3.6377246379852295,-5.291752815246582,-6.2856645584106445,-3.919196605682373,-1.8524059057235718,-3.8165669441223145,-1.3379319906234741,-6.618566513061523,-5.179869651794434,-5.587175369262695
af0c58dbf,-2.7775306701660156,-1.0819485187530518,-5.667109489440918,3.0688576698303223,3.853851795196533,-3.7014267444610596,-4.494238376617432,-1.6220942735671997,-2.149074077606201,-3.661606788635254,-4.6597795486450195,-4.047133922576904,0.1019086241722107,-0.806908130645752,6.039219379425049,0.8053542375564575,-5.000662326812744,-2.360124349594116,1.0441173315048218,-6.134827613830566,-4.470917224884033,0.03727500140666962,-4.003593444824219,-0.40861111879348755
af521b2c2,-1.609757900238037,-0.6936532855033875,0.016437292098999023,0.12955373525619507,-1.3989017009735107,-1.5730832815170288,-3.5818285942077637,-3.6352593898773193,-3.3308706283569336,-1.1491775512695312,-1.9285590648651123,0.4560126066207886,-3.2879459857940674,-1.7939876317977905,-4.42465877532959,-4.682960033416748,-4.492636203765869,0.6073490381240845,-3.4438366889953613,-1.3865352869033813,9.653984069824219,-2.7757487297058105,-3.2545783519744873,2.2310757637023926
af7dfd18f,-6.292914867401123,-4.34956693649292,-3.3489694595336914,-2.06868052482605,-5.31422758102417,-3.476715564727783,-7.161915302276611,-4.564485549926758,-6.353952407836914,-3.6942248344421387,-3.6005406379699707,-2.0293331146240234,-1.857722520828247,-3.4705185890197754,-3.181631565093994,-4.29130744934082,-4.405165672302246,-5.852605819702148,-2.1972763538360596,-5.747743606567383,-3.012510061264038,-3.9142816066741943,-4.445362091064453,-3.403433322906494
af87e56d5,-2.4481348991394043,-1.41190505027771,-6.318602561950684,3.5206496715545654,2.084099292755127,-4.209991455078125,-6.757058143615723,-4.794406414031982,-3.0461783409118652,-3.9889702796936035,-4.781538009643555,-7.044764041900635,4.572824954986572,-0.492061585187912,-2.12941312789917,-3.0024523735046387,-3.443315029144287,-6.200250625610352,1.6947121620178223,-8.462789535522461,-7.424365043640137,-0.3492991626262665,-3.7872743606567383,-0.9714213609695435
af9583f67,-4.175084114074707,-4.286624908447266,-0.9242405295372009,-0.5932669639587402,-4.891903877258301,-2.123577833175659,-1.4462306499481201,0.7619270086288452,-4.130704879760742,-3.0184693336486816,-2.0333070755004883,-0.06380876898765564,-3.804353713989258,-3.705066204071045,-0.7348954081535339,-0.7979750633239746,-3.05356502532959,-0.5977156758308411,-2.9408421516418457,-2.712325096130371,8.990331649780273,-4.650873184204102,-3.651465892791748,-2.7870726585388184
afb46cb65,-3.0722334384918213,-7.243865013122559,-6.736679553985596,2.582611083984375,-1.8046780824661255,-3.5716300010681152,-7.799464225769043,-5.9296464920043945,-2.501668930053711,-5.574209690093994,-1.1227598190307617,-5.547138214111328,9.391785621643066,-2.2584757804870605,-7.798093318939209,-5.619220733642578,-6.874593257904053,-7.099628448486328,0.03640395402908325,-9.076263427734375,-5.735927581787109,-5.150930404663086,-2.927018642425537,-0.6568024158477783
afc9a2f7c,2.7198843955993652,0.258823424577713,2.4089467525482178,2.814458131790161,-5.474804878234863,-4.768697261810303,-6.472119331359863,-3.748361349105835,-5.423299312591553,-4.3520708084106445,-3.285172462463379,-8.050670623779297,-1.711205005645752,-1.2717227935791016,-5.230781078338623,-5.574851989746094,-3.3818676471710205,-5.342095851898193,-1.3675304651260376,-6.434525012969971,-6.246372222900391,-5.282131195068359,-6.141751289367676,-4.645683288574219
afe753506,-1.1915500164031982,0.3180077075958252,-0.4936720132827759,2.164449691772461,-1.9522119760513306,-1.8331233263015747,-4.687681198120117,-4.0167646408081055,-3.4835121631622314,-4.164107322692871,-3.501575469970703,-4.5094733238220215,-2.7444348335266113,-1.8605327606201172,1.3124706745147705,-3.712629795074463,-4.401190280914307,-4.003170013427734,-0.24935074150562286,-2.210620880126953,6.410202980041504,-2.7337639331817627,-4.008004665374756,-0.3570159673690796
aff1afa50,-2.45375919342041,-5.774192810058594,0.1251678466796875,-3.2211811542510986,-3.980433940887451,-1.983269214630127,-3.472963333129883,-0.2587186396121979,-5.133146286010742,-0.3158347010612488,-2.5414581298828125,0.5836476683616638,-3.7855029106140137,-4.852174282073975,-4.707155227661133,-4.2268171310424805,-4.968328475952148,-0.36753028631210327,-4.811951637268066,-1.050405740737915,0.7571559548377991,-5.9412946701049805,-2.643953323364258,-2.079810380935669
b013e35f8,-3.140049934387207,-0.07109197974205017,0.6527677178382874,3.5012423992156982,-3.334074020385742,-2.5876870155334473,-3.014435291290283,-3.4400839805603027,-4.741496562957764,2.856915235519409,-2.701159954071045,-1.0886669158935547,-1.024989366531372,-2.4113783836364746,-4.110293388366699,-4.25350284576416,-4.632857799530029,3.91880464553833,-2.680422782897949,-2.207472085952759,1.2013335227966309,-2.380523681640625,-4.848468780517578,-3.105943202972412
b04d8ec95,-2.4273810386657715,7.050016403198242,-6.708635330200195,2.6180853843688965,-3.368114948272705,-6.350525856018066,-3.4650371074676514,-5.328564643859863,-4.252566337585449,-3.9473464488983154,-3.9037015438079834,-7.248112201690674,-1.6518906354904175,-0.20111456513404846,-3.9853644371032715,-5.606734752655029,18.533737182617188,0.3244597613811493,-5.004245281219482,-4.690077781677246,-7.237832069396973,0.4555508494377136,-4.8100175857543945,-2.924346446990967
b06dd02e8,-4.044604301452637,-5.110347747802734,-1.3937784433364868,1.6247329711914062,-5.807995796203613,-2.4939332008361816,-4.302645683288574,-3.821488618850708,-5.795900344848633,-2.5828499794006348,-2.8519937992095947,-1.9333962202072144,4.518809795379639,-5.635222434997559,-3.161839485168457,-4.658297538757324,-6.712050914764404,-3.235851287841797,-0.7466055750846863,-0.9717531204223633,-1.8521138429641724,-5.7470197677612305,-5.613426208496094,-3.673031806945801
b07506d7c,-1.4045908451080322,-6.451893329620361,-4.416477680206299,2.8495216369628906,-7.139316558837891,-4.922486305236816,-7.512198448181152,-4.265807628631592,-5.132754325866699,-3.8195619583129883,-3.0263123512268066,-7.241850852966309,9.235623359680176,-4.804165840148926,-6.2517170906066895,-3.8193702697753906,-7.055535316467285,-7.278218746185303,0.6110138893127441,-8.875677108764648,-8.860109329223633,-6.67995023727417,-5.046497344970703,-4.387096881866455
b083bb8cc,-7.097017765045166,-5.47321891784668,-3.5162737369537354,-0.14914512634277344,-7.863409996032715,-4.161896705627441,-0.9528737664222717,3.9204227924346924,-7.929211616516113,-2.9296388626098633,0.3419939875602722,6.786598205566406,-3.964369297027588,-4.087615013122559,-4.028616905212402,-2.7770774364471436,-3.4311769008636475,-2.905369281768799,-5.1909966468811035,-5.217779159545898,-2.5633957386016846,-5.984585285186768,-3.0701382160186768,-4.290297985076904
b0876bc24,-3.1704156398773193,2.930108070373535,-4.0352067947387695,3.0902819633483887,-1.206998348236084,-4.202085018157959,-5.953245162963867,-2.9988107681274414,-3.83050799369812,-2.214296817779541,-3.34696626663208,-4.295104503631592,2.0195984840393066,-0.9997395277023315,-3.135810375213623,-3.991105318069458,-2.490025520324707,-5.285845756530762,-0.8532204627990723,-6.203475475311279,-6.129522323608398,0.813201904296875,-2.7378523349761963,-2.175781011581421
b0abbf07e,-6.539953708648682,-6.425290107727051,-1.3057985305786133,-1.38270103931427,-6.6929030418396,-2.8983917236328125,-4.189671039581299,-0.9452050924301147,-6.212510585784912,-4.001117706298828,10.405094146728516,0.37320902943611145,-5.826356410980225,-3.873384475708008,9.513704299926758,-4.5171403884887695,-5.053503513336182,0.36009109020233154,-3.513204336166382,-5.475146293640137,0.865545392036438,-6.0881500244140625,-6.163938522338867,-5.71168851852417
b10f40f4d,-6.979980945587158,-6.767757415771484,-0.5030374526977539,-0.2470017522573471,-7.240516662597656,-2.901090145111084,-2.5870554447174072,0.5930226445198059,-7.523989200592041,-3.9231998920440674,-0.7357872724533081,1.780597448348999,-4.606250286102295,-5.497489929199219,0.924867570400238,-2.611358165740967,-3.959303140640259,-2.036604404449463,-3.967150926589966,-5.1281657218933105,3.270989179611206,-6.4516801834106445,-4.159518718719482,-4.802572727203369
b11240943,-2.8090944290161133,0.5308405756950378,-4.157659530639648,3.089346408843994,-0.9008129835128784,-3.751063346862793,-2.833609104156494,-1.7981681823730469,-3.0572781562805176,-1.9289913177490234,-4.260239601135254,-3.937861442565918,4.753854751586914,-0.2319505512714386,-3.549853563308716,0.07217785716056824,-3.3250436782836914,-2.5015861988067627,0.03121510148048401,-5.27686071395874,-5.477290153503418,-0.1647322177886963,-2.2902276515960693,1.1336580514907837
b139bf559,-1.1972784996032715,-2.073180675506592,-2.697202444076538,3.6996426582336426,4.076087951660156,-3.7519381046295166,-4.939814567565918,-4.502730369567871,-3.7175087928771973,4.15471887588501,-4.049504280090332,-3.571369171142578,5.135611057281494,-0.37650832533836365,-4.211676597595215,-3.912475347518921,-4.334280967712402,-1.652637004852295,1.200800895690918,-6.332941055297852,-6.255578994750977,-1.5207798480987549,-3.3123185634613037,-0.5199823379516602
b18a6c30b,-4.48445463180542,-4.8112945556640625,0.44597378373146057,1.5660221576690674,-0.6542831659317017,-2.3179428577423096,-2.7927913665771484,-2.061919689178467,-5.658211708068848,1.8389259576797485,-2.9405555725097656,0.6631389856338501,-3.074888229370117,-3.0785295963287354,-3.82033371925354,-1.2244611978530884,-5.495173454284668,3.5164263248443604,-1.6743309497833252,-4.456940174102783,-2.3783130645751953,-5.04489803314209,-4.222797393798828,-2.0333800315856934
b1d031907,-5.791843891143799,-5.125662803649902,1.2991197109222412,-0.6911298036575317,-7.028037071228027,-2.5431504249572754,-3.329857110977173,5.909531593322754,-7.591073989868164,-3.0750317573547363,-3.109973907470703,5.390923023223877,-5.34703254699707,-5.222773551940918,0.010628007352352142,-4.9589996337890625,-3.2638778686523438,-4.324775695800781,-3.402191400527954,-3.0663883686065674,3.1694741249084473,-5.877884864807129,-3.4538512229919434,-5.463202953338623
b1d940254,-1.9717154502868652,-4.963896751403809,-7.240128517150879,2.6225481033325195,-3.1835684776306152,-4.80764102935791,-8.859553337097168,-6.274903774261475,-3.6583659648895264,-4.874295711517334,-4.180164813995361,-7.927486419677734,8.963851928710938,-2.580592632293701,-6.826729774475098,-5.408851623535156,-7.026116371154785,-10.158316612243652,2.277488946914673,-10.716453552246094,-10.616825103759766,-4.092086315155029,-4.086947917938232,-2.2041351795196533
b1e933e68,-3.014615774154663,-6.181463718414307,-9.369575500488281,2.802898406982422,-1.5923813581466675,-4.96968936920166,-9.316388130187988,-5.896345138549805,-4.526518821716309,-5.479848861694336,-4.065960884094238,-7.051089763641357,10.76158618927002,-2.5889956951141357,-6.494048595428467,-5.409156799316406,-7.3874406814575195,-10.268335342407227,3.8447961807250977,-11.739662170410156,-11.037565231323242,-3.7609705924987793,-4.21714973449707,-1.8295948505401611
b1ead0f53,9.283788681030273,-0.41639745235443115,-4.284465312957764,2.3806443214416504,-4.953680992126465,-9.220605850219727,-10.33574104309082,-6.394390106201172,-2.9233040809631348,-3.125636100769043,-6.31829833984375,-11.16914176940918,0.703223466873169,-2.0870938301086426,-8.042621612548828,-6.0713582038879395,-4.355717658996582,-7.593699932098389,0.6108046174049377,-7.967584133148193,-7.091554641723633,-5.554759979248047,-6.836950302124023,-2.760953903198242
b2183868d,-3.114170551300049,-4.184404373168945,0.6045811176300049,1.2168238162994385,-6.0614728927612305,-1.8437180519104004,-4.044091701507568,5.226668357849121,-6.4434003829956055,1.421169638633728,-4.245128631591797,-0.9115517735481262,-2.6001744270324707,-4.659510612487793,-0.7077789306640625,-3.1065664291381836,-2.115438461303711,-1.722656011581421,-2.2755794525146484,-2.3013229370117188,10.407838821411133,-5.333806037902832,-3.940678119659424,-4.177468299865723
b22e6018a,-4.570261478424072,-1.6145789623260498,-4.740808486938477,3.503145217895508,-1.7385848760604858,-2.1072804927825928,-5.840134620666504,-1.4803111553192139,-4.461137771606445,-3.5554306507110596,-3.6929073333740234,-3.3273606300354004,2.4410653114318848,-1.7260181903839111,-2.695664882659912,-1.8154218196868896,-3.9217710494995117,-5.5783185958862305,1.1933428049087524,-4.080910682678223,-4.600917816162109,-1.7916368246078491,-2.165152072906494,0.03951410576701164
b2481c53c,-3.3674063682556152,1.538252353668213,-3.0042362213134766,3.8520212173461914,-1.268822431564331,-0.6316280961036682,-5.476846218109131,-3.199805498123169,-3.460810422897339,-2.0983057022094727,-3.5995516777038574,-5.858027458190918,0.3059949576854706,0.49657517671585083,-4.404480934143066,-4.03928279876709,-1.2031409740447998,-4.291842460632324,-3.6443114280700684,-4.861014366149902,-4.898407459259033,-0.1909073293209076,-1.8480839729309082,-1.3272945880889893
b272feced,7.017285346984863,1.5100469589233398,1.7309415340423584,0.8012116551399231,-5.48049783706665,-4.656092643737793,-5.101097583770752,-4.6124773025512695,-4.0917744636535645,-1.998534917831421,-5.048500061035156,-7.765811920166016,-4.397089004516602,-1.5423400402069092,-6.330928802490234,-5.034956932067871,-3.6638307571411133,-2.5522775650024414,-3.158806324005127,-4.1538801193237305,-2.849933624267578,-5.671486854553223,-5.987539291381836,-3.4502429962158203
b2d428063,-3.6130902767181396,-3.7415964603424072,-0.028715401887893677,1.4725990295410156,-3.1390697956085205,-3.3548014163970947,-2.205341339111328,3.1728649139404297,-6.295285224914551,-2.4762072563171387,-2.718006134033203,3.3293354511260986,-1.6202231645584106,-4.150406360626221,-3.1670565605163574,-3.2541632652282715,-2.8681106567382812,-3.855512857437134,-2.6253347396850586,-4.5492706298828125,7.162392616271973,-4.373652458190918,-2.8379852771759033,2.209944725036621
b3713c061,-5.232772350311279,-4.244510650634766,-3.6874027252197266,-0.47309744358062744,3.0305190086364746,-0.26463812589645386,-4.039176940917969,-4.332743167877197,-3.986636161804199,-2.2750463485717773,-2.5944769382476807,-1.2522823810577393,-1.148805022239685,-2.988308906555176,-3.910977363586426,-4.295836925506592,-4.975342273712158,-3.5198044776916504,-3.7461347579956055,-0.20404240489006042,-3.114408254623413,-3.042475461959839,-0.2532632350921631,0.8639969825744629
b39690fb8,-2.744204044342041,-8.167363166809082,1.83388090133667,-4.057322978973389,-7.391362190246582,-1.8985790014266968,-3.8644256591796875,-3.9191207885742188,-7.871982574462891,-0.9266480207443237,-3.2978949546813965,-2.185326099395752,-6.829699516296387,-7.127673625946045,-5.068082809448242,-4.569046974182129,-6.886895179748535,-1.3207685947418213,-5.610361099243164,-2.7557339668273926,3.3238048553466797,-8.223267555236816,-6.237171649932861,-3.6090731620788574
b3a1ec6d3,-2.1181066036224365,-2.163132667541504,-4.84614896774292,3.222423791885376,5.153689384460449,-1.942105770111084,-5.204123497009277,-2.8480870723724365,-1.5695703029632568,-2.782900333404541,-2.683347463607788,-4.934847831726074,7.089998245239258,1.5053603649139404,-3.1565358638763428,-2.9625086784362793,-3.096529960632324,-4.417815208435059,1.4336698055267334,-6.6798787117004395,-5.354654312133789,0.13168658316135406,3.8574752807617188,2.0146381855010986
b3e5aaae2,-2.298086166381836,2.058098077774048,0.01623934507369995,3.1213176250457764,-1.9983433485031128,-2.6133460998535156,-4.856857776641846,-2.082845687866211,-5.597987174987793,-0.5051888227462769,-3.891263723373413,-1.5064690113067627,3.298948287963867,-1.2908124923706055,-4.133675575256348,-3.1080241203308105,-2.0451409816741943,-1.9895312786102295,-0.8391772508621216,-3.8524670600891113,-2.716618061065674,-2.462397813796997,-3.3787877559661865,-2.0821919441223145
b3ef0a463,-3.038242816925049,-6.475033283233643,3.6815412044525146,-2.1605472564697266,-6.811698913574219,-2.5889804363250732,-3.7236883640289307,-4.888333320617676,-4.600286960601807,-2.397134780883789,-2.0764307975769043,-0.8634888529777527,-3.738861560821533,-4.058391571044922,-8.02029800415039,-4.9199018478393555,-6.027550220489502,-1.4042012691497803,-5.713947296142578,-0.6830255389213562,-0.5702158212661743,-6.514475345611572,-5.851010322570801,-5.052213668823242
b45339702,-7.360827922821045,-6.581750392913818,-2.0339574813842773,-3.203749418258667,-7.046514511108398,-2.948606014251709,-2.5370934009552,4.553691864013672,-7.651237487792969,-2.0011422634124756,-1.0873011350631714,8.605704307556152,-4.902328968048096,-5.074946880340576,-5.713794231414795,-3.83298397064209,-4.320643424987793,-1.7655856609344482,-5.878536224365234,-3.260394334793091,-1.296016812324524,-6.45804500579834,-3.0465548038482666,-3.876798152923584
b473472e0,-7.226000785827637,-6.510991096496582,-2.264756679534912,0.696495532989502,-6.141578674316406,-1.6752128601074219,-5.562429904937744,-2.4897656440734863,-7.807587623596191,-3.504828453063965,-3.937875747680664,-0.9217522144317627,-2.9396677017211914,-5.587071418762207,-2.4897096157073975,-5.131864547729492,-6.388440132141113,-4.137995719909668,-2.369375705718994,-5.290744781494141,-2.6271615028381348,-4.783432960510254,6.597072601318359,-3.2660326957702637
b4989838e,-6.276224613189697,-8.851137161254883,-7.8853888511657715,2.7338755130767822,-10.06450080871582,-4.298464775085449,-8.913200378417969,-4.856152534484863,-6.072680473327637,-5.2874627113342285,-1.2017724514007568,-5.9380950927734375,11.251741409301758,-5.727375030517578,-9.429397583007812,-5.7127885818481445,-9.150005340576172,-8.860898971557617,0.25381797552108765,-10.72223949432373,-10.173798561096191,-9.716571807861328,-3.153022050857544,-4.708307266235352
b49f13342,-2.3378283977508545,-3.653843879699707,-1.3695646524429321,1.8042969703674316,-4.296671390533447,-2.932875633239746,-5.017277240753174,-1.7178592681884766,-4.589493274688721,-4.313783168792725,-3.4359946250915527,-4.840034484863281,-2.8829545974731445,-4.210129737854004,-2.7552895545959473,-3.8822975158691406,-3.7031595706939697,-2.987718105316162,-2.086719512939453,-4.647828102111816,14.674039840698242,-5.034170150756836,-4.512683868408203,-3.1543374061584473
b4c47272e,-5.952500820159912,-5.435975074768066,-0.9812998175621033,-1.70943021774292,-5.523948669433594,-1.3554050922393799,-2.7650914192199707,0.7352274656295776,-6.992529392242432,-2.169426918029785,-2.395378589630127,4.79064416885376,-4.1653618812561035,-4.149742126464844,-2.72886323928833,-3.398674964904785,-5.134400844573975,-2.746141195297241,-3.5289411544799805,-3.1716997623443604,2.718921422958374,-5.7782392501831055,-2.9493839740753174,-3.407564640045166
b4d1a9dac,-5.866948127746582,-7.174679279327393,6.193466663360596,-0.8101320862770081,-6.212510585784912,-1.509828805923462,-4.25253963470459,2.14288067817688,-7.5639190673828125,-1.4054608345031738,-2.4012351036071777,-2.647308826446533,-3.9132072925567627,-5.747609615325928,-5.5525054931640625,-4.785199165344238,-5.607175827026367,-2.8689846992492676,-3.2150440216064453,-4.570946216583252,-2.883232593536377,-6.6171369552612305,-5.808461666107178,-5.230231285095215
b5232944f,-5.357715606689453,-7.946426868438721,-8.508255004882812,2.398681402206421,-6.913270950317383,-5.296616554260254,-9.935562133789062,-5.861400604248047,-6.249149799346924,-5.937387466430664,-3.8191521167755127,-7.682435512542725,10.645687103271484,-4.4783616065979,-9.113262176513672,-5.7035932540893555,-8.898331642150879,-10.62957763671875,1.9581094980239868,-12.263477325439453,-11.989629745483398,-7.167823314666748,-5.228835105895996,-4.1857123374938965
b528e5ca8,-4.877545356750488,-6.198942184448242,3.139441967010498,1.2552015781402588,-6.527522087097168,-2.6176705360412598,-3.670832633972168,-4.927258491516113,-7.103988170623779,-3.2964649200439453,-1.9383090734481812,-4.044750690460205,4.10934591293335,-5.416391372680664,-6.733582496643066,-5.556789398193359,-6.757627487182617,-2.145451784133911,-2.7681140899658203,-3.4075570106506348,3.3246400356292725,-7.109803199768066,-5.167728900909424,-5.233552932739258
b53939d0a,-1.5091558694839478,-1.671156644821167,1.4739253520965576,1.3009145259857178,-4.55513858795166,-5.50102424621582,-5.412195205688477,-4.104944705963135,-7.114778518676758,-4.561982154846191,-5.520421981811523,-5.553140163421631,-3.168907642364502,-2.7754008769989014,-5.105616569519043,-0.45499199628829956,-5.222406387329102,-2.6725378036499023,-1.8460164070129395,-4.956553936004639,13.538639068603516,-5.562336444854736,-5.033339023590088,-5.733624458312988
b57b1eb43,-4.891047477722168,-7.706980228424072,-7.671145915985107,2.243631362915039,-9.527673721313477,-5.434079170227051,-9.527170181274414,-5.081796646118164,-6.194305896759033,-5.38104772567749,-1.8443351984024048,-6.641123294830322,11.00908088684082,-4.25393533706665,-9.22046947479248,-5.770748138427734,-8.649197578430176,-9.803617477416992,0.6962804794311523,-10.463638305664062,-10.918458938598633,-8.85235595703125,-5.117770195007324,-5.549662113189697
b5892be47,-2.578792095184326,0.3144803047180176,-6.205556869506836,2.98568058013916,-0.7361651062965393,-4.354386806488037,-8.010295867919922,-5.6433515548706055,-2.5278029441833496,-4.409838676452637,-4.907032012939453,-7.665349960327148,2.834643840789795,-1.192903757095337,-2.418537139892578,-3.4182965755462646,-2.710258722305298,-7.059570789337158,1.886390209197998,-6.432709693908691,-1.1941657066345215,0.7589236497879028,-3.819301128387451,-1.8719394207000732
b59fbc55f,-2.0951790809631348,-1.695913314819336,-0.18350200355052948,0.2713783085346222,-5.006800651550293,-1.69194495677948,-3.394700050354004,1.605457067489624,-3.1768860816955566,-1.8244121074676514,-2.3373935222625732,-2.760939121246338,-3.505281925201416,-2.24957275390625,-1.626761794090271,-2.0485925674438477,-1.088986873626709,-1.0648603439331055,-2.0459647178649902,-2.1294009685516357,13.262288093566895,-3.2256951332092285,-1.2402379512786865,-2.659658432006836
b5b65c264,6.16253662109375,-4.390137672424316,-4.174835681915283,2.4395203590393066,-1.755528450012207,-5.307407855987549,-7.413055896759033,-6.043240547180176,3.583538293838501,-3.7054741382598877,-4.528619289398193,-7.651731014251709,3.5469236373901367,-3.113920211791992,-4.495043754577637,-4.175010681152344,-5.0020246505737305,-5.634646892547607,3.2094838619232178,-7.466614723205566,-3.6823673248291016,-4.430315017700195,-5.479479789733887,-1.1022557020187378
b5cbfec82,-4.29078483581543,-2.4786975383758545,-1.5604240894317627,-0.49078917503356934,-2.9489798545837402,-1.6094093322753906,-3.168274164199829,-1.360856056213379,-4.898293495178223,-2.8812203407287598,8.398177146911621,2.7370710372924805,-2.505676507949829,-2.357478380203247,-4.97538948059082,-4.323784828186035,-4.531705379486084,-1.0743353366851807,-4.293346881866455,-0.527256965637207,2.395315408706665,-3.7079949378967285,-1.4440943002700806,0.6231200098991394
b61adfa9e,-4.564436912536621,-3.139444351196289,-6.433917045593262,1.6418404579162598,-2.8062758445739746,-4.12231969833374,-6.410500526428223,-2.453810691833496,-3.6847586631774902,-5.798323631286621,-5.124405860900879,-8.379538536071777,-3.2616195678710938,-5.017474174499512,10.66707992553711,-5.39270544052124,-6.593904495239258,-4.67905855178833,-3.284646511077881,-7.903157711029053,-2.1629302501678467,-0.5914161801338196,-5.6375041007995605,-2.7458536624908447
b628668b0,-3.6706814765930176,-5.600848197937012,-6.382349014282227,3.2150771617889404,-4.140440940856934,-3.7649927139282227,-7.952049255371094,-4.75216007232666,-4.6114182472229,-4.213274002075195,-1.1780617237091064,-6.218581199645996,9.241392135620117,-2.1223323345184326,-7.5759406089782715,-4.912957191467285,-6.6697611808776855,-7.53708553314209,-0.04370009899139404,-9.88394546508789,-9.912046432495117,-5.3962931632995605,-4.231192588806152,-2.38873291015625
b6322fcb6,-0.5509101152420044,-1.8032877445220947,-0.2304883897304535,-0.8109299540519714,-0.04645276069641113,-2.1529409885406494,-4.461131572723389,-4.238941669464111,-2.9402430057525635,-1.7459423542022705,-3.5427207946777344,-3.7001290321350098,-2.8673856258392334,-0.853572428226471,-2.4732635021209717,-3.5439350605010986,-4.172542572021484,-2.3609557151794434,-3.3392229080200195,-2.9858694076538086,10.17027473449707,-2.139573335647583,-3.031547784805298,-0.5592989921569824
b63543b44,0.5017554759979248,-0.8205627202987671,-2.0727391242980957,1.596839189529419,-0.10995560884475708,-2.688779830932617,-4.799434661865234,-0.3566058874130249,-3.5014634132385254,-0.9564934968948364,-1.349380612373352,-1.1945933103561401,1.025460958480835,-1.7119834423065186,-2.6306631565093994,-3.2225160598754883,-2.428637981414795,-1.8159995079040527,-1.1660199165344238,-4.464424133300781,3.0674057006835938,-2.7025036811828613,-2.2938039302825928,-2.0935747623443604
b664ddf0c,-1.857545256614685,-2.272691249847412,-3.967407703399658,4.463586807250977,-1.5112265348434448,-5.04416561126709,-5.090785026550293,-4.025500774383545,-4.455905437469482,-3.398106098175049,-4.997964382171631,-7.6887054443359375,4.63519811630249,-2.7044594287872314,-2.6743528842926025,-3.5772011280059814,-4.593693733215332,-5.799802780151367,1.3865878582000732,-7.834428310394287,-7.150381565093994,-2.2204020023345947,-4.329888343811035,-0.9031968116760254
b67cbcdc7,-5.087545394897461,-4.786737442016602,1.7360682487487793,0.8152185678482056,-6.760726451873779,-2.9010186195373535,-2.880734443664551,-3.5097243785858154,-9.056015014648438,-2.8518216609954834,-4.894814491271973,-3.803579568862915,-2.311401844024658,-4.759309768676758,-0.32237985730171204,-4.62481164932251,-4.791277885437012,-3.0586843490600586,-1.1516261100769043,-2.039963722229004,-2.97719144821167,-5.406332015991211,-6.637739181518555,-5.293877601623535
b67d8039e,-5.066771030426025,-3.6475653648376465,-4.139745235443115,-1.5325783491134644,-1.1842538118362427,-0.33812981843948364,-2.721229314804077,-3.4937143325805664,-4.206141948699951,-2.0540852546691895,-2.483215570449829,0.6086094379425049,-4.308762550354004,-3.1008358001708984,-5.2049760818481445,-3.6893961429595947,-5.173505783081055,-3.1247053146362305,-5.455810070037842,-2.019216775894165,-0.9544864892959595,-3.891432762145996,0.482201486825943,2.818229913711548
b6856f4df,-4.576899528503418,-2.8501148223876953,-0.5485737323760986,2.5061988830566406,-4.628877639770508,-2.4279963970184326,-5.093360424041748,-3.240156650543213,-6.445806503295898,-1.7961742877960205,-3.7723264694213867,-4.9998555183410645,1.8059635162353516,-1.9649043083190918,0.37006157636642456,-3.5268938541412354,-4.518276214599609,-2.9703149795532227,0.12998135387897491,-5.155200958251953,-1.200533390045166,-3.7954211235046387,-4.446622848510742,-3.1284046173095703
b6a030720,-2.297536849975586,-1.9681650400161743,0.3204616904258728,3.303779363632202,-1.3068764209747314,-2.4686813354492188,-2.3861777782440186,-1.8392481803894043,-4.675114154815674,-2.4544670581817627,-3.9522390365600586,-0.8658856749534607,-0.6131747961044312,-2.76606822013855,-3.957091808319092,1.8084948062896729,-2.8234329223632812,-1.0895121097564697,-2.3893015384674072,-3.4139914512634277,1.0432307720184326,-3.0988192558288574,-1.9034417867660522,3.0286269187927246
b6f4703ee,-5.6566338539123535,-5.961553573608398,-0.847345232963562,1.6498616933822632,-6.973761081695557,-2.8585445880889893,-1.6381967067718506,2.0815088748931885,-7.6940131187438965,-1.1743130683898926,-2.765137195587158,5.71741247177124,-4.049685001373291,-5.301654815673828,-3.3745853900909424,0.793648898601532,-4.5243024826049805,0.08725669980049133,-4.187475204467773,-4.367295742034912,-2.724153995513916,-6.6562275886535645,-3.82464599609375,-4.129393577575684
b70c1b861,-3.191005229949951,3.081097364425659,-4.2845354080200195,3.265829086303711,2.097634792327881,-4.114171028137207,-6.599620819091797,-5.6914777755737305,0.6904629468917847,-2.542170286178589,-5.291647911071777,-8.483345031738281,0.3039798438549042,0.3750057518482208,0.6837661266326904,-4.24445915222168,-1.4780844449996948,-5.153757572174072,-1.8650599718093872,-5.300311088562012,4.721327781677246,7.05512809753418,-3.319782018661499,-2.7336459159851074
b73aeaa19,-4.243190288543701,-3.7288858890533447,-0.40504536032676697,0.00934678316116333,-4.477914810180664,0.2592237889766693,-4.305303573608398,-3.179459810256958,-5.382552146911621,-0.6708523035049438,-3.041378974914551,-1.0204683542251587,-4.098105430603027,-3.550759792327881,-3.6512882709503174,3.1496872901916504,-5.390210151672363,-1.2887204885482788,-4.145160675048828,-2.5546038150787354,3.3064703941345215,-4.831600666046143,-2.3216629028320312,-2.009908437728882
b77f86447,-4.7346415519714355,-2.9527578353881836,-1.9635604619979858,2.9265975952148438,-3.183706760406494,-2.6169862747192383,-4.819596290588379,-1.9872931241989136,-5.167958736419678,-4.068305015563965,-3.3115575313568115,-2.267711639404297,3.8138089179992676,-3.029947280883789,-2.813621997833252,-3.674724578857422,-4.93550443649292,-3.6759390830993652,0.8083746433258057,1.3020797967910767,-2.80713152885437,-2.9593355655670166,-4.22641658782959,-3.010394811630249
b7d0cad34,6.857874870300293,-0.3109157085418701,2.9808669090270996,2.8255279064178467,-3.5915019512176514,-2.396315097808838,-4.424651622772217,-3.372185230255127,-0.510911226272583,-2.77278470993042,-4.639861106872559,-5.406106948852539,-0.6885142922401428,-2.873302459716797,-2.750458002090454,-4.4959635734558105,-4.3219218254089355,-2.655322313308716,-0.7134917974472046,-3.59446382522583,5.564047813415527,-4.262704849243164,-5.155616283416748,-3.7468369007110596
b7f5a7c69,-7.8616204261779785,-8.836233139038086,-3.095738172531128,-5.957327842712402,-5.221560478210449,-1.8299380540847778,-4.8238444328308105,-6.324917316436768,-5.695112228393555,-4.49894905090332,-3.0215296745300293,0.6295480728149414,-2.9890148639678955,-4.371763229370117,-3.9848403930664062,-5.237517356872559,-7.354480266571045,-4.526998043060303,-5.266458511352539,0.2233850359916687,-1.4074416160583496,-5.440297603607178,-4.64404296875,-3.5847771167755127
b824f7f88,6.428668975830078,-1.5909321308135986,-4.451969623565674,2.6479079723358154,-2.058577060699463,-5.133159637451172,-7.26070499420166,-5.973635673522949,5.247416019439697,-3.821535587310791,-4.578509330749512,-7.443633079528809,3.118595600128174,-1.9144823551177979,-2.5426721572875977,-4.454474449157715,-4.9093427658081055,-5.809731960296631,2.5289254188537598,-6.303503036499023,-3.525381088256836,-4.055636405944824,-5.015964508056641,-0.884079098701477
b85474f46,-3.7200887203216553,-5.104546070098877,-1.0323516130447388,-0.407566100358963,-7.569018363952637,-3.1489837169647217,-1.6714024543762207,1.061598539352417,-5.694204807281494,-0.4608607888221741,-2.6068687438964844,-0.9678849577903748,-4.523236274719238,-6.013424873352051,-3.105393409729004,-2.498878002166748,15.363187789916992,1.7589664459228516,-5.156979084014893,-3.499427318572998,-3.049525737762451,-6.618975639343262,-4.121819496154785,-4.261247634887695
b85e30ce9,-5.101007461547852,-2.658337116241455,-4.484539985656738,2.265233039855957,-3.310232639312744,-0.44780975580215454,-4.077299118041992,-3.71394419670105,-4.539950370788574,-2.4123692512512207,-2.6815924644470215,-1.8600679636001587,2.282134532928467,-3.1691465377807617,-4.349591255187988,-4.505651473999023,-5.332883358001709,-4.568504333496094,-1.9833474159240723,-1.781065821647644,-3.293142557144165,-3.044189929962158,-0.43292978405952454,0.05797097831964493
b86aab063,-4.095529556274414,-3.1675562858581543,-4.835686683654785,3.1681864261627197,2.622925281524658,-3.9824275970458984,-4.916500091552734,-1.8958511352539062,-3.8229269981384277,-2.9535293579101562,-4.677251815795898,-0.8553736209869385,1.5071971416473389,-1.1402864456176758,-0.6938319206237793,-3.6794235706329346,-4.816765785217285,-4.8412675857543945,1.283961296081543,-7.074717044830322,6.270074844360352,-0.9057964086532593,-4.6509199142456055,-1.1191291809082031
b86eb189d,-7.126169204711914,-5.529448509216309,-1.6414562463760376,-1.607763648033142,-8.32298469543457,-4.090975761413574,-2.9443747997283936,2.708137035369873,-8.189128875732422,-4.255197525024414,-0.1768842339515686,8.260236740112305,-5.021285057067871,-4.211371421813965,-3.3362746238708496,-5.136007308959961,-3.653919219970703,-3.237452983856201,-4.293084144592285,-4.433650016784668,4.022002696990967,-7.305497646331787,-4.4553070068359375,-5.476507186889648
b86fa253f,-2.575918197631836,-3.1584272384643555,-0.9648616909980774,1.103509783744812,-4.594010353088379,-4.180593013763428,-3.6925601959228516,3.8681745529174805,-4.315394401550293,-0.5677089691162109,-3.703680992126465,-2.440176248550415,-0.32311034202575684,-3.6797680854797363,-1.856810212135315,-2.8209071159362793,-1.681810736656189,-2.613436222076416,-2.336439847946167,-4.409135818481445,-3.5268282890319824,-2.999356508255005,-2.467494487762451,-1.5575346946716309
b89ba376e,-1.5057340860366821,-3.5042054653167725,-6.486975193023682,3.457000970840454,9.476118087768555,-4.765633583068848,-6.853359222412109,-6.280345916748047,-0.7526829838752747,-3.10312557220459,-5.499547958374023,-4.034438133239746,2.916233539581299,3.1074178218841553,-4.53750467300415,-5.315535545349121,-5.260217189788818,-3.4233133792877197,2.566596508026123,-6.835655212402344,-6.690881252288818,0.6539099216461182,-3.3208045959472656,2.3165173530578613
b8a3a223c,-2.752535820007324,-1.9022228717803955,-4.709832191467285,2.611539363861084,0.4474271833896637,-3.911500930786133,-3.4617648124694824,-2.692626953125,-2.8598389625549316,-3.129645347595215,-4.702467918395996,-2.8539061546325684,1.2205332517623901,-2.661083698272705,2.110320568084717,2.1348233222961426,-4.984016418457031,-1.4565383195877075,3.8202288150787354,-4.247459888458252,-2.299912452697754,-0.5661046504974365,-2.784710645675659,-1.2515894174575806
b8ae8ec81,-4.761198997497559,-5.431644439697266,1.0108940601348877,2.8284947872161865,-6.5709452629089355,-2.672563076019287,-3.3440890312194824,0.6182857751846313,-6.514969825744629,-2.0444180965423584,-3.7965898513793945,-3.2542858123779297,-1.2787678241729736,-5.134213447570801,-2.500753879547119,-0.2065984010696411,-4.879037857055664,-3.710853338241577,-1.4030334949493408,-5.192602157592773,-2.9388699531555176,-4.799927711486816,-3.5073459148406982,-4.253939628601074
b8d598ca7,-6.069477558135986,-5.043813228607178,0.3495427966117859,-3.2440879344940186,-6.13798713684082,-2.300509452819824,-4.502054214477539,1.0296831130981445,-6.674925327301025,-3.1202330589294434,-3.1697587966918945,1.028989553451538,-5.130873680114746,-4.4381890296936035,-3.571955442428589,-5.903203964233398,-6.746805191040039,-4.006435394287109,-5.400534629821777,0.2822186350822449,8.094099998474121,-6.459317207336426,-4.472599983215332,-4.593591213226318
b8eff0381,-3.1056156158447266,-0.4562501311302185,-3.6395177841186523,3.7299141883850098,1.95536470413208,-3.3507936000823975,1.227534532546997,-2.478332757949829,-4.605293273925781,-2.392849922180176,-4.589089393615723,-5.887289047241211,2.270197868347168,-0.9736904501914978,-2.300813674926758,-4.085995674133301,-2.916900396347046,-2.758936643600464,1.9010448455810547,-4.3251118659973145,-3.101064920425415,-1.0079171657562256,-3.5434818267822266,-1.0649343729019165
b90a0b10e,-5.199046611785889,-4.645510673522949,-1.525153398513794,-0.43801572918891907,-3.2400665283203125,-1.4901039600372314,-3.5974061489105225,-3.2586593627929688,-5.936580181121826,-0.8235675096511841,-3.652864933013916,-0.1444147676229477,-3.29268741607666,-5.147646903991699,-1.5820014476776123,-4.349633693695068,-5.722346305847168,-1.6416618824005127,-2.6946651935577393,-3.4857988357543945,-2.4108726978302,-3.390014886856079,-4.637636184692383,-2.6741764545440674
b917ba522,-8.616732597351074,-8.249237060546875,-4.970473289489746,-5.139235496520996,-4.957509517669678,-2.1614155769348145,-4.920855522155762,-5.929810523986816,-5.946732521057129,-4.997097015380859,-2.856025218963623,0.5361536145210266,-2.8470027446746826,-5.387511730194092,-5.846348762512207,-5.82214879989624,-7.374034881591797,-5.68605899810791,-5.5434980392456055,-1.2677494287490845,-1.5638341903686523,-5.479404926300049,-0.23100751638412476,-2.990060329437256
b98ffab0a,-3.512169122695923,-0.26990842819213867,-1.8534035682678223,2.7721691131591797,-3.8260416984558105,0.6077649593353271,-4.340671062469482,-2.6067042350769043,-4.812896728515625,-1.7263245582580566,-2.9666249752044678,-0.1120680496096611,-1.5522457361221313,-3.3795113563537598,-2.352385997772217,-4.462589263916016,-3.6111104488372803,-3.3792757987976074,-0.9481303095817566,-2.426340341567993,12.837568283081055,-2.4048550128936768,-2.0865275859832764,-1.956512451171875
b996195f2,-1.6701736450195312,-1.173523187637329,-0.41894322633743286,0.5543856024742126,-3.3822314739227295,-2.6362199783325195,-3.5829598903656006,0.4707845449447632,-3.833547592163086,2.9056034088134766,0.1046028733253479,-0.23516227304935455,-1.1013211011886597,-1.8110179901123047,-3.104536294937134,-3.4224700927734375,-2.516207218170166,4.156272888183594,-0.9519217610359192,-3.392144203186035,4.518623352050781,-3.3191843032836914,-2.8368725776672363,-2.068816661834717
b9aa2af3e,-4.620672225952148,-8.777318954467773,-8.175005912780762,2.1678223609924316,-6.3169097900390625,-6.231547832489014,-11.081954956054688,-6.363900184631348,-6.983048439025879,-5.9301581382751465,-4.263946533203125,-8.043780326843262,11.350841522216797,-4.935520648956299,-8.562627792358398,-7.236845016479492,-10.04073429107666,-11.912853240966797,3.940690279006958,-13.680580139160156,-11.710280418395996,-7.301755905151367,-7.01343297958374,-4.6935834884643555
b9ad1699d,-2.2387921810150146,-0.5384754538536072,-0.3159600794315338,4.075957298278809,-6.0000996589660645,-3.7833964824676514,-2.4502832889556885,0.6955422759056091,-6.826282978057861,-1.2826505899429321,-1.6802598237991333,-1.2999790906906128,-0.17975455522537231,-3.8312010765075684,-3.229860305786133,-3.4076318740844727,-3.887087821960449,-1.1950188875198364,-1.962336778640747,-4.518577575683594,-3.76335072517395,-5.349070072174072,-4.153565406799316,-4.433846473693848
b9b9b2b90,-4.087984085083008,-3.043844699859619,-1.2607496976852417,0.5805448293685913,-5.772945404052734,-2.3216755390167236,-4.648403644561768,-1.1181341409683228,-5.320348739624023,-1.678550124168396,-3.3174166679382324,-0.9873167872428894,-1.4810113906860352,-3.619194746017456,-2.226137399673462,-3.9194118976593018,-3.6408510208129883,-2.799891233444214,-1.9652756452560425,-4.421450614929199,3.25360369682312,-4.452818870544434,-4.216391563415527,-2.572984218597412
b9fc688f8,-4.565079689025879,0.4816960096359253,-7.158000946044922,2.090477705001831,-2.455145835876465,-3.8103725910186768,-6.138926029205322,-1.941725492477417,-4.154256820678711,-4.320269584655762,-4.861155033111572,-6.059772491455078,-0.6891329884529114,-2.7422900199890137,8.653154373168945,-4.172508716583252,-4.2094316482543945,-5.287290096282959,-2.382132053375244,-7.756538391113281,-6.285440444946289,0.44686344265937805,-4.348584175109863,-1.5124648809432983
ba0ecf16e,-2.239488124847412,-4.493697643280029,-7.299765586853027,3.3580334186553955,6.918595314025879,-2.8490686416625977,-7.711845397949219,-6.163135051727295,-1.3444507122039795,-4.052389621734619,-2.5369033813476562,-5.696898460388184,7.583807468414307,0.9392834901809692,-5.791812896728516,-5.234312057495117,-5.294919013977051,-6.996779441833496,1.8506078720092773,-8.952455520629883,-8.627469062805176,-1.3878250122070312,-2.8938183784484863,1.1532875299453735
ba1c9bbf0,1.2967422008514404,0.27662399411201477,-2.739774227142334,3.4497323036193848,-3.749006509780884,-3.6640684604644775,-6.2400712966918945,-4.358649253845215,-5.964832782745361,-2.1046905517578125,-4.613245010375977,-3.1736738681793213,2.2521579265594482,-1.6659979820251465,-3.4612481594085693,-3.9620771408081055,-4.2861738204956055,-5.433144569396973,-0.05598217248916626,-6.178898811340332,-2.13754940032959,-2.8372139930725098,-2.879321813583374,-1.9234083890914917
ba54a8c3e,-3.493039608001709,-3.8582286834716797,-1.059644103050232,3.0497941970825195,-5.010715484619141,-3.5162243843078613,-6.099849700927734,-3.4010748863220215,-6.872772693634033,-1.8950949907302856,-1.32063627243042,-4.122847557067871,-0.03838205337524414,-4.364238739013672,-4.261528968811035,-4.686348915100098,-5.606816291809082,-4.2955098152160645,0.5314145088195801,-4.948040962219238,-4.498709678649902,-4.594164848327637,-5.306506156921387,-2.9800283908843994
ba5de479c,-0.011106781661510468,-0.014342516660690308,-1.0037121772766113,3.2733564376831055,1.6843982934951782,-3.6046977043151855,-2.799008369445801,0.3425367474555969,-2.7804555892944336,2.886949062347412,-3.2562785148620605,-2.689857244491577,0.6993493437767029,-0.5229443907737732,-1.2490981817245483,1.7313926219940186,-2.6072235107421875,-1.41377854347229,1.018046498298645,-3.3843274116516113,-4.463979721069336,0.7082939147949219,-2.758936882019043,1.8224914073944092
ba5e44d20,-1.456773042678833,-5.849703788757324,-6.280456066131592,2.1930861473083496,-2.65883207321167,-4.666645050048828,-7.4127092361450195,-3.872936487197876,-4.195733547210693,-3.2522904872894287,-1.840327262878418,-6.539763450622559,10.236105918884277,-2.662724018096924,-6.063965320587158,-4.520275115966797,-5.906902313232422,-6.8048601150512695,2.0530879497528076,-9.672872543334961,-8.585237503051758,-4.546507835388184,-4.08443021774292,-1.4585068225860596
ba73bf063,-2.955765724182129,4.859442710876465,-4.646440505981445,3.8614611625671387,-1.4110747575759888,-1.711616039276123,-5.1757893562316895,-4.31729793548584,-4.142143249511719,-2.977522134780884,-3.514166831970215,-7.489607810974121,1.9611955881118774,1.480512261390686,-6.14626407623291,-4.309165954589844,15.499528884887695,-2.0039010047912598,-3.4411511421203613,-5.86983060836792,-5.8849873542785645,-0.4632844030857086,-2.337531566619873,-2.091980457305908
ba74b40db,-1.0156950950622559,1.5029480457305908,-2.698969841003418,3.3292903900146484,1.4887070655822754,-3.763137102127075,-5.603727340698242,-4.282505989074707,-3.1223058700561523,-3.2896242141723633,-3.705416679382324,-5.457158088684082,7.224640846252441,-0.5350403189659119,-3.39223313331604,-2.9776928424835205,-1.9339005947113037,-3.1278202533721924,1.9829646348953247,-4.9441447257995605,4.2039899826049805,-0.8449662327766418,-3.5569725036621094,-0.06990276277065277
bab063718,-3.2426180839538574,-3.2396531105041504,0.2503165006637573,0.48152801394462585,-4.79975700378418,-0.5741404891014099,-3.1825265884399414,-1.1981391906738281,-4.570282936096191,-1.2003772258758545,-2.8333592414855957,-1.6069846153259277,-3.6063129901885986,-3.074672222137451,-3.0422778129577637,-3.641350030899048,-4.5621442794799805,0.24092261493206024,-3.073399066925049,-0.0387040376663208,6.063773155212402,-4.848467826843262,-3.890183925628662,-3.1595630645751953
bacf636fc,-4.965970993041992,-4.678642272949219,1.0109769105911255,-0.7477971315383911,-4.831020355224609,-2.327627182006836,-5.299230098724365,-2.4719409942626953,-7.259529113769531,-2.8325772285461426,-4.252923965454102,-1.4724628925323486,-4.015566825866699,-4.1115641593933105,-1.2153003215789795,-4.972631454467773,-6.372757434844971,-3.6398966312408447,-0.341670960187912,-2.143798828125,-2.826313018798828,-5.231057167053223,-6.1254801750183105,-4.9972686767578125
bb1036ead,-5.0962605476379395,-4.541527271270752,0.37776100635528564,-0.9525354504585266,-6.843184471130371,-3.07590389251709,-3.4664230346679688,0.47081631422042847,-7.004276275634766,-2.037503719329834,-1.457497000694275,1.3821916580200195,-2.5400896072387695,-4.00978422164917,-4.04233455657959,-4.478715896606445,-3.939044237136841,-2.6248669624328613,-2.7352051734924316,-3.732813596725464,5.325983047485352,-6.009598731994629,-4.4009222984313965,-4.414422988891602
bb11c5e2f,-2.2418158054351807,-1.756830096244812,-1.0580776929855347,1.5668408870697021,-3.8952744007110596,-3.3133606910705566,-5.253156661987305,-0.11364120244979858,-4.622803688049316,-3.1922554969787598,-3.460474729537964,-3.8928587436676025,-2.317039728164673,-2.7859444618225098,-1.5104976892471313,-1.4384393692016602,-1.022499680519104,-3.86983585357666,-1.055514931678772,-4.534350395202637,1.7543213367462158,-3.2505197525024414,-1.3363524675369263,-2.2272462844848633
bb4d48589,-2.2118375301361084,3.549177646636963,-5.2124128341674805,3.504366397857666,3.3227930068969727,-4.1790571212768555,-6.111980438232422,-4.965880870819092,0.4995356798171997,-2.687973737716675,-5.10904598236084,-7.239079475402832,0.5507257580757141,0.6717045903205872,0.12399029731750488,-4.125720977783203,-0.6983256340026855,-5.5706787109375,0.43294990062713623,-6.418312072753906,-6.80375862121582,9.150582313537598,-2.719233989715576,-2.0174756050109863
bb4d9025a,-2.6492934226989746,-3.8411641120910645,1.3947863578796387,-1.7262682914733887,-4.378786087036133,-1.9076848030090332,-1.4028664827346802,0.0955471396446228,-5.580685615539551,0.44053319096565247,-3.9557242393493652,-1.7532837390899658,-6.05210542678833,-5.662497520446777,-3.0845203399658203,-0.726775050163269,-4.632717132568359,0.20046304166316986,-4.299100399017334,-2.300945281982422,6.365219593048096,-5.147509574890137,-4.090660095214844,-2.7084908485412598
bb4e53aed,4.923267841339111,-4.799076080322266,-3.038935661315918,2.22078800201416,-4.678955078125,-3.1479110717773438,-7.790698528289795,-5.830661296844482,0.08230847120285034,-1.6459107398986816,-3.132310390472412,-6.291284561157227,9.774232864379883,-3.1585724353790283,-6.055465221405029,-4.687957286834717,-6.140885353088379,-5.549391269683838,2.783944845199585,-6.622988224029541,-6.548480033874512,-5.554965496063232,-4.589059829711914,-2.270836114883423
bb596fe23,-5.200565338134766,-5.0497355461120605,-5.29158878326416,2.4175209999084473,-5.226531982421875,-2.390223264694214,-5.074192523956299,-5.265231132507324,-3.8892722129821777,-4.281495094299316,-0.2602826654911041,-3.017265796661377,8.716331481933594,-2.4050817489624023,-7.627179145812988,-3.3659770488739014,-5.47674560546875,-5.242709159851074,-0.9715309143066406,-3.7070200443267822,-5.800206184387207,-4.512533187866211,-1.686047077178955,-2.1943094730377197
bb717ee47,-4.30443811416626,0.23906904458999634,8.162375450134277,2.720428466796875,-1.1467254161834717,-3.6518988609313965,1.0728129148483276,-1.1873990297317505,-3.7739295959472656,-0.4239882230758667,-5.586636543273926,-3.3707375526428223,-2.732511043548584,-2.526082754135132,-0.7138618230819702,-1.3074979782104492,-3.7902767658233643,-0.08783778548240662,-2.062110185623169,-3.5646255016326904,-2.796558380126953,4.0046844482421875,-4.4298906326293945,-5.46693229675293
bbba8ebb0,-4.799782752990723,-7.214789390563965,-7.498398780822754,2.9783244132995605,-8.596526145935059,-4.111112594604492,-8.535146713256836,-4.888843536376953,-6.4247307777404785,-5.317611217498779,-1.4712926149368286,-7.670791149139404,10.59205436706543,-4.357626914978027,-8.369367599487305,-5.202013969421387,-7.53520393371582,-9.353141784667969,-0.11809756606817245,-11.111604690551758,-9.180893898010254,-8.155160903930664,-1.964110016822815,-4.494086265563965
bbcc3e69e,-10.717009544372559,-10.860027313232422,-4.799500465393066,-7.175760269165039,-9.225351333618164,-4.437161922454834,-9.204086303710938,-9.300043106079102,-9.563824653625488,-4.50935173034668,-5.44285249710083,-1.9878554344177246,-5.597466468811035,-8.6769437789917,-7.9245452880859375,-9.085861206054688,-9.669244766235352,-8.202259063720703,-5.947459697723389,-6.911200523376465,-2.9205660820007324,-9.238083839416504,-8.464191436767578,-5.610650062561035
bbf635b46,-5.064344882965088,-5.615846633911133,0.38700851798057556,-0.47455471754074097,-5.847341537475586,-1.6833254098892212,-1.4370708465576172,2.040626287460327,-5.765786170959473,-1.9804933071136475,-2.0603981018066406,5.329929351806641,-5.699512481689453,-5.767005920410156,-2.478062152862549,-0.6566355228424072,-4.706296920776367,-1.1448028087615967,-5.594491958618164,-3.270080327987671,3.581040382385254,-5.960478782653809,-0.7143785953521729,-3.5058434009552
bc0beee2d,4.80433464050293,0.8054231405258179,-3.456940174102783,1.5495685338974,-0.8322117924690247,-7.266766548156738,-7.746579170227051,-3.1483724117279053,-2.396467924118042,-1.9756793975830078,-5.6246657371521,-7.95368766784668,3.1192097663879395,-0.8072781562805176,-4.016792297363281,-4.934630393981934,-3.7883405685424805,-5.949525356292725,2.9916558265686035,-5.909325122833252,-5.184086322784424,-3.0163755416870117,-5.817163944244385,-1.4064512252807617
bc14a3a10,-3.4403700828552246,-2.546882390975952,-3.081223964691162,3.430356025695801,3.5128793716430664,-1.133933424949646,-4.75546932220459,-3.527445077896118,-2.533830404281616,-2.845189094543457,-3.2068400382995605,-3.1908912658691406,6.592394828796387,0.3885706961154938,-2.0525577068328857,-2.9399213790893555,-3.8179123401641846,-3.98990797996521,0.5165594816207886,-3.99381947517395,-3.6641409397125244,-1.2835972309112549,-0.3173072338104248,0.5335144400596619
bc2d10540,-3.2004942893981934,-3.6495633125305176,-2.7565970420837402,3.1855623722076416,-4.083873748779297,-3.9956984519958496,-6.7182135581970215,-2.2085518836975098,-5.855973243713379,-3.559596538543701,-3.7000961303710938,-4.27171516418457,3.777902126312256,-3.176229476928711,-2.239593982696533,-4.025077819824219,-5.462665557861328,-4.879646301269531,1.808343768119812,-6.306376934051514,2.967942714691162,-3.8013763427734375,-4.6866774559021,-3.4472718238830566
bc3fddbf9,-1.9562256336212158,-2.8205478191375732,-4.997394561767578,3.426464319229126,-1.8929404020309448,0.07241934537887573,-4.8477301597595215,-3.6755058765411377,-2.687161445617676,-3.139068126678467,-1.2972129583358765,-4.100531101226807,4.987715244293213,-1.5748258829116821,-4.471621990203857,-3.3750193119049072,-4.381394386291504,-4.392889976501465,-0.2609839141368866,-4.78140926361084,-4.152166843414307,-3.274505615234375,-0.48799026012420654,-0.3427872359752655
bc790072c,-1.8994758129119873,-3.259986400604248,-0.46755078434944153,1.3329949378967285,-0.23976010084152222,0.5090368986129761,-2.158613920211792,-2.5794169902801514,-3.820507049560547,-1.64924955368042,-3.4000868797302246,-1.3201885223388672,-3.0444118976593018,-2.695066452026367,-2.760885238647461,-0.32156920433044434,-4.22403621673584,-1.7594709396362305,-3.5753567218780518,-2.9207005500793457,-0.6659631729125977,-3.7913296222686768,-2.0866332054138184,1.5299433469772339
bc8402b0f,-8.135812759399414,-7.18073844909668,-1.0788463354110718,-3.4699175357818604,-6.889347553253174,-1.9796067476272583,-1.9149799346923828,1.8692872524261475,-8.294326782226562,-2.742608070373535,-2.6856465339660645,6.287568092346191,-5.964047908782959,-4.925180435180664,-4.510263442993164,-4.543656349182129,-5.674774169921875,-3.92806339263916,-4.789886474609375,-3.9238321781158447,0.2956191599369049,-6.467802047729492,-3.3867015838623047,-4.822299003601074
bcbd7943a,-2.0751113891601562,3.6710805892944336,-5.84230375289917,3.117274761199951,3.144186496734619,-3.9297826290130615,-7.047104835510254,-5.020097732543945,0.08233636617660522,-2.1544225215911865,-4.917442321777344,-8.535629272460938,2.1917264461517334,0.26863276958465576,1.3651535511016846,-3.823187828063965,-0.9158779382705688,-6.481204986572266,0.37413060665130615,-6.58184814453125,-7.67739200592041,7.006211280822754,-2.7950639724731445,-2.210491180419922
bcfcfd206,-5.2763800621032715,-6.418238639831543,1.8411715030670166,-1.9596574306488037,-5.269997596740723,-2.876791000366211,-4.0389604568481445,1.7561144828796387,-5.632750988006592,2.6766858100891113,-2.2616443634033203,1.429734230041504,-5.063107013702393,-4.20868444442749,-2.3634841442108154,-4.31858491897583,-4.528309345245361,6.64061164855957,-6.027753829956055,3.153585910797119,-1.4868855476379395,-5.025211334228516,-5.225006103515625,-3.7817907333374023
bd10a767d,-3.9796531200408936,-5.710540771484375,-0.21104130148887634,-1.9120793342590332,-6.353589057922363,-0.853492259979248,-2.728884696960449,-2.0169754028320312,-7.055282115936279,-1.5028529167175293,-2.7850396633148193,2.3866264820098877,-4.857118606567383,-4.983581066131592,-3.5264267921447754,-4.653712749481201,10.456901550292969,-0.5369374752044678,-3.681140661239624,-1.7910411357879639,-0.19818061590194702,-5.997620105743408,-3.8863725662231445,-3.8541762828826904
bd2632e71,-4.468407154083252,-4.018782615661621,0.3490970730781555,-0.34159988164901733,-5.353377819061279,-2.948495864868164,-1.0788578987121582,2.872469902038574,-6.490142822265625,-0.5150132179260254,-0.6863312721252441,2.9481897354125977,-3.3521156311035156,-4.475258827209473,-3.9641056060791016,-1.4895730018615723,-3.968172550201416,-1.6174499988555908,-3.7360363006591797,-3.3759498596191406,3.5731124877929688,-5.687119960784912,-2.1046059131622314,-0.06833557784557343
bd3c37c1b,-7.185779571533203,-5.640603065490723,9.209867477416992,3.010690212249756,-4.307826995849609,-2.5670056343078613,-4.599045753479004,-3.883042097091675,-9.478720664978027,-1.4332622289657593,-4.575809001922607,-5.231249809265137,-3.4522082805633545,-3.2443490028381348,-7.473505973815918,-6.352471828460693,-7.9894232749938965,-2.8828487396240234,-2.9263839721679688,-6.347986698150635,-4.4982991218566895,-4.9088664054870605,-6.345983982086182,-7.3592634201049805
bdb3ce264,-4.083780288696289,0.0632842481136322,-6.558870315551758,3.3224353790283203,-2.0405430793762207,-1.4124350547790527,-5.492348670959473,-3.5922770500183105,-4.306382656097412,-3.8415298461914062,-3.5225043296813965,-5.0171308517456055,1.6703294515609741,-1.569066047668457,-0.1915479153394699,-2.4974193572998047,-3.2905757427215576,-5.891212463378906,-0.2498370110988617,-5.02498722076416,-5.643030643463135,-0.760245680809021,-0.527411699295044,0.08464186638593674
bddd24379,-3.115521192550659,6.910545349121094,-8.108680725097656,4.292081832885742,-1.992485761642456,-6.341428756713867,-4.651862144470215,-6.120360374450684,-4.008986949920654,-4.445298194885254,-5.464459419250488,-8.607574462890625,-0.16129663586616516,-0.24097929894924164,-3.1519272327423096,-5.099427223205566,17.957847595214844,-2.0616722106933594,-2.228875160217285,-5.786373138427734,-8.726883888244629,2.6943459510803223,-4.106812477111816,-3.0033512115478516
bdf57fe5f,-3.4987716674804688,-6.8246259689331055,-7.39377498626709,3.353440761566162,-3.4922666549682617,-5.481866836547852,-9.880548477172852,-6.38730525970459,-5.942403793334961,-5.456356048583984,-3.2554023265838623,-7.82813835144043,9.834888458251953,-2.7606539726257324,-7.6431965827941895,-6.240311622619629,-8.634515762329102,-9.402586936950684,2.8777527809143066,-12.503055572509766,-11.493896484375,-5.715827465057373,-6.162714004516602,-3.802793502807617
be0431b10,-3.340970039367676,-1.1625733375549316,-0.9503985643386841,1.287388563156128,-3.7972373962402344,-2.716273784637451,-2.066312313079834,-0.26191413402557373,-4.490268230438232,-2.278960704803467,-2.976010799407959,-1.6386035680770874,-1.6478877067565918,-2.0594186782836914,-2.2234342098236084,1.069766879081726,-1.0529512166976929,-1.2631205320358276,-1.1665915250778198,-3.681067943572998,-2.547102689743042,-2.405695676803589,-1.3010941743850708,-1.3728349208831787
be0d0f2e6,-3.7272393703460693,-1.5945391654968262,-0.6944450736045837,0.6257502436637878,-4.4660749435424805,-2.625056743621826,1.009977102279663,-1.9551520347595215,-5.385772705078125,-1.9951518774032593,-2.447730541229248,-2.6561222076416016,-0.9618926048278809,-3.037363052368164,-4.246448516845703,-2.1858859062194824,-2.254451274871826,-0.10323572158813477,-3.22904109954834,-2.0024657249450684,1.7647240161895752,-3.2829301357269287,-2.9633708000183105,-2.733079433441162
be4594f3b,6.693282127380371,-5.818766117095947,-3.524057388305664,1.6029683351516724,-6.033802509307861,-8.35814094543457,-9.76573371887207,-6.247288703918457,-3.8432188034057617,-3.0751230716705322,-5.1880693435668945,-9.050265312194824,6.8130998611450195,-4.042407035827637,-9.7179594039917,-5.775465488433838,-7.561742782592773,-7.844733238220215,2.135014533996582,-10.376415252685547,-10.187374114990234,-8.379632949829102,-7.091361045837402,-4.226407051086426
be690f702,-2.6007704734802246,-5.299249172210693,-7.0077738761901855,3.2344870567321777,-1.9270344972610474,-4.836781978607178,-8.577577590942383,-5.528045654296875,-3.786581516265869,-4.487154483795166,-2.46083402633667,-7.810426712036133,9.893461227416992,-1.0690032243728638,-7.44519567489624,-4.955471515655518,-6.944594860076904,-7.576474189758301,0.8679624199867249,-10.1302490234375,-10.70671272277832,-4.397557258605957,-4.778171539306641,-2.114116907119751
bed31e3f3,-1.8672471046447754,0.43859249353408813,-2.1885876655578613,3.527279853820801,3.327584743499756,-2.335171937942505,-4.98529052734375,-4.169980049133301,-2.8403730392456055,-3.130202531814575,-3.889054298400879,-3.567190170288086,2.8814094066619873,0.33332690596580505,-2.7885665893554688,-2.775649070739746,-2.9940340518951416,-5.405670166015625,0.323902428150177,-4.814119338989258,-1.7124309539794922,0.7093093395233154,-3.616697072982788,-1.2879347801208496
bf079baeb,-4.527515888214111,-2.6347265243530273,-4.335577011108398,2.265979290008545,-0.49671483039855957,0.2107817381620407,-2.8188581466674805,-3.793694019317627,-3.994668483734131,-2.430511474609375,-2.361079692840576,0.06424133479595184,2.5686655044555664,-2.114454507827759,-5.116147518157959,-3.756972074508667,-5.023648738861084,-3.8153207302093506,-1.9748344421386719,-2.7190284729003906,-0.23958580195903778,-3.227165699005127,0.2608548104763031,2.8187451362609863
bf0b739c8,-4.120359420776367,-6.1266303062438965,5.378969192504883,0.37383484840393066,-3.33447265625,-2.758826732635498,-4.919528007507324,-2.819671154022217,-6.010904788970947,-1.8088490962982178,-3.787630081176758,-2.94954252243042,-2.726209878921509,-4.301033020019531,-5.16768741607666,-5.591001510620117,-6.456326007843018,-2.66209077835083,-0.6293339133262634,-4.3342695236206055,-1.4854915142059326,-4.818967819213867,-5.9682817459106445,-4.730350494384766
bf194cc30,-5.996325492858887,-6.755613327026367,-2.1688990592956543,-3.2604482173919678,-4.363365650177002,-2.05796480178833,-4.99556827545166,-3.011946439743042,-5.6976318359375,-4.005026340484619,-2.7446892261505127,0.6837518811225891,-2.315920114517212,-4.693667411804199,-3.9688782691955566,-3.9107751846313477,-5.537330150604248,-4.299184322357178,-3.0491347312927246,-1.5547049045562744,-1.3968722820281982,-4.71044397354126,-1.9031453132629395,-3.4780235290527344
bf9758c4a,-3.6531622409820557,-5.888937950134277,0.8030142784118652,0.5777844190597534,-3.813133716583252,-1.7381179332733154,-2.542586326599121,-0.9658071398735046,-6.179072380065918,0.563665509223938,1.5631182193756104,-0.6928900480270386,-2.6709280014038086,-4.818066596984863,-1.867448091506958,-0.7283313274383545,-5.531440734863281,-0.654374361038208,-1.6893517971038818,-2.5353684425354004,9.208488464355469,-5.09296989440918,-3.8220467567443848,0.4430411159992218
bfb972c0f,-6.390079498291016,-6.546812057495117,1.327355146408081,0.020081281661987305,-5.961755752563477,-3.2894933223724365,-5.983585357666016,-5.1322245597839355,-7.727246284484863,-3.3596396446228027,-4.660813808441162,-3.7976796627044678,-2.92283296585083,-4.191333770751953,-4.543486595153809,-4.743963241577148,-6.399374485015869,-4.245625972747803,-2.022547960281372,-1.9483484029769897,-3.1402201652526855,-5.293886184692383,-6.185147762298584,-5.406354904174805
bfbe9cccf,-7.631250858306885,-6.0638628005981445,-1.370468020439148,-3.6754181385040283,-5.586808204650879,-2.2555975914001465,-2.473536729812622,1.2123397588729858,-7.758489608764648,-3.794992208480835,-1.3030192852020264,5.320093154907227,-4.054617881774902,-3.8593835830688477,-5.711695671081543,-4.972146987915039,-5.379402160644531,-4.46804141998291,-4.399899959564209,-3.6818389892578125,4.900293350219727,-6.241340160369873,-2.681286573410034,-1.6020162105560303
bffed9892,-3.7725253105163574,-1.5169978141784668,-1.714180588722229,-0.35184571146965027,-2.9632270336151123,-2.8172996044158936,-5.830114364624023,-5.165945053100586,-4.63771390914917,-3.6745409965515137,-4.199394226074219,-4.268364906311035,-1.7703980207443237,-0.8757703900337219,-3.120171070098877,-4.948534965515137,-5.563989639282227,-3.6148533821105957,-2.80281138420105,-2.0829081535339355,6.803042411804199,-4.2725677490234375,-4.859710693359375,-1.4855421781539917
c03baf7c8,-6.348426818847656,-7.813055515289307,-0.8756333589553833,-4.405179023742676,-6.288923263549805,-1.5366231203079224,-4.2810587882995605,-3.082442283630371,-4.137986183166504,-2.902669668197632,-3.014888286590576,0.0095042884349823,-1.6618506908416748,-4.584210395812988,-6.479349613189697,-5.453166484832764,-6.278130054473877,-3.4931647777557373,-3.9329659938812256,-1.4208338260650635,-0.3486332595348358,-6.02016544342041,-5.34404993057251,-4.3642048835754395
c04064ead,-5.10888671875,-1.0282068252563477,-3.505840301513672,2.8335342407226562,-3.2757561206817627,-0.07821641117334366,-3.219468832015991,-3.353336811065674,-4.6591033935546875,-1.0971710681915283,-2.3827195167541504,-0.006569012999534607,-0.07762174308300018,-1.0373071432113647,-3.8026342391967773,-3.9191601276397705,-4.3406758308410645,-3.0327606201171875,-3.5110509395599365,-2.467916965484619,2.553157329559326,-3.306161880493164,-0.1628822535276413,0.35879766941070557
c04fcbb8b,-2.507187843322754,-8.01645278930664,-7.245999336242676,2.2180263996124268,-6.888265609741211,-4.91329288482666,-9.413337707519531,-5.795042991638184,-5.987104415893555,-4.978514671325684,-3.752586841583252,-7.688107013702393,9.818148612976074,-4.472484111785889,-8.272161483764648,-5.662578582763672,-8.285055160522461,-9.608098030090332,1.5550094842910767,-12.111146926879883,-11.342516899108887,-7.599848747253418,-5.625616073608398,-3.7561819553375244
c05cf6b9f,-0.23598778247833252,-1.3731598854064941,-3.83547306060791,2.861494779586792,1.3441219329833984,-4.146956443786621,-4.928232192993164,-2.084606647491455,-2.4318923950195312,-2.5035433769226074,-3.8566651344299316,-5.861849784851074,1.971606731414795,-1.6165977716445923,2.6182990074157715,-0.7100385427474976,-4.039971828460693,-3.066044330596924,1.159584641456604,-6.548153877258301,-0.5629248023033142,-1.1051174402236938,-4.011679649353027,-0.7974289655685425
c06b4603d,-2.8285133838653564,-6.4154815673828125,-7.296103477478027,3.6932530403137207,-2.612532138824463,-5.239744186401367,-9.212377548217773,-6.110892295837402,-5.277734756469727,-4.573838710784912,-5.305798530578613,-8.037735939025879,9.247010231018066,-2.5089924335479736,-7.185836315155029,-5.6903395652771,-8.351642608642578,-9.713319778442383,3.454444169998169,-12.41363525390625,-10.96340560913086,-5.350648880004883,-6.216444969177246,-3.1023526191711426
c0873f5c2,-3.4419732093811035,-3.97703218460083,0.8530756235122681,2.004952907562256,-5.407559394836426,0.009708970785140991,-4.831462860107422,-1.150259256362915,-5.666367530822754,-3.294975757598877,1.4450818300247192,-1.3298863172531128,-1.1541441679000854,-3.0551605224609375,-1.8851734399795532,-4.2606048583984375,-3.79742431640625,-2.7560548782348633,-1.2093946933746338,-4.381475448608398,1.2945127487182617,-5.107661247253418,-3.091271162033081,-3.3507349491119385
c09606d04,-3.277407169342041,-3.8322935104370117,-2.4137678146362305,2.012679100036621,-1.1527297496795654,-2.5172629356384277,-4.201145172119141,-1.1882286071777344,-5.177148818969727,-3.5668020248413086,-4.192339897155762,-3.609107494354248,-2.465092658996582,-4.313523769378662,6.275532245635986,-2.8881912231445312,-5.881406784057617,-2.780970811843872,1.4798437356948853,-4.792423725128174,3.044562339782715,-2.9035651683807373,-4.150784969329834,-2.1305480003356934
c09ad983f,-1.6006996631622314,4.041799545288086,-3.3861775398254395,3.058408260345459,2.366572618484497,-3.1866254806518555,-4.269522190093994,-4.472519874572754,0.2918460965156555,0.28207892179489136,-4.359688758850098,-4.410006999969482,0.9372323155403137,5.635297775268555,0.5768095850944519,-1.8247485160827637,-1.6622977256774902,-3.364096164703369,-1.1123417615890503,-4.031833648681641,-3.418231725692749,5.403275966644287,-3.1027989387512207,-1.2868163585662842
c0b2be5e2,-4.298430919647217,5.200202941894531,-7.362740516662598,4.116106033325195,-0.735868513584137,-4.977322101593018,-5.064422607421875,-6.855465412139893,-3.3955039978027344,-4.23387336730957,-5.285765647888184,-8.149877548217773,2.6227450370788574,0.05475379526615143,-3.4219260215759277,-4.895129680633545,13.552209854125977,-3.923171043395996,-1.3694493770599365,-6.063971042633057,-7.502048969268799,5.829926490783691,-3.704453945159912,-2.4213309288024902
c0f0f95f2,-1.010735034942627,-0.8116258382797241,-2.2376394271850586,2.225931406021118,0.8352493643760681,-4.769258499145508,-3.437398910522461,1.6342086791992188,-2.4181158542633057,-1.122334599494934,-3.8978075981140137,-3.2690484523773193,2.353792905807495,-0.4010438323020935,-3.520977020263672,2.8855090141296387,-2.286076068878174,-1.2326995134353638,0.04833388701081276,-5.040139198303223,-4.48743200302124,-0.2982295751571655,-3.492459535598755,-1.876512050628662
c114c6f1f,-5.141694068908691,-0.786690354347229,-9.148204803466797,2.3741097450256348,-1.9482624530792236,-4.589023590087891,-7.190226078033447,-3.4137203693389893,-4.064446449279785,-5.408796310424805,-6.0178422927856445,-8.657794952392578,-0.36293405294418335,-3.4382529258728027,10.920999526977539,-4.659827709197998,-5.448418140411377,-6.606444835662842,-1.2369639873504639,-9.728933334350586,-7.115510940551758,0.16160178184509277,-5.784080505371094,-2.6817612648010254
c15c9101d,-6.010101318359375,-6.118220329284668,-0.07637137919664383,-0.4040611982345581,-8.141231536865234,-3.857062816619873,-2.863323926925659,4.581670761108398,-7.198417663574219,-0.37831807136535645,-2.0737721920013428,6.290769577026367,-5.943324089050293,-4.966164588928223,-2.2349398136138916,1.432502269744873,-2.855891466140747,-1.7018461227416992,-6.345114707946777,-3.862840175628662,-0.8083375096321106,-6.789628028869629,-3.0018961429595947,-5.127264976501465
c16cfd55c,-11.38815689086914,-12.189844131469727,-4.700592041015625,-5.414144992828369,-7.491613864898682,-4.582217693328857,-8.897536277770996,-9.390127182006836,-10.04702377319336,-6.493525981903076,-5.930231094360352,-3.68111515045166,-5.358119010925293,-9.786797523498535,-3.710761308670044,-8.28708553314209,-10.971376419067383,-9.177474021911621,-5.290375709533691,-8.75298023223877,-2.895683765411377,-8.265768051147461,-8.10234546661377,-6.023524284362793
c1a03fbc9,-3.8367319107055664,-4.91567325592041,-3.3153254985809326,2.3788366317749023,-4.591660499572754,-4.734127044677734,-3.99701189994812,3.613931894302368,-5.555202484130859,-2.37416410446167,-1.0932154655456543,2.726684808731079,0.7157731056213379,-3.3616466522216797,-3.023864269256592,0.04977378249168396,-3.508064031600952,-3.160377264022827,-0.3548349142074585,-5.5052924156188965,-2.690958261489868,-5.441376209259033,-3.236830472946167,-0.4385986328125
c1aeaf076,-4.740553379058838,-4.887557029724121,1.885302186012268,-1.2232342958450317,-2.506281852722168,-1.5096745491027832,-2.640808582305908,4.556265354156494,-5.418062210083008,-2.0498132705688477,0.8062269687652588,-0.0752926617860794,-4.32936954498291,-4.456503868103027,-1.383652925491333,-3.8464484214782715,-4.587368488311768,-2.6480579376220703,-3.389937162399292,-3.1388392448425293,1.1720463037490845,-5.526567459106445,-2.115640163421631,2.5032105445861816
c1b64556b,-2.8047008514404297,-4.071742534637451,-0.5053133964538574,-1.014370083808899,-3.3596689701080322,-2.3286540508270264,-1.6479010581970215,-3.217313766479492,-4.251844882965088,-2.3338959217071533,-3.815869092941284,-2.065971851348877,-5.1168718338012695,-3.9863200187683105,-4.379462242126465,1.4519548416137695,-4.718904972076416,-0.16970567405223846,-5.541084289550781,-0.8241156339645386,6.585051536560059,-5.647942066192627,-3.2824885845184326,1.744997262954712
c1de5e21b,-4.868744850158691,-5.705595970153809,1.6146003007888794,1.4304513931274414,-4.304102897644043,-1.8660924434661865,-4.155137062072754,-2.1214890480041504,-5.716612815856934,-4.102754592895508,-2.066830635070801,-1.6108109951019287,1.1719765663146973,-3.6392834186553955,-4.85380744934082,-4.652336597442627,-5.505631446838379,-2.0137410163879395,-1.7135742902755737,0.17480313777923584,5.089076519012451,-5.091383934020996,-2.596287488937378,-3.7270779609680176
c1f7ab813,-0.0388132780790329,-3.6041951179504395,-6.288575649261475,3.5221214294433594,9.216094017028809,-5.151978492736816,-6.936083793640137,-4.3327131271362305,-0.8390896320343018,-2.4697341918945312,-3.465393543243408,-5.75147819519043,5.650655269622803,2.9652936458587646,-5.650990009307861,-4.08272647857666,-5.1647491455078125,-4.328218460083008,3.1644065380096436,-8.80100154876709,-8.170912742614746,-0.33886072039604187,-4.02138090133667,1.6894066333770752
c21502d65,-2.709172248840332,-2.3380908966064453,-1.6176420450210571,1.0730538368225098,-2.833462715148926,-0.8768722414970398,-2.494739532470703,-2.341953754425049,-3.5135915279388428,-0.5671842098236084,-1.849338412284851,0.6738206744194031,1.073351263999939,1.5304396152496338,-3.5059781074523926,-2.4045515060424805,-3.741222381591797,0.3031316101551056,-2.0891027450561523,-3.0628156661987305,-0.19115567207336426,-4.122503280639648,-2.761018753051758,-0.9349269866943359
c244af819,-1.542607307434082,-0.6352810859680176,3.408803939819336,1.8479926586151123,-2.60996150970459,-3.203737735748291,-4.177844047546387,-3.3345677852630615,-4.52043342590332,-1.9279505014419556,-3.900564670562744,-6.240858554840088,-2.607172966003418,-2.5986924171447754,-1.3194541931152344,-2.236541509628296,-3.6497726440429688,-3.6270997524261475,-0.5076413154602051,-4.239955425262451,-2.895322799682617,-3.0912203788757324,-4.381251335144043,-2.391444683074951
c25373670,8.557435035705566,-5.235285758972168,-4.550469398498535,1.5636075735092163,-4.263028144836426,-9.895977020263672,-10.657270431518555,-6.516671180725098,-3.206430196762085,-3.2489919662475586,-5.98581600189209,-10.059651374816895,6.050685405731201,-3.348362922668457,-10.063352584838867,-5.995410442352295,-7.400218963623047,-8.265495300292969,3.084109306335449,-11.732257843017578,-10.490839004516602,-7.558859825134277,-7.384460926055908,-4.254055500030518
c25ec8752,5.368412494659424,0.6963149905204773,2.9777870178222656,0.9410108327865601,-3.5767431259155273,-6.628436088562012,-6.3890380859375,-7.583831787109375,-3.932095527648926,-2.421055793762207,-6.299274444580078,-6.390524864196777,-4.232446193695068,-1.3835054636001587,-8.836763381958008,-6.047168731689453,-3.8721868991851807,-4.047724723815918,-2.0967538356781006,-3.5381946563720703,-1.6707159280776978,-5.312591552734375,-5.622563362121582,-0.8977314233779907
c264170c1,-6.049914360046387,-3.8145153522491455,-0.5698519945144653,-3.745177745819092,-5.3893938064575195,-3.1895828247070312,-3.934612512588501,3.68625545501709,-6.605990409851074,-3.003702163696289,-2.8837316036224365,3.720252513885498,-4.7862043380737305,-3.192941904067993,-2.3695766925811768,-4.773177623748779,-2.3756484985351562,-4.356773376464844,-4.234320640563965,-4.157159328460693,6.134195804595947,-4.99177360534668,-2.6861677169799805,-2.5080840587615967
c2c6dec09,-2.9950413703918457,-6.575070858001709,-7.578902721405029,3.3179385662078857,-1.4858421087265015,-4.3255205154418945,-8.489757537841797,-5.958625316619873,-4.649717330932617,-4.742987155914307,-4.53288459777832,-8.940312385559082,9.409676551818848,-2.555617094039917,-5.839655876159668,-6.024251937866211,-6.921095371246338,-9.239886283874512,3.4945271015167236,-12.138470649719238,-9.609060287475586,-4.07466459274292,0.10988765954971313,-2.093440055847168
c2fdedea4,-2.389225482940674,-0.8089892864227295,-5.789109230041504,2.959996223449707,-1.9950644969940186,-4.529088973999023,-7.880765914916992,-4.059118270874023,-4.436676979064941,-4.247766971588135,-4.627057075500488,-8.048830032348633,4.279226779937744,-1.2624545097351074,-2.865696430206299,-2.957672595977783,-4.031503677368164,-7.113363742828369,2.7373299598693848,-8.287739753723145,-7.760552883148193,-1.7158821821212769,-4.037836074829102,-1.7637383937835693
c324ce99e,-3.0452351570129395,-5.689764022827148,0.19726860523223877,-2.7996745109558105,-5.668694496154785,-0.7880388498306274,-3.165527820587158,-3.690690517425537,-6.3450140953063965,-2.0388669967651367,-3.46437931060791,-2.0252089500427246,-5.553136825561523,-4.767370223999023,-3.9658634662628174,-4.177916526794434,-5.844902038574219,-1.3658795356750488,-3.6841235160827637,-0.8385977745056152,0.9717891216278076,-6.530381679534912,-5.6243743896484375,-2.1780760288238525
c367c3185,-5.509795188903809,-7.1123223304748535,-2.21699595451355,2.799583911895752,-7.007122039794922,-2.9050605297088623,-5.380829334259033,-3.1826274394989014,-7.872341632843018,-4.287797927856445,-2.999295711517334,-3.377621650695801,8.804262161254883,-5.9024152755737305,-4.536681175231934,-5.070521354675293,-7.399792671203613,-4.749022483825684,0.28277403116226196,-5.7114973068237305,-3.7512311935424805,-7.613556861877441,-4.904386043548584,0.02014636993408203
c37841722,-2.8973050117492676,-1.3900864124298096,-0.6488915085792542,1.2855658531188965,2.37237548828125,-1.7336158752441406,-4.264535427093506,-4.516146659851074,-2.3046658039093018,-1.296661376953125,-3.5779905319213867,-1.7744299173355103,-1.2655526399612427,0.5682555437088013,-3.242123603820801,-3.3971316814422607,-4.646286964416504,-0.9127293229103088,-2.713350534439087,-2.19534969329834,3.1657609939575195,-1.5258691310882568,-3.5677342414855957,0.4659866392612457
c37c8f55a,-2.8396034240722656,-4.840607643127441,0.9128612875938416,-0.8927993774414062,-5.2323808670043945,3.8286657333374023,-4.304557800292969,-2.919590711593628,-5.645124435424805,-1.4511542320251465,-3.748609781265259,-0.6917409300804138,-1.797692060470581,-3.6160097122192383,-4.42369270324707,-4.56013822555542,-5.477989673614502,-2.579517126083374,-1.6489466428756714,-3.7889204025268555,1.712156891822815,-5.983497619628906,-1.9346998929977417,-0.8127915859222412
c3b011e36,-5.8674798011779785,-2.416438579559326,-1.5132787227630615,-0.18973645567893982,-3.614314556121826,-1.153700351715088,-0.6485051512718201,-0.10504079610109329,-6.062668800354004,-3.1439008712768555,-1.5944875478744507,3.738591194152832,-2.727051258087158,-2.7805209159851074,-3.198805332183838,-3.7376222610473633,-4.651836395263672,-3.8610923290252686,-4.272102355957031,-3.828688144683838,12.80266284942627,-4.764547348022461,-1.078141450881958,-1.5329234600067139
c3bb31d1e,-5.641156196594238,-5.982919692993164,-1.9649776220321655,-4.3660759925842285,-2.3828787803649902,-1.549871563911438,-4.1854424476623535,-4.25897216796875,-5.881962776184082,-1.8106571435928345,-3.5671300888061523,-0.3774251937866211,-5.001452445983887,-5.428461074829102,-4.488358020782471,-3.822038412094116,-6.790184497833252,-3.4370901584625244,-5.784506797790527,-3.6261401176452637,0.16225969791412354,-5.691810607910156,-3.162304639816284,2.641775608062744
c3c3c41a1,-2.655301094055176,-1.225857138633728,-2.8248772621154785,2.067361354827881,-0.8747931718826294,-1.0978546142578125,-5.154617786407471,-3.5252065658569336,2.7110648155212402,-2.1699490547180176,-2.394789695739746,-5.048173904418945,8.172154426574707,-1.3467506170272827,-2.8973193168640137,-3.444619655609131,-4.0231218338012695,-2.5492911338806152,-0.3735560476779938,-3.9935731887817383,-0.2063889503479004,-1.251928448677063,-2.787869453430176,-0.8366280794143677
c3c8b10e7,-3.4400625228881836,-3.7187581062316895,-1.8811861276626587,1.655397891998291,-4.439342498779297,0.09501498937606812,-4.13540506362915,-1.1957550048828125,-4.584222793579102,-2.2843070030212402,-1.956274390220642,-3.4190826416015625,5.521363258361816,-2.0916268825531006,-2.4498648643493652,-3.245182514190674,-4.69050407409668,-2.556971549987793,-0.7384769916534424,-4.4360175132751465,-1.6535406112670898,-4.67317533493042,-2.346714496612549,-2.151061534881592
c3ce9d92e,-1.849419116973877,-2.5324206352233887,-4.395961761474609,2.8398189544677734,1.42572021484375,-4.4068450927734375,-4.910347938537598,4.885351657867432,-3.6927928924560547,-2.1778738498687744,-3.357038974761963,0.026255428791046143,2.0659494400024414,-1.7319579124450684,-0.9030239582061768,-3.2509469985961914,-3.019538402557373,-5.136862754821777,2.162050724029541,-5.9189934730529785,1.2362403869628906,-0.9711620211601257,-2.271535873413086,-1.072333812713623
c3dd81602,-5.261016845703125,-2.638803243637085,-6.252371788024902,2.921232223510742,-3.3898167610168457,-5.102694034576416,-8.37554931640625,-0.16526180505752563,-6.6335344314575195,-5.965703964233398,-5.256044864654541,-8.263492584228516,-1.1116080284118652,-3.467806816101074,8.391819953918457,-5.20146369934082,-5.747243881225586,-6.653461933135986,2.3191447257995605,-7.925360679626465,-1.3255058526992798,-0.6660917401313782,-5.807513236999512,-3.9987752437591553
c40916152,-3.2704598903656006,-6.348714351654053,3.1572113037109375,-1.3628559112548828,-7.074207782745361,-2.3014631271362305,-3.863736629486084,1.7164822816848755,-8.614636421203613,-2.2660276889801025,-4.980727195739746,-1.9860742092132568,-7.029685974121094,-6.7849345207214355,-4.57297945022583,-4.322866439819336,-5.346289157867432,-3.467254161834717,-3.8836817741394043,-3.8410825729370117,-2.0050899982452393,-7.433996200561523,-5.532694339752197,-4.958388805389404
c40947942,9.297069549560547,0.08300095051527023,-5.80385684967041,2.7008919715881348,-2.7417550086975098,-10.062976837158203,-9.936052322387695,-6.492732524871826,-2.7188186645507812,-3.0508036613464355,-7.128737449645996,-10.13075065612793,1.3093690872192383,-1.9094338417053223,-7.692049980163574,-6.322181224822998,-4.304801940917969,-8.32712173461914,2.039364814758301,-9.798297882080078,-8.259659767150879,-4.6409173011779785,-6.8814239501953125,-2.3864378929138184
c44adba11,-3.1193060874938965,4.913364410400391,-3.93527889251709,2.7516465187072754,-3.7345032691955566,-6.7592315673828125,-4.092116355895996,-4.698683261871338,-4.3793625831604,-3.539916515350342,-3.7731070518493652,-5.301375389099121,-1.5157190561294556,-0.6516198515892029,-4.025908946990967,-5.080977916717529,13.881885528564453,-0.7996711134910583,-4.23199987411499,-2.833113670349121,-6.435519695281982,-0.48416784405708313,-4.518951416015625,-3.5340895652770996
c455c0379,-3.8145201206207275,-3.8640904426574707,0.6531610488891602,-0.07659868896007538,-3.084163188934326,-1.209031343460083,-0.3766416311264038,-1.0468446016311646,-5.4925689697265625,-0.26860034465789795,-3.605394124984741,-0.7341422438621521,-4.696743011474609,-4.211552143096924,-2.837087869644165,-1.6322903633117676,-3.52626633644104,0.1713322252035141,-5.2492289543151855,-2.5383102893829346,13.635478019714355,-4.5327653884887695,-1.5599175691604614,0.9328298568725586
c46674bf3,-3.008765459060669,-0.8233173489570618,-3.391655206680298,3.1437835693359375,-3.64968204498291,-3.0542280673980713,-6.989200115203857,-4.303662300109863,-0.49484649300575256,-4.006184101104736,-2.0101470947265625,-6.305380821228027,7.189037322998047,-1.87538743019104,-2.0782241821289062,-4.595641613006592,-5.472928524017334,-6.340765953063965,0.0822492465376854,-5.104823112487793,-5.125373363494873,-3.2951560020446777,-4.0734357833862305,-1.1731241941452026
c4d09de97,-5.205478191375732,-5.365678310394287,-0.3395911455154419,-2.1586239337921143,-5.880176544189453,-1.7040879726409912,-3.9169838428497314,-1.5643106698989868,-7.024178504943848,-2.5704116821289062,-1.9448747634887695,-1.142490267753601,-4.713518142700195,-4.643416404724121,-3.402134895324707,-3.9718194007873535,-4.200429916381836,-1.6882538795471191,-4.560713291168213,-2.148606538772583,3.2115983963012695,-6.011863708496094,-1.2557204961776733,-1.0172053575515747
c4f0e1cbe,-3.881624698638916,-4.523580074310303,0.7807937860488892,0.26309242844581604,-3.4562065601348877,-2.488074541091919,-4.614071846008301,0.8089197874069214,-6.202200412750244,-0.9700821042060852,-5.015652656555176,-0.44349372386932373,-4.250225067138672,-4.81693172454834,-0.26105067133903503,-4.5090742111206055,-5.033540725708008,-4.066379070281982,-1.1652308702468872,-1.6759159564971924,-1.1709040403366089,-4.718327522277832,-5.360708236694336,-1.6871016025543213
c52e564a3,-3.142899751663208,-3.7302536964416504,-0.01648613065481186,2.564810276031494,-5.073212623596191,-2.9869375228881836,-4.686013221740723,-1.5778543949127197,-6.4282732009887695,-4.379005432128906,-3.1609947681427,-4.382686614990234,-0.4710472822189331,-4.629919052124023,-1.5603654384613037,-1.9919159412384033,-5.295224666595459,-4.221155643463135,-0.4567577540874481,-5.048589706420898,9.041158676147461,-5.183684349060059,-4.186822891235352,-2.075679302215576
c52ecc313,-6.289501190185547,-5.394051551818848,-2.9996089935302734,0.15861725807189941,-7.345847129821777,-5.912508010864258,-3.9022371768951416,4.968616485595703,-6.640145301818848,-2.731581926345825,-0.6792328953742981,5.987091541290283,-3.735748767852783,-4.9080424308776855,-3.075704336166382,-4.26569128036499,-2.2675201892852783,-4.610777854919434,-4.71607780456543,-5.8980488777160645,-4.069525241851807,-4.686733245849609,-3.429617404937744,-3.8020668029785156
c534cb325,-8.821130752563477,-7.317220687866211,-4.937851905822754,-5.529452800750732,-5.416985034942627,-3.918231964111328,-6.706406593322754,-6.288980484008789,-7.277466297149658,-4.517693042755127,-5.274211883544922,-2.4996378421783447,-5.384650230407715,-6.376382350921631,-2.033904552459717,-5.089848518371582,-6.917060375213623,-6.419761657714844,-4.5514984130859375,-5.225344657897949,-3.1402218341827393,-4.922163963317871,-6.315524578094482,-4.687666893005371
c57925f40,-0.6774580478668213,-4.175549030303955,-5.621504783630371,2.793917655944824,-2.706942558288574,-0.4707546830177307,-5.318257808685303,-4.69146203994751,5.443317890167236,-2.873502731323242,-1.7741796970367432,-4.270140171051025,9.37619400024414,-1.4663236141204834,-3.29679536819458,-3.891124725341797,-5.462371826171875,-4.108108043670654,0.7869146466255188,-4.099939823150635,-1.3825763463974,-4.00081729888916,-2.073493480682373,0.2822718322277069
c5a915372,-5.65558385848999,-3.1649928092956543,-3.122577667236328,-1.4852497577667236,-4.362277507781982,-1.881829023361206,-5.136685848236084,-1.868275761604309,-5.41831636428833,-2.1881439685821533,-3.3003921508789062,0.028397083282470703,-3.339547634124756,-3.646031618118286,3.0750441551208496,-4.657475471496582,-4.330519676208496,-2.9329352378845215,-1.9052335023880005,2.241720199584961,-0.7764480113983154,-2.0682506561279297,-4.377401351928711,-2.974246025085449
c5aecb0c6,-2.7849864959716797,-6.762289047241211,-7.54407262802124,2.978017807006836,-3.7612667083740234,-5.705443382263184,-9.423251152038574,-5.748763561248779,-5.591066360473633,-5.0625810623168945,-4.2699995040893555,-7.947278022766113,9.800745010375977,-3.318054676055908,-7.71846866607666,-6.127716541290283,-8.063619613647461,-9.295600891113281,3.0473380088806152,-12.184865951538086,-11.09708023071289,-6.348482608795166,-6.341379165649414,-1.6980003118515015
c5c7b2c3e,-5.008434772491455,-5.756980895996094,-0.11936302483081818,-3.508145332336426,-4.703768730163574,-0.7850580811500549,-4.0308661460876465,-3.6118555068969727,-6.129652500152588,-3.609285831451416,-2.730203151702881,-0.12098497152328491,-4.877354621887207,-4.698160648345947,-4.303021430969238,-5.196754455566406,-6.1516432762146,-0.5078719854354858,-4.603421211242676,-0.5411863327026367,7.895856857299805,-5.940472602844238,-4.764224052429199,-3.7746262550354004
c5cff3f95,-4.417277812957764,-2.4817700386047363,-5.109919548034668,3.814281463623047,-0.8701223134994507,-4.988463401794434,-7.956654071807861,-3.6016907691955566,-5.256923198699951,-3.6843409538269043,-5.4531941413879395,-7.611688137054443,3.790883779525757,-2.5367331504821777,-2.6418089866638184,-5.168898582458496,-5.1610260009765625,-7.254377841949463,2.4930686950683594,-9.776595115661621,-7.887855052947998,-1.1643505096435547,-4.853240489959717,-2.2388200759887695
c5dd94c2b,-0.8163533806800842,2.193540573120117,-0.059805601835250854,2.3213982582092285,-2.711164951324463,-3.170586585998535,-4.64292049407959,-5.10488748550415,-4.946079730987549,-1.5750820636749268,-4.4508819580078125,-6.315563678741455,-3.067456007003784,-1.163038969039917,-5.3101301193237305,-4.012660980224609,-3.2695908546447754,-3.377819538116455,-4.19702672958374,-4.3344407081604,-4.782031059265137,-2.2293217182159424,-3.6809606552124023,-2.0635557174682617
c5fb4b34a,-3.4261622428894043,-1.972022533416748,-0.38543790578842163,-1.2590227127075195,-2.4978747367858887,-1.416142463684082,-4.8317999839782715,-2.267457962036133,-5.039618015289307,-3.042262315750122,-3.73476243019104,-2.919708013534546,-2.9118247032165527,-0.750626802444458,-0.7007400393486023,-3.591841220855713,-4.819751739501953,-3.135051727294922,-2.8769078254699707,-1.522701382637024,-0.3733322322368622,-3.4200379848480225,-3.562256336212158,-1.7595698833465576
c626ded1a,-6.548150539398193,-6.493052959442139,0.04648028314113617,-2.2870309352874756,-7.557275772094727,-2.773207664489746,-4.172200679779053,-0.12570998072624207,-8.033482551574707,-1.4006251096725464,-3.434225559234619,-0.49018290638923645,-3.653223752975464,-5.954455852508545,-5.0589704513549805,-5.075357913970947,-5.777979373931885,-3.5300803184509277,-4.3414435386657715,-5.011160850524902,7.317355155944824,-6.838591575622559,-3.9677724838256836,-4.813633918762207
c689b8e14,-0.5728347301483154,-5.527823448181152,-5.098647594451904,2.7646777629852295,3.678901433944702,-1.8316984176635742,-6.162178039550781,-5.051959991455078,4.345558166503906,-3.5949535369873047,-2.6564736366271973,-4.527751922607422,8.066766738891602,-1.1118576526641846,-3.7520930767059326,-5.115468978881836,-6.418065071105957,-4.710932731628418,1.656039834022522,-5.0758867263793945,-2.7566142082214355,-4.787328720092773,-1.1310100555419922,-0.14234288036823273
c68ed5008,-3.856837034225464,-3.768124580383301,-0.39695966243743896,0.5416643023490906,-3.254031181335449,-2.940398931503296,-5.409814834594727,-2.984333038330078,-4.663374423980713,-0.34961843490600586,-3.607588529586792,-1.6858141422271729,0.1835431456565857,-2.3544740676879883,-5.380281448364258,-4.686489105224609,-6.162387847900391,-4.322383880615234,-2.588252067565918,-5.071493625640869,-1.8605737686157227,-3.9781405925750732,-5.173003196716309,-3.203453540802002
c69c0e1fa,-6.323910713195801,-7.6104254722595215,-0.08699387311935425,-4.243304252624512,-6.11713981628418,-2.5763895511627197,-5.629627227783203,-5.34529972076416,-8.194429397583008,-3.231945514678955,-4.41128396987915,-0.29701265692710876,-4.435575008392334,-6.352384090423584,-5.150941371917725,-5.917937278747559,-7.6161417961120605,-4.411015510559082,-4.894660949707031,-2.5727546215057373,-1.8364315032958984,-7.0775980949401855,-5.590048789978027,-4.901450157165527
c6da9a55c,-3.2338461875915527,1.4607456922531128,-4.994694709777832,2.437744617462158,-2.385507106781006,-3.8202433586120605,-5.919900894165039,-2.977573871612549,-2.585895538330078,-2.087285041809082,-3.179983615875244,-3.3368630409240723,3.3309223651885986,-1.5517585277557373,-2.394590139389038,-3.8216731548309326,-2.002800703048706,-4.935334205627441,-0.06336767971515656,-3.2788615226745605,-6.119235038757324,2.1439766883850098,-2.037140130996704,-0.9806686639785767
c6ddbb5eb,-2.3585500717163086,-5.667229652404785,-7.634761333465576,3.1740620136260986,5.38862419128418,-4.379406929016113,-8.648366928100586,-6.977516174316406,-2.7274553775787354,-5.477648735046387,-4.75424861907959,-8.280400276184082,9.4464693069458,0.029941916465759277,-5.667850494384766,-5.653173923492432,-6.033546447753906,-7.774555206298828,3.6100406646728516,-11.319223403930664,-9.554448127746582,-1.7088775634765625,-5.964778900146484,-0.691997230052948
c6e5b021b,-3.6617889404296875,-4.363924026489258,-0.8357774615287781,0.5648215413093567,-4.600713729858398,1.4729626178741455,-2.4971909523010254,-0.9270892143249512,-5.3537678718566895,-1.8004391193389893,-3.0090556144714355,-0.9237321019172668,-3.438572883605957,-3.590618133544922,-2.026097536087036,-1.2263730764389038,-3.456099033355713,-0.9408674240112305,-2.9163341522216797,-2.1672565937042236,-0.15077951550483704,-4.388030052185059,-2.889256477355957,-1.7203935384750366
c6f6bfd9a,9.617195129394531,-3.996006488800049,-4.774171352386475,0.8292786478996277,-4.805379867553711,-10.592301368713379,-11.258484840393066,-7.197149276733398,-3.786367893218994,-3.2032852172851562,-6.583942890167236,-10.446256637573242,4.188478469848633,-3.334784507751465,-10.98983097076416,-6.559732913970947,-7.5222625732421875,-8.61790657043457,2.62918758392334,-11.836820602416992,-10.062858581542969,-8.568560600280762,-7.465836524963379,-4.307590961456299
c7137a61b,-4.255461692810059,-6.189957618713379,-1.7706849575042725,-1.7880492210388184,-4.2871198654174805,-1.8724452257156372,-0.4371984302997589,-3.409874677658081,-4.525453090667725,-1.0840303897857666,-1.8230410814285278,-0.4875830411911011,-3.5191774368286133,-4.8572001457214355,-4.158733367919922,-2.3949131965637207,-4.9838762283325195,-0.5428463220596313,-6.127245903015137,-2.1202569007873535,-0.21210983395576477,-4.6207594871521,-3.33042573928833,-1.2530968189239502
c74013905,-2.3673431873321533,-1.7378380298614502,3.787318706512451,3.2640931606292725,0.5570587515830994,-2.3298745155334473,-5.287379264831543,-4.897025108337402,-4.270290374755859,-1.3860005140304565,-4.080179214477539,-5.414178848266602,2.402803897857666,-1.7251144647598267,-4.680919647216797,-4.942012786865234,-5.508972644805908,-4.0091552734375,1.4174530506134033,-5.744965076446533,-2.0722060203552246,-2.3439300060272217,-3.970374345779419,-2.9303061962127686
c76e71637,4.518955230712891,-1.0330867767333984,1.322319746017456,2.1079065799713135,-1.8629965782165527,-4.545614242553711,-6.189638137817383,-6.869002342224121,-2.5514864921569824,-0.9240926504135132,-5.834788799285889,-7.239180564880371,-2.2053818702697754,-1.9291173219680786,-6.192390441894531,-5.893779754638672,-3.3817198276519775,-3.9181265830993652,-0.20886744558811188,-4.645164489746094,-3.7944958209991455,-4.150071620941162,-5.419148921966553,-1.3583869934082031
c809e32ee,-4.454106330871582,-4.782318115234375,-0.7634615302085876,-1.7867755889892578,-5.626560211181641,-1.632145643234253,-2.992027997970581,-2.1753547191619873,-6.01167106628418,-1.1784629821777344,-3.6373066902160645,-1.0441783666610718,-4.68363618850708,-4.881341457366943,-3.5135507583618164,-3.6627893447875977,-4.538936614990234,-2.2168374061584473,-4.276396751403809,-4.514037609100342,9.898404121398926,-5.052708625793457,-4.198902130126953,-3.1286988258361816
c816f8c4a,-2.5582942962646484,1.7791227102279663,-2.57220196723938,1.5316096544265747,-2.8814921379089355,-4.438976764678955,-5.4079437255859375,-3.24648118019104,-4.8531694412231445,-2.541405200958252,-4.207269668579102,-0.8443708419799805,0.6502067446708679,-1.0507631301879883,-2.2981925010681152,-3.764260768890381,-2.426212787628174,-4.899418354034424,-0.1174282506108284,-4.4875898361206055,3.778369903564453,-2.6420693397521973,-4.252782344818115,-2.29899001121521
c81fbf688,-4.796438694000244,-6.3136138916015625,1.0423743724822998,-1.0828073024749756,-7.0932159423828125,-3.449239492416382,-3.023073434829712,0.5360214710235596,-6.825691223144531,-2.2768821716308594,-3.64768123626709,-1.8412423133850098,-5.840202331542969,-6.694452285766602,-2.9772896766662598,3.538055658340454,-4.6548309326171875,-0.9126625657081604,-6.492798805236816,-2.396801471710205,0.8804157376289368,-6.720798969268799,-2.0706448554992676,-3.6066646575927734
c84571e6b,-3.9909896850585938,-7.307536602020264,-6.726170539855957,2.645113468170166,-6.806399822235107,-3.9310312271118164,-8.531246185302734,-4.690020561218262,-5.703073501586914,-3.3562655448913574,-1.1576313972473145,-5.780411720275879,9.696574211120605,-4.677179336547852,-6.936628818511963,-5.242403507232666,-8.244464874267578,-8.538972854614258,1.0581257343292236,-9.979965209960938,-10.006644248962402,-7.142788887023926,-4.17289924621582,-3.73767352104187
c84674265,-4.79993200302124,-5.877384662628174,-4.11954927444458,-0.869118332862854,-3.375121593475342,-0.07837465405464172,-4.625524520874023,-5.277729511260986,-2.6425540447235107,-0.8176887035369873,-3.135793685913086,-0.680761456489563,2.0759544372558594,-4.734013557434082,-4.354087829589844,-4.487558364868164,-6.547771453857422,-3.3783035278320312,-1.866273283958435,-2.1134254932403564,-2.0608572959899902,-4.462519645690918,-3.2954390048980713,-0.7300496697425842
c87e6c093,-4.868135929107666,-4.798242568969727,-0.9691532254219055,-0.1012474000453949,-6.988312721252441,-2.479935884475708,-1.7083380222320557,2.803891658782959,-7.014536380767822,-2.7167418003082275,-2.8296585083007812,3.343353033065796,-4.336128234863281,-4.3145623207092285,-3.9338274002075195,0.2205074429512024,-4.4846110343933105,-1.5197014808654785,-4.751988410949707,-3.7764406204223633,4.6976094245910645,-6.766868591308594,-3.530606985092163,-4.866735935211182
c8940032b,-3.5475828647613525,-5.193547248840332,-7.636173725128174,2.925344467163086,-5.1793532371521,-4.244410991668701,-8.359429359436035,-4.647507667541504,-5.284465789794922,-4.661235332489014,-2.446713447570801,-7.812375068664551,10.679841995239258,-2.9421918392181396,-6.5669145584106445,-4.649251937866211,-6.624509811401367,-8.80421257019043,1.6331329345703125,-10.523174285888672,-10.413034439086914,-5.653850078582764,-1.8218992948532104,-2.776970624923706
c8978bca8,-1.7920143604278564,-6.007847785949707,-7.958414554595947,3.5034244060516357,-0.8030492067337036,-5.645978927612305,-9.599112510681152,-6.734982013702393,-4.547888278961182,-5.293510437011719,-5.309199810028076,-9.48742961883545,8.69808578491211,-2.227869987487793,-5.069429397583008,-6.019370079040527,-7.534256935119629,-9.467230796813965,3.7267417907714844,-13.461791038513184,-11.353702545166016,-2.9578425884246826,-6.111858367919922,-2.7998886108398438
c929cccf9,-2.082061767578125,-0.4402148425579071,-6.726487159729004,3.4422221183776855,5.564538478851318,-5.831621170043945,-7.674185276031494,-4.698086738586426,-2.424405574798584,-4.219898700714111,-5.963663101196289,-6.7993669509887695,2.9677867889404297,-0.14795613288879395,1.045469045639038,-4.475633144378662,-3.9129533767700195,-6.0306172370910645,5.348388671875,-9.29081916809082,-6.4056806564331055,0.7015904188156128,-4.960096836090088,-0.5713002681732178
c97e91c75,-0.532929539680481,-4.5131916999816895,1.4498016834259033,1.1717995405197144,-4.967728614807129,2.1661338806152344,-0.7936589121818542,-2.3960485458374023,-6.8266754150390625,-2.4168143272399902,-3.6436948776245117,-3.0484330654144287,-3.874213218688965,-2.999039649963379,-3.914029121398926,-4.089488983154297,-4.290438652038574,-1.1490994691848755,-3.2175352573394775,-2.6391091346740723,0.3263173997402191,-5.519510269165039,-3.0584187507629395,-2.4385452270507812
c98dab184,-16.39731216430664,-16.751296997070312,-7.356818675994873,-8.152485847473145,-9.858833312988281,-6.594766616821289,-14.282134056091309,-14.172018051147461,-12.900429725646973,-8.596522331237793,-10.106582641601562,-8.02673053741455,-7.5486955642700195,-13.649285316467285,-7.174678802490234,-12.138153076171875,-13.837808609008789,-13.494061470031738,-7.2670578956604,-11.680723190307617,-3.546058177947998,-11.6293306350708,-12.418214797973633,-9.698592185974121
c9b48c082,-0.7350649833679199,-2.72251033782959,1.0456010103225708,-0.9845641851425171,-1.6313310861587524,-1.1423357725143433,-3.7014739513397217,-2.0445590019226074,-5.2727861404418945,-2.152789354324341,-2.9112279415130615,-3.441323757171631,-2.993262767791748,-2.114335775375366,-1.2461161613464355,-3.2265048027038574,-3.6664175987243652,-1.9005613327026367,-2.235576629638672,-2.2969789505004883,-1.5986442565917969,-4.070791244506836,-3.2059621810913086,-0.8810081481933594
ca1195c23,-11.514175415039062,-12.381064414978027,-4.5161027908325195,-7.105690002441406,-7.824154853820801,-2.9802134037017822,-7.082233905792236,-8.795700073242188,-8.779135704040527,-5.365450859069824,-4.53505802154541,-1.1071338653564453,-5.628909587860107,-8.213457107543945,-5.795165538787842,-7.108275413513184,-9.953617095947266,-7.074629783630371,-6.553576469421387,-5.055607318878174,-1.759171485900879,-8.46044635772705,-5.84793758392334,-5.054594993591309
ca1a97d48,-1.5092591047286987,-4.97688102722168,-4.292356491088867,2.8176755905151367,0.3721144199371338,-1.2387604713439941,-6.26123046875,-3.1859893798828125,3.9139413833618164,-3.035205602645874,-1.6021442413330078,-4.963347434997559,10.360445022583008,-1.9606893062591553,-4.231260776519775,-4.511800765991211,-5.858569145202637,-3.6977760791778564,1.3130285739898682,-5.460327625274658,-2.978527545928955,-4.2461676597595215,-2.6661508083343506,-0.6906397342681885
ca2d9da76,-5.360183238983154,-5.647401809692383,1.0791860818862915,-3.434117317199707,-3.522089719772339,-1.6720201969146729,-4.0126824378967285,-4.176892280578613,-6.080759048461914,-3.3011116981506348,-3.176109552383423,0.26027971506118774,-3.517613410949707,-4.111359596252441,-3.264782667160034,-4.870673179626465,-6.081421852111816,-2.8584418296813965,-3.755544424057007,-0.6960657238960266,1.0511159896850586,-4.488682746887207,-3.780853033065796,-3.534543037414551
ca3845296,-12.535146713256836,-10.88504409790039,-6.1076250076293945,-4.251021385192871,-7.177969455718994,-5.761902332305908,-12.779809951782227,-11.969472885131836,-10.968774795532227,-7.592713832855225,-8.68204116821289,-9.438301086425781,-8.416093826293945,-11.734519004821777,-1.3445810079574585,-9.538095474243164,-12.530792236328125,-11.44754409790039,-3.334470272064209,-10.480228424072266,-5.969925880432129,-6.9351582527160645,-12.004554748535156,-8.09815502166748
ca43c05a1,-1.8318514823913574,-2.3397226333618164,7.797595024108887,1.7655705213546753,-3.1751184463500977,-2.817704677581787,-3.19901442527771,1.315159559249878,-6.046797752380371,-0.08681732416152954,-3.245609760284424,-3.4771785736083984,-2.939638614654541,-3.2962636947631836,-3.4431841373443604,-3.9847300052642822,-3.994821310043335,-2.456780195236206,-2.705357074737549,-4.8168182373046875,1.8165291547775269,-3.665630578994751,4.427740097045898,-2.4526398181915283
ca46b4b44,-3.594181537628174,-6.439212799072266,0.5116856694221497,-2.139286756515503,-6.042736530303955,-1.8529655933380127,-5.161016464233398,-1.0830168724060059,-6.9418792724609375,-2.282606601715088,-5.044213771820068,-4.63565731048584,-7.105847358703613,-6.8898468017578125,5.0350236892700195,-5.435389518737793,-5.232877254486084,-2.780362606048584,-3.545835256576538,-4.277303695678711,0.8011748790740967,-6.182982444763184,-5.921099662780762,-5.182586669921875
ca489b9bc,-2.3417320251464844,-4.641235828399658,1.0037059783935547,-3.1923723220825195,-5.088374137878418,-0.37995272874832153,-3.914576292037964,-1.051665186882019,-5.788576602935791,-1.4866451025009155,-3.1394219398498535,-2.0598978996276855,-3.358009099960327,-3.8082146644592285,-1.995087742805481,-4.3042826652526855,-4.046928405761719,-1.6772918701171875,-1.9498021602630615,-2.0630011558532715,1.3522379398345947,-5.648639678955078,-2.920957565307617,-0.5309175252914429
ca812bded,-4.075121879577637,5.788860321044922,-5.727855682373047,3.8230092525482178,0.6952271461486816,-0.14277338981628418,-3.4379019737243652,-2.431849956512451,-2.8474998474121094,-3.7751107215881348,-1.4126698970794678,-3.2375330924987793,0.24901354312896729,-0.6258733868598938,2.3259737491607666,-3.725189208984375,-1.584371566772461,-4.6565093994140625,-0.4755147099494934,-4.818806171417236,0.6534286737442017,3.1374423503875732,9.35041618347168,-1.5322084426879883
cafaa9bb3,11.309062957763672,-0.4855183959007263,-8.661343574523926,1.39812433719635,-0.5533751249313354,-14.29399299621582,-12.955240249633789,-9.744210243225098,-2.89251971244812,-4.143669128417969,-9.858118057250977,-13.113590240478516,0.7495896220207214,-1.9321784973144531,-10.318790435791016,-8.737354278564453,-6.567307472229004,-9.993940353393555,2.5054211616516113,-12.381813049316406,-9.280086517333984,-5.277810096740723,-9.250965118408203,-2.758476734161377
cb1086195,-3.6799747943878174,4.437267303466797,-5.190169334411621,2.1566853523254395,-1.372148036956787,-3.563347339630127,-4.543882846832275,-1.4575830698013306,-3.105475664138794,-3.4985923767089844,-4.0760393142700195,-5.592539310455322,-2.1680338382720947,0.04508662223815918,4.938639163970947,-1.6408127546310425,-1.2236039638519287,-3.2450408935546875,-3.101638078689575,-5.8047895431518555,-5.105942249298096,2.094881534576416,-2.98691463470459,-1.76987624168396
cb377d593,-2.492436408996582,-1.778982162475586,-1.2081258296966553,1.72855544090271,-3.4820151329040527,-2.4137184619903564,-4.603765487670898,-2.888852596282959,-2.0307273864746094,-2.1950693130493164,-2.9034199714660645,-3.857985496520996,1.150834321975708,-0.8973174691200256,-0.600750207901001,-2.9431581497192383,-4.613448619842529,-1.5635895729064941,-1.1931707859039307,-0.41845703125,1.4186010360717773,-4.127569198608398,-4.206959247589111,-2.566500425338745
cb581925b,-1.9170223474502563,-1.0618610382080078,-5.417289733886719,2.8928704261779785,1.408307671546936,-3.5304040908813477,-5.823939323425293,-3.921816110610962,-3.004075527191162,-3.2015340328216553,-4.57441520690918,-1.963855504989624,1.331888198852539,-2.4739062786102295,4.1667866706848145,-5.575405120849609,-4.564190864562988,-6.79154109954834,2.778275489807129,-6.300458908081055,7.672585964202881,1.1064670085906982,-3.5847716331481934,0.9773516654968262
cc12c164e,-3.422579526901245,-6.076690196990967,-8.241191864013672,2.9544801712036133,-4.608148097991943,-4.78488826751709,-10.040043830871582,-5.972306728363037,-5.348058700561523,-5.383084297180176,-4.601988315582275,-8.100093841552734,8.958674430847168,-3.8229594230651855,-5.362432479858398,-6.061251640319824,-7.9471435546875,-11.198993682861328,2.400301456451416,-11.902585983276367,-10.415404319763184,-5.098747730255127,-5.508604049682617,-3.1472158432006836
cc43aafd5,-6.032477378845215,-6.979793071746826,-0.8368066549301147,-4.986363410949707,-5.25857400894165,-2.1618733406066895,-4.115725994110107,-5.4394426345825195,-4.4359235763549805,-1.3417965173721313,-0.379993736743927,-0.8211104869842529,-3.1265547275543213,-2.1158623695373535,-5.418397426605225,-3.5703964233398438,-4.824558734893799,2.7826578617095947,-5.204710960388184,6.9870429039001465,9.88471508026123,-4.525430679321289,-5.315767288208008,-3.8862531185150146
cc6099493,-1.2766785621643066,-1.993628978729248,-0.6823499798774719,0.0074405670166015625,-5.1588897705078125,-4.113829612731934,-3.7301483154296875,1.4270931482315063,-5.5372772216796875,-1.6383700370788574,-0.4506477415561676,6.520808696746826,-1.9829397201538086,-1.860879898071289,-5.369706630706787,-3.5598580837249756,-3.317091226577759,-3.1866652965545654,-2.752645969390869,-4.186408996582031,4.4039812088012695,-4.974588871002197,-3.705763816833496,-3.6211462020874023
cc6c652d8,-0.6975370049476624,-6.791854381561279,-6.013082981109619,2.7711687088012695,-2.03825306892395,-0.2834372818470001,-6.215306758880615,-4.812236309051514,5.244635105133057,-3.4128007888793945,-1.7516676187515259,-4.362864971160889,11.622624397277832,-1.9578449726104736,-4.044328212738037,-4.586317539215088,-5.823707580566406,-4.291482925415039,1.655102252960205,-4.215257167816162,-1.7613379955291748,-4.3804497718811035,-1.2504949569702148,0.37073439359664917
cc705ea3e,-5.203145980834961,-3.2587332725524902,-0.2600516974925995,3.2230849266052246,-5.553840160369873,-3.0250606536865234,-5.951380729675293,-4.333747386932373,-6.5079345703125,-1.9104657173156738,-5.325889587402344,-5.636869430541992,2.7898266315460205,-3.471041202545166,-3.6196608543395996,-4.5233683586120605,-6.679368019104004,-4.310341835021973,1.2259879112243652,-6.4903717041015625,-6.167818069458008,-4.018581390380859,-6.3421406745910645,-4.727529525756836
cc8b02c4c,-1.7613985538482666,-1.0376708507537842,-0.08094943314790726,2.5702624320983887,1.8215430974960327,-1.5383496284484863,-3.050884485244751,-0.9867241382598877,-3.5589640140533447,-1.934004783630371,-2.9965426921844482,-3.297666072845459,-0.6436924934387207,-1.8240000009536743,-2.0140902996063232,-2.48110294342041,-2.881114959716797,-2.77398943901062,0.5793595314025879,-3.3833184242248535,0.11376965045928955,-0.4179533123970032,-1.9216557741165161,0.0447312593460083
ccc266d64,-4.904909610748291,-2.5761890411376953,-0.5931814312934875,1.4729728698730469,-4.555434703826904,-2.6748950481414795,-3.558894634246826,-1.7464029788970947,-4.467276096343994,-2.7928249835968018,-2.053377389907837,-1.094256043434143,2.106238842010498,-2.611886978149414,-4.534897327423096,-2.7629785537719727,-3.259596347808838,-2.9752306938171387,-0.9733913540840149,-1.1784908771514893,-2.710953950881958,-2.9448680877685547,-2.914799928665161,-2.7853574752807617
ccd0913f9,-6.16981315612793,-6.732553482055664,0.6372917890548706,-0.10702139139175415,-6.582070350646973,-2.3303937911987305,-4.908418655395508,-4.158390045166016,-8.047704696655273,-2.5419368743896484,-3.889155387878418,-2.336238384246826,-3.628286361694336,-5.666283130645752,-3.1494288444519043,-5.313765525817871,-7.229583263397217,-4.129322528839111,-2.9258673191070557,-2.751312255859375,-1.3452770709991455,-6.331720352172852,-5.894886016845703,-3.6026535034179688
ccd7aea6c,1.051833152770996,-4.122058391571045,-5.325564384460449,2.110165596008301,-3.9410810470581055,-4.412099838256836,-7.159244537353516,-6.110040187835693,-0.5525439381599426,-4.102535724639893,-3.2132670879364014,-6.666838645935059,10.886991500854492,-2.6609995365142822,-7.244226455688477,-4.846860885620117,-5.870378017425537,-7.4367876052856445,1.2699573040008545,-6.879730224609375,-6.883632183074951,-5.202769756317139,-4.477068901062012,-0.9871976375579834
ccd967378,-1.7062402963638306,5.90595817565918,-5.387707233428955,2.6549313068389893,-1.673752784729004,-1.8935810327529907,-6.226814270019531,-2.502864122390747,-3.9242606163024902,-2.823990821838379,-2.8855090141296387,-3.470752716064453,-0.18042071163654327,1.3360984325408936,-3.1518850326538086,-3.6202964782714844,7.005008697509766,-4.620713233947754,-1.3581795692443848,-4.919597625732422,-4.094199180603027,2.566493511199951,-2.2551345825195312,-1.9515516757965088
cce834136,-6.498363971710205,-9.029674530029297,-6.910168647766113,2.175750494003296,-7.0620245933532715,-4.345799446105957,-8.46340560913086,-7.008238315582275,-6.312342166900635,-6.280092239379883,-2.824843406677246,-6.774259567260742,10.016524314880371,-4.488812446594238,-7.924945831298828,-5.520619869232178,-8.786612510681152,-10.22818374633789,1.5655221939086914,-11.557233810424805,-9.931909561157227,-7.454699993133545,-5.8917670249938965,-4.702851295471191
cd0fc0526,-4.825799942016602,-8.756352424621582,-8.686344146728516,3.1765708923339844,-4.724453926086426,-5.6015801429748535,-11.121910095214844,-7.97657585144043,-5.977431297302246,-6.6579790115356445,-5.09330415725708,-9.059706687927246,10.096097946166992,-3.973524570465088,-8.314143180847168,-7.1151652336120605,-9.366767883300781,-11.681608200073242,3.2176108360290527,-14.23910903930664,-12.249292373657227,-6.384687423706055,-7.086069107055664,-4.59605598449707
cd1ec0e93,-2.1540257930755615,-2.498898983001709,-2.240558624267578,3.466588258743286,-1.627981185913086,-3.2482211589813232,-2.724456548690796,-1.335829257965088,-3.7843992710113525,-2.619147300720215,-3.302335739135742,-3.721806764602661,1.2029707431793213,-2.1973330974578857,-2.6794471740722656,1.6736805438995361,-3.8493199348449707,-0.7468775510787964,-0.008407875895500183,-3.9610464572906494,1.1938068866729736,-2.2643790245056152,-3.2399051189422607,-0.917933464050293
cd8264988,-3.9043428897857666,-1.7288470268249512,0.6205368041992188,1.3921488523483276,-3.6365270614624023,1.953535556793213,-3.29135799407959,-3.2147769927978516,-4.461001396179199,-0.545649528503418,-2.6440463066101074,-2.0440776348114014,-0.6453763246536255,-1.3601934909820557,-1.8568288087844849,-3.063563585281372,-5.256446838378906,-0.6812942624092102,-1.0983853340148926,-2.938115119934082,-1.2595901489257812,-4.078054428100586,-2.605545997619629,-1.769909381866455
cda4b12ca,-1.8490761518478394,0.8705107569694519,-2.2747654914855957,4.102965831756592,5.408093452453613,-3.2688586711883545,-5.294198989868164,-4.923037528991699,-1.1347483396530151,0.16188035905361176,-4.628293991088867,-5.8108062744140625,0.9817852973937988,1.2330312728881836,-4.061458587646484,-4.166148662567139,-2.6172053813934326,-2.723705768585205,-1.1279661655426025,-5.773614883422852,-6.532340049743652,3.621873378753662,-2.549577236175537,-0.6299945116043091
ce0af7c92,-3.0988292694091797,-3.0999109745025635,-1.0860466957092285,-0.13233377039432526,-2.352415084838867,-0.9905873537063599,-3.282198905944824,-3.348102569580078,1.072633147239685,-2.135772705078125,-1.8827165365219116,-1.9664840698242188,0.5046461224555969,-1.4885985851287842,-0.6496931910514832,-3.2310290336608887,-4.240489959716797,0.34263503551483154,-1.4828903675079346,2.551823377609253,2.371434450149536,-3.63080096244812,-3.478450298309326,-1.7574450969696045
ce5ce56ec,-5.171232223510742,-7.128005504608154,1.2864134311676025,-0.28089195489883423,-7.2811384201049805,-2.5721325874328613,-0.3174058794975281,3.0592823028564453,-7.716726779937744,-1.770591378211975,-4.755345344543457,-1.1309082508087158,-6.78978157043457,-6.3351287841796875,-1.5263471603393555,-1.308898687362671,-3.4590282440185547,-0.8575453758239746,-5.195309162139893,-3.354659080505371,-0.4474804699420929,-6.7250823974609375,-1.8706486225128174,-4.928231239318848
ce7de2229,-5.269353866577148,-4.467618465423584,-0.057917263358831406,0.0771467536687851,-0.3427240252494812,-2.4616189002990723,-1.0581834316253662,0.7643686532974243,-5.428062438964844,-0.17645084857940674,-4.1077399253845215,1.2598307132720947,-4.563285827636719,-4.9609599113464355,-3.3026106357574463,-1.6754858493804932,-5.295219421386719,0.3512786626815796,-5.889034748077393,-3.7532005310058594,3.794954776763916,-4.678722858428955,-2.335571765899658,3.497957706451416
ce96f8da0,-5.4281721115112305,-6.641134262084961,-1.06993567943573,0.09247654676437378,-5.436319828033447,-1.9635686874389648,-2.420747995376587,-0.9965802431106567,-6.203850269317627,4.175806045532227,-3.0802276134490967,0.37592795491218567,-7.55279016494751,-6.153970718383789,-2.695767402648926,3.2239856719970703,-5.452299118041992,7.684232234954834,-7.35524845123291,-4.26564884185791,1.314760684967041,-6.850153923034668,-2.5674116611480713,-2.752200126647949
cf226fb2c,-3.6094701290130615,-1.7044341564178467,-1.8012844324111938,0.8986159563064575,-4.401155948638916,-2.314547538757324,-3.7624223232269287,-2.3641042709350586,-5.492400169372559,-2.419198989868164,-2.4267473220825195,-0.14728784561157227,-1.15127432346344,-2.3300445079803467,-5.1940202713012695,-3.307854652404785,-3.7262465953826904,-3.2617859840393066,-2.442171096801758,-2.9087865352630615,14.47642707824707,-3.2821409702301025,-3.208327531814575,-1.0269542932510376
cf5049859,-3.283961296081543,-2.552220106124878,-7.46623420715332,2.9265553951263428,3.514192819595337,-4.435428619384766,-7.431634426116943,-2.0994532108306885,-4.029138565063477,-5.15081787109375,-5.631606101989746,-7.670804023742676,-0.7196410298347473,-3.220935344696045,8.504545211791992,-5.643496513366699,-6.374479293823242,-6.330013275146484,1.8260128498077393,-9.84637451171875,-6.748238563537598,-0.4098539650440216,-6.049808502197266,-1.59354567527771
cf9c6a69c,-3.9788990020751953,-7.39643669128418,-5.500178337097168,1.7284892797470093,-8.313276290893555,-3.8685688972473145,-6.802951335906982,-3.905240774154663,-6.273946762084961,-1.362975835800171,-1.2176120281219482,-5.258759498596191,10.111647605895996,-4.262922286987305,-6.60795783996582,-4.2782063484191895,-7.848105430603027,-6.115993499755859,-0.6632817983627319,-9.22642993927002,-8.638463020324707,-8.214242935180664,-4.054740905761719,-4.087955474853516
cfa0c7bc7,-3.381192207336426,3.9003047943115234,-2.1118316650390625,3.7140052318573,-0.8582316637039185,-2.081512451171875,-1.3783202171325684,-1.588568925857544,-3.821240186691284,-2.858153820037842,-3.7484500408172607,-3.3366124629974365,-2.5119965076446533,-0.112956203520298,-3.06809663772583,3.2059144973754883,-1.4135019779205322,-1.1993732452392578,-4.388805389404297,-3.1009202003479004,-3.7880330085754395,1.4426109790802002,2.9253122806549072,-0.6939717531204224
cfc671af6,-4.8499674797058105,-5.944089889526367,0.014746740460395813,1.7338165044784546,-6.724306106567383,-2.5559425354003906,1.2746483087539673,0.2863141596317291,-7.414219856262207,1.5058752298355103,-3.874608278274536,-0.6794133186340332,-6.59085750579834,-6.732607364654541,-2.2061729431152344,-2.3863959312438965,-3.754241704940796,5.464591026306152,-6.113557815551758,-4.050379753112793,3.6518843173980713,-6.318448066711426,-3.112316370010376,-3.5735697746276855
cfcaa0d30,-4.055039882659912,-6.228611946105957,-4.098037242889404,2.8814029693603516,-6.519598960876465,-3.5270369052886963,-7.180381774902344,-3.0207607746124268,-5.9933881759643555,-3.7183644771575928,-1.4896719455718994,-5.06569766998291,7.31471586227417,-4.4498748779296875,-6.299901008605957,-4.3455810546875,-7.247292518615723,-6.494881629943848,1.7098579406738281,-8.381311416625977,-1.6695432662963867,-6.073983192443848,-4.321345806121826,-2.636488914489746
cfd645571,-2.5191173553466797,4.479785919189453,-6.048789978027344,4.044185161590576,0.0762319564819336,-4.6266584396362305,-7.620420455932617,-5.4083404541015625,-3.661609649658203,-3.391627311706543,-4.559606075286865,-9.170583724975586,-0.2852210998535156,0.3712098300457001,-5.6386518478393555,-4.711249828338623,2.601541042327881,-5.901249408721924,-1.6837260723114014,-6.537147521972656,-8.445548057556152,2.6971330642700195,-3.2010819911956787,-2.054788112640381
cfe562fd4,-2.4163451194763184,1.033116102218628,-4.396772861480713,2.1539881229400635,-2.0070557594299316,-3.2199954986572266,-5.245866775512695,-2.74493408203125,-3.6809215545654297,-2.3016364574432373,-3.170945644378662,-3.423675775527954,1.3735923767089844,-1.2555315494537354,-3.176323413848877,-3.4137167930603027,-2.362668752670288,-4.684633255004883,-0.6713458895683289,-4.736620903015137,-1.0992989540100098,-1.5178216695785522,0.943157970905304,-1.829030990600586
d00545df6,-8.268321990966797,-8.894416809082031,-4.705526351928711,-4.225687026977539,-6.272310256958008,-5.213351726531982,-7.887813091278076,-8.041097640991211,-7.912774085998535,-4.435053825378418,-8.5718994140625,-7.30996036529541,-7.378270149230957,-9.892462730407715,-2.6592864990234375,-2.756009101867676,-9.42197322845459,-5.965978622436523,-5.290347576141357,-5.984847545623779,-2.7285661697387695,-7.660015106201172,-8.673437118530273,-7.426425457000732
d02a98312,-3.2241554260253906,-5.875288009643555,-4.321676254272461,2.753552198410034,-4.63960075378418,-1.4817042350769043,-6.727246284484863,-4.394278526306152,-0.8358907699584961,-4.335415840148926,-1.2387596368789673,-6.226588249206543,10.241191864013672,-2.703045606613159,-3.599024772644043,-5.239119052886963,-7.423361778259277,-6.428520202636719,0.6599911451339722,-6.74754524230957,0.5200254917144775,-5.650757789611816,-4.728570461273193,-2.285529851913452
d06fb8029,-3.9896323680877686,2.4812843799591064,-6.080460548400879,2.78200101852417,-2.8283958435058594,-1.204557180404663,-4.545693397521973,1.5008900165557861,-4.141501426696777,-4.229743957519531,-2.9445555210113525,-4.615345478057861,0.11995434015989304,-1.656346321105957,2.6928937435150146,-3.694683074951172,-1.2074720859527588,-5.367088794708252,-1.7580559253692627,-6.691267490386963,-3.1614506244659424,-1.189503788948059,6.357552528381348,-1.948340654373169
d07af8de1,10.105741500854492,-0.2800579369068146,-6.2403998374938965,2.4931135177612305,-1.6236820220947266,-8.230274200439453,-9.880200386047363,-3.9266550540924072,1.907750129699707,-3.715071439743042,-6.136553764343262,-8.959817886352539,4.716458797454834,-2.029392957687378,-4.909464359283447,-5.649362087249756,-5.77158784866333,-8.073793411254883,3.2472150325775146,-9.288114547729492,-6.990086555480957,-4.940654754638672,-5.706179618835449,-1.894930124282837
d091c9fef,-5.666064262390137,-5.557229042053223,-1.5036695003509521,-3.057864189147949,-8.189748764038086,-4.141571044921875,-3.07316255569458,2.4479289054870605,-8.362714767456055,-3.6595005989074707,-1.5260647535324097,4.857301712036133,-3.392059803009033,-4.050405025482178,-4.381324291229248,-4.664475440979004,-4.661203861236572,-5.1681904792785645,-4.400278091430664,-4.920180797576904,11.707314491271973,-6.3444414138793945,-4.0680084228515625,-4.758130073547363
d0f940838,-4.02900505065918,-3.824181318283081,-0.4278217554092407,0.7459897994995117,-4.320315837860107,-0.4093691110610962,2.747152328491211,-0.6934869289398193,-5.617671012878418,-1.1713401079177856,-2.129145622253418,0.4115135669708252,-4.3744330406188965,-4.188056945800781,-3.211576223373413,-0.7153587937355042,-3.1763923168182373,-0.3563079237937927,-3.666079044342041,-1.9915416240692139,2.5997281074523926,-4.932394027709961,-1.8918263912200928,-1.6597278118133545
d10f7c765,-4.4184980392456055,-6.698756694793701,0.5978953838348389,-0.6116164922714233,-5.878970623016357,-0.42869412899017334,-2.149597644805908,1.4115989208221436,-5.954681396484375,1.0908803939819336,-3.5752649307250977,2.667254686355591,-6.716620445251465,-5.575584411621094,-1.8797032833099365,1.857903003692627,-5.574610710144043,2.092909574508667,-5.369784832000732,-3.087498188018799,2.3004047870635986,-6.8573479652404785,-2.6962647438049316,-4.07711124420166
d124d2341,-0.4670611619949341,-4.975609302520752,-7.503962516784668,3.410486936569214,-1.9397125244140625,-4.778322219848633,-8.121776580810547,-4.912558555603027,-3.7419981956481934,-4.816976547241211,-4.6613922119140625,-7.6375579833984375,8.88492202758789,-2.8687691688537598,-5.051004409790039,-4.950304985046387,-6.496192932128906,-8.54754638671875,4.517651081085205,-10.915512084960938,-8.702899932861328,-4.276013374328613,-3.9820926189422607,-2.3224048614501953
d13658522,8.25732421875,-5.485467433929443,-5.239073276519775,2.321107864379883,-3.607447862625122,-8.347450256347656,-10.367149353027344,-6.631186008453369,-3.0058040618896484,-3.839958429336548,-5.678478240966797,-10.089032173156738,7.0770673751831055,-2.989497661590576,-9.043768882751465,-5.807835578918457,-7.122742652893066,-7.771152973175049,3.0698299407958984,-11.645301818847656,-9.845218658447266,-7.090126991271973,-6.825591087341309,-3.3431386947631836
d183c5139,-6.70423698425293,-5.685910224914551,-1.2878096103668213,-2.8298163414001465,-3.717073440551758,-2.2250452041625977,-2.4856464862823486,2.7021093368530273,-6.917335510253906,-3.0056638717651367,-1.974987506866455,7.758350372314453,-5.586857795715332,-4.498409271240234,-3.644019365310669,-4.677041053771973,-5.314642906188965,-2.784569263458252,-5.400230407714844,-4.177351951599121,-1.1677275896072388,-4.9121785163879395,-2.4750142097473145,-0.11220070719718933
d18dfb229,-3.3277268409729004,-2.867445945739746,0.9205254316329956,2.9827780723571777,-3.3425674438476562,0.08152075856924057,-3.2898380756378174,-0.7720550298690796,-3.9441356658935547,-1.530949354171753,-2.1386711597442627,-1.8407361507415771,0.7275857329368591,-2.7171311378479004,-2.347910165786743,-2.431802749633789,-2.5817618370056152,-1.6325416564941406,-0.15695399045944214,-3.9163875579833984,3.1811697483062744,-2.853398084640503,4.921374320983887,-0.9423713684082031
d1c2afd66,-3.447375774383545,-4.1683759689331055,-0.4068779945373535,2.378176689147949,-4.8107500076293945,-2.8631505966186523,-5.833085060119629,-3.4529738426208496,-6.670639991760254,-2.12841796875,-3.924459934234619,-0.9242242574691772,0.029895469546318054,-4.198990345001221,-3.3278777599334717,-4.670136451721191,-5.736392021179199,-3.709768533706665,0.17711202800273895,-0.06006014347076416,3.859381675720215,-4.760692596435547,-6.647043228149414,-4.40828800201416
d1c862f14,-0.9914929270744324,2.0826334953308105,-3.8910622596740723,4.459714889526367,-1.4076746702194214,-2.893366575241089,-5.746524810791016,-4.499000549316406,-3.2685558795928955,-3.6950533390045166,-2.7068560123443604,-6.2751569747924805,2.35988187789917,-0.18488243222236633,-4.786045074462891,-4.200684070587158,-1.8417083024978638,-3.897111177444458,-0.8017464876174927,-4.916591644287109,-0.9266603589057922,-0.21603086590766907,-2.254411220550537,-0.5960521101951599
d1d0b5ae7,-6.706908226013184,-7.979917049407959,-0.7847185134887695,-1.4779053926467896,-7.865592956542969,-2.837822198867798,-6.695289611816406,0.10340960323810577,-9.195664405822754,-6.092469215393066,-5.705595970153809,-3.1467342376708984,-9.13801383972168,-7.67038631439209,6.342236042022705,-6.602206230163574,-7.592682838439941,-4.346322059631348,-5.497714042663574,-6.910399436950684,6.555593967437744,-7.472146511077881,-6.261659622192383,-6.527872085571289
d208213b4,-3.6802637577056885,-5.399455547332764,-2.852088689804077,2.4291422367095947,-4.8908514976501465,-4.230582237243652,-4.217390060424805,-4.4064836502075195,-5.635766506195068,-3.706892490386963,-2.256531238555908,-6.527637481689453,7.552659034729004,-2.987058639526367,-7.336124420166016,-3.7468361854553223,-5.858574867248535,-5.596429824829102,0.14066825807094574,-8.043346405029297,-7.468990325927734,-5.646196365356445,-3.94351863861084,-3.6512575149536133
d25098fa5,-2.370858907699585,-2.713904619216919,-2.1153922080993652,2.0570907592773438,-3.6351194381713867,-2.7874341011047363,-3.009451389312744,0.38649046421051025,-4.404124736785889,-1.003395438194275,-1.5527280569076538,-2.974646806716919,2.6067161560058594,-2.9933338165283203,-1.193416714668274,-2.487274408340454,-3.0416853427886963,-2.192964553833008,1.6016532182693481,-4.449663162231445,0.08461815118789673,-3.2741665840148926,-1.9344992637634277,-2.8798909187316895
d256f10a4,-4.521950721740723,-6.838871955871582,9.943150520324707,2.6741955280303955,-7.1410932540893555,-2.592968702316284,-5.060736179351807,-2.9385738372802734,-9.560351371765137,-2.767167568206787,-5.668869495391846,-4.809980392456055,-3.48000431060791,-5.330706596374512,-5.007785797119141,-6.197637557983398,-8.027629852294922,-4.045544624328613,-1.640110969543457,-7.19154167175293,2.45458984375,-7.009182453155518,-6.347640514373779,-8.34736156463623
d265948a8,10.39380931854248,-1.0409303903579712,-7.520337104797363,1.7973765134811401,-1.7983450889587402,-12.259937286376953,-11.888805389404297,-8.11363410949707,-2.761050224304199,-3.694545269012451,-8.435200691223145,-12.24229621887207,2.7179722785949707,-2.119628667831421,-9.418834686279297,-7.5597968101501465,-5.503509044647217,-9.146517753601074,3.4876718521118164,-11.51412582397461,-9.102807998657227,-5.692510604858398,-8.275426864624023,-2.916703939437866
d26653e6e,-1.480478048324585,-3.8462460041046143,-6.83577823638916,3.789151668548584,9.188322067260742,-3.9376919269561768,-7.13523006439209,-6.158072471618652,-1.233341097831726,-3.2305800914764404,-4.578725814819336,-4.8478803634643555,4.000204563140869,3.4856414794921875,-5.452356338500977,-4.9829206466674805,-4.91455602645874,-3.4441661834716797,2.0126678943634033,-8.897550582885742,-7.131103515625,0.09572666883468628,-0.3871679902076721,2.1452879905700684
d29135a0c,-2.086338996887207,-3.587449789047241,0.8429478406906128,1.731960415840149,-5.191826820373535,-2.7978429794311523,-3.607119083404541,-0.3771677017211914,-5.314825057983398,-1.675802230834961,-3.258422374725342,-1.8049817085266113,0.5643872618675232,-2.4407541751861572,-3.842644214630127,-4.21447229385376,-4.714743137359619,-2.0736382007598877,-2.2994771003723145,2.2274880409240723,-0.5490238070487976,-4.426817893981934,-4.8229594230651855,-2.988511085510254
d2c0491c7,10.395344734191895,-0.5932707786560059,-7.11102294921875,1.4572553634643555,-2.316152572631836,-12.97522258758545,-11.935321807861328,-8.955698013305664,-3.218184232711792,-3.3478894233703613,-8.943700790405273,-12.123170852661133,0.36005786061286926,-2.034471035003662,-10.43922233581543,-7.872082710266113,-5.335270881652832,-9.118377685546875,1.916874647140503,-11.024213790893555,-8.726861953735352,-5.729022979736328,-8.421577453613281,-3.2565925121307373
d2d098927,-4.609685897827148,-3.9190828800201416,-0.6903526186943054,2.7843236923217773,-5.256833076477051,-3.5710208415985107,-4.566985607147217,-3.5377001762390137,-7.222169876098633,-3.291693687438965,-4.703086853027344,-5.936311721801758,3.420914649963379,-4.265889644622803,-2.180086851119995,0.37828874588012695,-5.373514175415039,-3.0901293754577637,-0.6382806301116943,-4.551830768585205,-2.981196165084839,-4.486867427825928,-5.5860185623168945,-4.883313179016113
d2e60c46a,10.137011528015137,-0.2579197883605957,-5.3795318603515625,1.0068730115890503,-0.05219845473766327,-4.312463760375977,-6.36849308013916,-4.8404035568237305,5.391716480255127,-3.3678860664367676,-3.3547182083129883,-5.577445983886719,1.8220731019973755,-1.3842556476593018,-2.8257715702056885,-3.38077974319458,-4.1415510177612305,-4.3052544593811035,2.0807957649230957,-5.113736152648926,-2.4065842628479004,-3.4184365272521973,-3.483687162399292,-0.2591971755027771
d2e8f7cff,-4.679276943206787,-6.382503032684326,-0.265867680311203,1.0829551219940186,-7.148897171020508,-2.4520373344421387,-5.592371940612793,-2.835249423980713,-7.8783369064331055,-3.892519950866699,-2.280069589614868,-1.643998622894287,-0.49611687660217285,-5.8316450119018555,-3.174624443054199,-4.459355354309082,-6.544918060302734,-2.848708391189575,-1.6758896112442017,-2.3203961849212646,2.144296884536743,-6.86997127532959,-6.109663009643555,-5.118542671203613
d350e6681,-1.9084278345108032,0.941698431968689,-5.744174003601074,1.904884696006775,0.4602552056312561,-3.7417097091674805,-5.465987682342529,-1.9519554376602173,-2.2609992027282715,-2.904930353164673,-4.834456920623779,-4.891941070556641,1.6808067560195923,-1.5133717060089111,1.6533000469207764,-3.5622243881225586,-3.496819019317627,-5.32279109954834,2.860884189605713,-6.258810997009277,-5.326857566833496,0.5310899019241333,-3.0612473487854004,0.9314066171646118
d3577d12a,-2.744072198867798,0.7636168003082275,-1.6211585998535156,3.1905994415283203,2.3700027465820312,-2.090153455734253,-4.392916679382324,-3.6441633701324463,-2.4111833572387695,-2.0611095428466797,-1.3637073040008545,-2.502483367919922,0.1286703497171402,0.3900783061981201,-4.274721145629883,-3.8576107025146484,-2.902303695678711,-1.2073806524276733,-2.761875867843628,-4.074570655822754,1.2405774593353271,-0.5151221752166748,-2.077815294265747,-0.9989551305770874
d3669f375,-3.8225555419921875,-1.7118501663208008,-0.6368120908737183,0.1830943077802658,-4.7358222007751465,-3.005338430404663,3.1200332641601562,-2.8845467567443848,-4.898645877838135,-2.154364585876465,-2.087819814682007,-2.2059125900268555,-3.5384819507598877,-2.2059884071350098,-3.5905914306640625,-3.4570915699005127,-2.7665793895721436,0.8706681728363037,-4.131219863891602,5.544926643371582,6.538504600524902,-4.665892601013184,-4.176614761352539,-2.874149799346924
d38c33392,-1.500293254852295,-1.781661868095398,-0.6828346252441406,1.5123915672302246,-2.5131771564483643,-0.274315744638443,-4.3536787033081055,-3.08328914642334,2.3693771362304688,-2.9068479537963867,-1.7300435304641724,-4.279456615447998,5.808073043823242,-1.5023119449615479,-0.985377311706543,-3.9985556602478027,-4.486669540405273,-3.2225260734558105,-0.5536907911300659,-3.32565975189209,0.12125223875045776,-2.6840031147003174,-1.0597035884857178,-0.12280507385730743
d3bcc137f,-5.997705459594727,-4.058752059936523,-3.7948131561279297,1.183711290359497,-3.728641986846924,-4.275210857391357,-4.1797776222229,-6.624170780181885,-4.778718948364258,-4.65382719039917,-5.642144680023193,-5.449950695037842,-1.7470626831054688,-3.8777477741241455,-1.609071135520935,-4.427470684051514,10.731785774230957,-2.4927492141723633,-1.2383043766021729,-6.089825630187988,-2.408170461654663,-3.1587250232696533,-6.874574184417725,-4.631035804748535
d3f5cde34,-6.671193599700928,-6.160913467407227,-0.6878490447998047,0.22491341829299927,-6.539675712585449,-2.9146664142608643,-2.141299247741699,3.18115496635437,-7.328400611877441,-2.7652387619018555,-3.2592408657073975,3.2091174125671387,-5.1401896476745605,-4.679283142089844,-1.9206782579421997,1.5660936832427979,-4.140055179595947,-1.4280847311019897,-4.097319602966309,-4.455859661102295,5.326282501220703,-6.31491756439209,-2.3261587619781494,-3.0922722816467285
d40aa48c6,-2.691894292831421,-7.400990962982178,-6.085426330566406,3.1143994331359863,-4.409629821777344,-5.7195329666137695,-9.45737075805664,-6.182807922363281,-6.380002021789551,-4.43238639831543,-3.3079395294189453,-8.840361595153809,9.615954399108887,-3.600104570388794,-7.420956611633301,-6.58046817779541,-8.752049446105957,-9.62727165222168,3.7855563163757324,-12.353269577026367,-11.760974884033203,-5.9831695556640625,-6.628605365753174,-4.040981292724609
d428698b8,-5.099199295043945,-4.285902976989746,-2.7608256340026855,3.9433021545410156,-2.1400463581085205,-5.034071445465088,-7.803795337677002,-5.165234565734863,-6.303574562072754,-5.252646446228027,-5.773177146911621,-9.113826751708984,5.82816219329834,-3.3808376789093018,-4.620856285095215,-5.879210472106934,-7.234622955322266,-7.307462215423584,1.8749873638153076,-9.738410949707031,-8.238170623779297,-5.420591354370117,-6.328659534454346,-4.116298675537109
d429599c5,-4.381416320800781,-7.917560577392578,-7.160968780517578,2.19313383102417,-2.620965003967285,-3.547529935836792,-8.992374420166016,-5.67592716217041,-4.359523773193359,-5.382694721221924,-2.014590263366699,-5.762171745300293,10.869662284851074,-3.459200382232666,-7.95594596862793,-5.928220748901367,-8.303126335144043,-9.236340522766113,1.6656837463378906,-9.973485946655273,-10.137481689453125,-6.728948593139648,-3.980149745941162,-2.507262945175171
d48c4ec4b,-3.148366928100586,4.12392520904541,-6.4755859375,3.676685333251953,2.6092684268951416,-0.8700911402702332,-4.669313907623291,-2.653779983520508,-2.951948642730713,-3.2493700981140137,-3.20739483833313,-4.326652526855469,-0.8599259853363037,0.949444055557251,1.1025291681289673,-2.118645668029785,-0.8317338824272156,-4.677099704742432,-1.7079875469207764,-5.365329265594482,-3.8667385578155518,2.1436893939971924,6.700986862182617,-1.5017294883728027
d4c8e06c1,-4.549725532531738,-3.7926266193389893,-2.555610179901123,4.317037105560303,-3.489534616470337,-4.988760948181152,-8.445844650268555,-4.450237274169922,-6.390618801116943,-4.607329368591309,-5.714640140533447,-10.247875213623047,6.353832244873047,-2.8832626342773438,-4.326886177062988,-5.2739105224609375,-6.509124755859375,-6.880089282989502,1.929648756980896,-9.170969009399414,-8.917989730834961,-4.493371963500977,-6.550637245178223,-2.631321430206299
d4d76a533,-5.166891098022461,-2.81705379486084,-5.0198235511779785,2.4485390186309814,0.9249894618988037,-4.831521034240723,-8.21784782409668,-6.295332908630371,-4.314854621887207,-4.988980293273926,-5.97130823135376,-6.562391757965088,0.3121050298213959,-2.8083505630493164,1.2003798484802246,-5.6511311531066895,-6.406105995178223,-8.397960662841797,2.6314125061035156,-9.135247230529785,-6.112339973449707,-0.5056502819061279,-6.5443949699401855,-3.7679009437561035
d4e7f72cc,-5.4447712898254395,0.4053930640220642,-9.289776802062988,2.9410111904144287,4.147998332977295,-4.868710994720459,-7.250577926635742,-5.296512126922607,-1.7294261455535889,-6.567800998687744,-5.7032318115234375,-8.434347152709961,-1.9671776294708252,-1.7368237972259521,10.731743812561035,-4.855647563934326,-5.64262056350708,-5.3206095695495605,0.2837301194667816,-9.048308372497559,-7.262128829956055,3.8525521755218506,-4.278526306152344,-1.4455792903900146
d4eaa6de3,-6.548415660858154,-7.47247314453125,-0.3476931154727936,-3.031266689300537,-4.743219375610352,-0.23178359866142273,-3.441999912261963,-3.145780086517334,-6.15543270111084,-2.3390443325042725,-2.062023639678955,-0.6454809904098511,-5.440500259399414,-4.695281982421875,-4.164061069488525,-3.515939712524414,-4.705638885498047,-3.4654502868652344,-5.914732933044434,-3.24666166305542,-1.7421917915344238,-5.176855564117432,7.662121772766113,-2.1497766971588135
d4fcd3fc0,-7.88408088684082,-8.433025360107422,-0.08078277111053467,-4.007823944091797,-7.5530219078063965,-2.55478835105896,-4.49981164932251,3.2751083374023438,-7.826460838317871,-2.3411753177642822,-4.348193168640137,0.42135560512542725,-5.142742156982422,-6.891278266906738,-1.5355511903762817,-4.179422855377197,-3.9418375492095947,-4.608987808227539,-5.565982818603516,-4.073618412017822,-1.1196658611297607,-7.575489044189453,0.9543179273605347,-4.4762468338012695
d52dbc326,-2.2515947818756104,-0.9020000100135803,-2.9754583835601807,1.3246440887451172,0.19839027523994446,-1.8585772514343262,-2.843628168106079,-0.10969918966293335,-3.198446750640869,-0.6711044311523438,-2.7790474891662598,-1.1903584003448486,0.5971810817718506,-1.753188133239746,-3.1685845851898193,-3.1457135677337646,-0.481410950422287,-2.6682024002075195,-1.883240818977356,-4.075265884399414,3.210296630859375,-1.427335262298584,0.1127018928527832,2.896594524383545
d55616e48,-4.700738906860352,-4.063515663146973,0.5992690324783325,-0.36508873105049133,-6.148300647735596,-3.027815341949463,-0.7344656586647034,3.9043984413146973,-5.138345718383789,-1.4540901184082031,7.608298301696777,0.4567188024520874,-5.00105094909668,-3.5330111980438232,-3.2289798259735107,-2.800370693206787,-2.6981120109558105,0.5497779846191406,-6.162161827087402,-2.4085803031921387,2.4244303703308105,-5.501402854919434,-3.923024892807007,-4.127458572387695
d56fff1e7,-4.240015029907227,1.0637484788894653,-5.257497787475586,2.6085755825042725,-2.3888635635375977,-1.6972144842147827,-6.045254707336426,-3.4486021995544434,-3.9890730381011963,-2.00112247467041,-2.902604341506958,-3.9446189403533936,5.141164779663086,2.434591770172119,-3.89790940284729,-3.4939167499542236,-3.9404542446136475,-5.5286970138549805,-1.0154492855072021,-5.417029857635498,-6.483193397521973,-2.028630018234253,-3.273832321166992,-1.3334650993347168
d570df0cc,-5.1732282638549805,-5.633686065673828,-1.2159552574157715,-0.8955553770065308,-6.685616970062256,-2.635195732116699,-6.021221160888672,-5.677433967590332,-7.3544721603393555,-2.8380603790283203,-4.723245143890381,-3.8593811988830566,-2.5385639667510986,-4.613692283630371,-3.1847643852233887,-5.329978942871094,-7.577919006347656,-5.129935264587402,-2.8443729877471924,-4.005311012268066,-1.084634780883789,-6.0832929611206055,-6.903059482574463,-4.72848653793335
d5723dd04,-0.8606874942779541,-0.4610421359539032,-2.033087730407715,2.3051178455352783,0.48620834946632385,-3.3052620887756348,-1.4886362552642822,1.575422763824463,-2.9089810848236084,-1.7681506872177124,-3.780062198638916,-3.731736421585083,0.5150771141052246,-2.166943073272705,1.6328295469284058,-0.0681312084197998,-2.173445701599121,-0.9260685443878174,1.542494535446167,-3.5898232460021973,-2.70603084564209,-0.8010027408599854,-2.8644614219665527,-0.8318983912467957
d5850c5af,-3.308868169784546,-1.6444997787475586,-0.9205482006072998,1.2564440965652466,-4.409280776977539,-2.563556671142578,-2.1538290977478027,1.8042526245117188,-4.357306480407715,-1.98793363571167,-2.77356219291687,-0.28144901990890503,-2.7851715087890625,-3.7867088317871094,-2.433732032775879,1.470337152481079,-1.1757206916809082,-2.0213074684143066,-2.154730796813965,-2.616426944732666,-2.221208095550537,-3.4574646949768066,-1.8587615489959717,-1.2412198781967163
d594a777d,-2.407465934753418,4.526272773742676,-4.968783378601074,3.99221134185791,-0.15137402713298798,-0.9419963359832764,-5.869846343994141,-2.133963108062744,-2.556492805480957,-2.5655174255371094,-3.1448144912719727,-6.753314971923828,0.5460099577903748,1.1234145164489746,-3.4712798595428467,-3.179687261581421,-1.213514804840088,-5.265745162963867,-3.1349589824676514,-4.800569534301758,-4.826310157775879,3.2131261825561523,-1.282183051109314,-1.714621663093567
d5aa31604,-3.660521984100342,-3.491067409515381,-4.453744888305664,2.7518515586853027,-3.117637872695923,-4.533611297607422,-5.01033353805542,-0.5581983923912048,-5.33834981918335,-3.2707505226135254,-3.321931838989258,-5.112382888793945,2.176140069961548,-2.964769124984741,0.44457197189331055,-2.1263675689697266,-3.5523858070373535,-3.4700300693511963,1.3816038370132446,-6.871365547180176,-3.707937240600586,-2.3957161903381348,-2.393481731414795,-3.1619696617126465
d5b103eff,-3.8806023597717285,-3.2811923027038574,-4.011031627655029,2.1880087852478027,-0.48703330755233765,-3.1259779930114746,-6.628650188446045,-5.617339134216309,-4.709133148193359,-5.823638916015625,-0.586577832698822,-5.604089736938477,8.590116500854492,-2.9283287525177,-3.5775060653686523,-5.666869163513184,-6.4830803871154785,-5.215616226196289,-1.120324969291687,-4.364649295806885,7.354515075683594,-4.149638652801514,-3.559140205383301,-2.951927900314331
d5d3a2f58,-5.8694610595703125,-7.300721168518066,-5.689058303833008,2.9944071769714355,-6.790390491485596,-5.119450569152832,-9.216216087341309,-5.336352348327637,-7.542089462280273,-4.7366228103637695,-3.5927183628082275,-7.731900215148926,7.428652763366699,-4.071616172790527,-7.1936750411987305,-6.625733375549316,-8.997161865234375,-9.179163932800293,1.9341001510620117,-11.97939682006836,-8.175013542175293,-7.166183948516846,-6.544350624084473,-5.286635398864746
d5e535614,-1.1449719667434692,-4.231718063354492,-5.577786922454834,2.524461269378662,8.72145938873291,0.8704426884651184,-5.39107608795166,-4.627416610717773,-1.3874194622039795,-2.371020555496216,-2.346135139465332,-3.036376953125,10.022575378417969,1.703446388244629,-4.684020519256592,-3.983747959136963,-5.344034194946289,-3.206960678100586,1.023817777633667,-5.984606742858887,-4.709338188171387,-0.761346697807312,-0.2519853711128235,2.6149580478668213
d63b86e1f,-2.1882646083831787,5.594261646270752,-4.978555679321289,4.0565385818481445,0.5771697163581848,-4.015191555023193,-7.472829818725586,-3.3465073108673096,-4.541750431060791,-3.5120019912719727,-3.8911709785461426,-8.27044677734375,-0.9658533930778503,1.167067289352417,-5.565271377563477,-4.603335380554199,13.904056549072266,-4.330314636230469,-4.346393585205078,-6.8135905265808105,-6.411630630493164,-1.041956901550293,-2.9547929763793945,-2.7705984115600586
d63dbd458,-1.183349370956421,-4.44124174118042,-2.412210702896118,2.0441854000091553,-0.6342878341674805,-4.081567287445068,-2.5752100944519043,0.7432421445846558,-4.838085651397705,-2.680173635482788,-3.658450126647949,-4.636680603027344,-2.263662099838257,-3.7936744689941406,3.6317408084869385,1.5433554649353027,-3.275512218475342,-1.0592751502990723,-0.6696618795394897,-5.093674659729004,-1.7547760009765625,-2.866023540496826,-3.8823304176330566,-3.050212860107422
d65996afa,-3.7208304405212402,-5.6921491622924805,-7.081193447113037,2.982882022857666,-1.4682269096374512,-2.9710817337036133,-7.436983585357666,-5.416024208068848,-3.671140193939209,-4.892999649047852,-3.239772319793701,-6.761214256286621,9.815315246582031,-1.3288365602493286,-6.839903354644775,-5.272578239440918,-6.476701736450195,-7.538572788238525,3.065354824066162,-8.663930892944336,-8.956439018249512,-3.5558371543884277,-2.158958911895752,-0.7696633338928223
d674c2e46,-4.0465407371521,-2.915138006210327,-0.615933895111084,0.19958260655403137,-4.0718674659729,-4.7495245933532715,-2.4155874252319336,3.3646914958953857,-4.380251407623291,-2.4231960773468018,-3.96917462348938,-2.0817577838897705,-4.65518045425415,-4.911169052124023,-1.6833735704421997,3.973846197128296,-2.48455548286438,-0.8626958131790161,-5.53938627243042,-2.177011251449585,-2.844632148742676,-2.8228511810302734,-2.08894681930542,-1.3277252912521362
d67f3d10f,-4.96724271774292,-5.145705699920654,-0.22060582041740417,1.499001145362854,-6.474477291107178,-1.8500193357467651,-4.343832492828369,-1.5943012237548828,-6.959104537963867,-2.268784284591675,-4.036741733551025,-2.4118905067443848,-3.8472211360931396,-5.070646286010742,-2.265777111053467,-3.3938727378845215,-5.263128280639648,-3.136751651763916,-1.8898415565490723,-0.9797836542129517,-1.7521785497665405,-5.2568817138671875,-5.278568267822266,-3.744596004486084
d6cd2c5d7,-3.010772466659546,-6.671235084533691,0.5109427571296692,2.434084892272949,-6.401952743530273,0.1323518455028534,-2.522264242172241,-1.7083687782287598,-7.637459754943848,-1.6727404594421387,-3.1836302280426025,0.1647057831287384,-2.9851691722869873,-5.347846031188965,-2.5657951831817627,-4.194520950317383,-5.075535774230957,-2.428156852722168,-3.0767178535461426,-4.208756446838379,1.441131830215454,-6.144000053405762,-4.3388142585754395,-3.3770363330841064
d6f43c3c4,-4.811877727508545,-4.2771100997924805,1.3583804368972778,0.20780685544013977,-7.375903606414795,-2.1079816818237305,-4.4969868659973145,1.6829575300216675,-7.639928817749023,-3.1750359535217285,-3.5530507564544678,-2.681086540222168,-4.994258880615234,-5.307969093322754,-1.1650772094726562,-4.396761894226074,-3.565582752227783,-3.311100721359253,-4.77951717376709,-4.20114278793335,8.403714179992676,-6.9333319664001465,-3.6742241382598877,-4.0752363204956055
d6ff984ea,-4.827908515930176,-5.516740322113037,-2.4295501708984375,3.567460536956787,-6.458406448364258,-3.192817211151123,-5.748196601867676,-4.286362648010254,-8.301851272583008,-4.705174446105957,-3.6200876235961914,-4.89812707901001,7.551174163818359,-4.433686256408691,-4.160560131072998,-4.811744689941406,-6.56417179107666,-6.6057538986206055,0.5140889883041382,-5.652578830718994,-4.210040092468262,-5.502094745635986,-5.644416332244873,-3.8512558937072754
d712a2f4a,-2.7698588371276855,-1.7595099210739136,-1.2692036628723145,1.4889616966247559,0.14550399780273438,-1.9045559167861938,-1.6727962493896484,-2.195892333984375,-3.362881898880005,6.510852813720703,-3.0705485343933105,0.5692918300628662,-3.392897129058838,-1.6688897609710693,-3.412773847579956,-0.6121515035629272,-3.895657539367676,2.885441780090332,-4.304418563842773,-3.4457931518554688,-3.122941255569458,-2.6896111965179443,-2.227099895477295,2.565307855606079
d71ad12b0,-4.461988925933838,-4.7521820068359375,-6.046684265136719,2.4012134075164795,-2.0682168006896973,-3.6124205589294434,-6.925704002380371,-4.592204570770264,-3.578636646270752,-4.369720458984375,-4.1121931076049805,-6.390866279602051,9.591560363769531,-1.5254238843917847,-2.569481372833252,-3.528749704360962,-5.072664737701416,-7.189500331878662,2.307925224304199,-8.325267791748047,-7.821286201477051,-1.9200258255004883,-4.0640869140625,-2.0186142921447754
d759cdce9,-4.296186447143555,-2.9070181846618652,0.4737820625305176,-1.45357084274292,-5.535387992858887,-2.5823707580566406,-2.7074272632598877,0.8599948883056641,-5.67111873626709,0.40357184410095215,-1.3599809408187866,4.879924774169922,-2.7428231239318848,-2.324192523956299,-4.198886871337891,-3.1771531105041504,-3.3696155548095703,-1.6033822298049927,-3.4538321495056152,-3.354644298553467,4.230628967285156,-4.941821098327637,-1.5360190868377686,-1.1860913038253784
d7ce4d94e,2.6454920768737793,-5.379087924957275,9.56610107421875,1.2089308500289917,-5.90871000289917,-2.322737216949463,-4.394061088562012,-3.539897918701172,-6.342735767364502,-2.0892751216888428,-5.148397922515869,-5.235252857208252,-5.997018814086914,-3.672578811645508,-5.997490882873535,-5.837652206420898,-6.853498458862305,-2.4981343746185303,-2.5229299068450928,-5.173494338989258,-3.375001907348633,-6.567008972167969,-6.006858825683594,-7.202827453613281
d8166f299,-1.3887017965316772,-2.908630847930908,1.4216485023498535,1.1640852689743042,-0.2002706527709961,-3.4153385162353516,-2.3322763442993164,2.5964460372924805,-3.541613817214966,-0.1709894835948944,-3.127779960632324,-1.595066785812378,0.8237375020980835,-1.7225844860076904,-3.33414363861084,2.288119316101074,-3.368464469909668,-1.2893086671829224,-1.8389394283294678,-4.190657615661621,-1.047753930091858,-2.7257988452911377,-3.4913976192474365,-0.5798322558403015
d837bc4b1,-3.3414955139160156,-1.4688401222229004,-0.4724215269088745,0.848076581954956,-2.957244873046875,-3.149251699447632,-3.5223305225372314,-1.223529577255249,-4.899783134460449,-2.8462886810302734,-4.225695610046387,-3.991440773010254,-4.770447731018066,-2.232980251312256,2.121631622314453,0.04570649564266205,-2.56394624710083,-1.2225959300994873,-2.4129390716552734,-3.806424617767334,2.203221321105957,-3.629316568374634,-3.93691349029541,-3.329484462738037
d84d23af7,-2.3332271575927734,-2.4161884784698486,0.20219853520393372,-0.7110199928283691,-2.574551820755005,-2.475003957748413,-1.2301512956619263,-2.281797170639038,-4.059464454650879,-0.910400390625,-2.6356585025787354,-1.3656792640686035,-3.908879041671753,-2.4548113346099854,-3.4988853931427,-0.7494964599609375,-3.9238743782043457,0.2494501769542694,-4.714286804199219,-0.4983048737049103,1.1114798784255981,-3.89431095123291,-2.090632677078247,-1.4824762344360352
d85004494,-2.5273866653442383,-4.103274822235107,-6.577268600463867,3.3095927238464355,6.172667026519775,-2.712948799133301,-7.117444038391113,-4.957331657409668,-2.3759512901306152,-4.2390007972717285,-2.0965466499328613,-4.506716728210449,8.97214126586914,1.0332223176956177,-4.811428546905518,-4.984685897827148,-5.253724098205566,-6.3701677322387695,2.683659553527832,-8.31307315826416,-8.274052619934082,-0.3795340657234192,-2.299717903137207,0.4217766523361206
d851f904a,-5.8977556228637695,-5.47809362411499,-2.040531635284424,1.385390043258667,-6.387063980102539,-3.7349307537078857,-6.667347431182861,-1.7369499206542969,-7.220824241638184,-5.597235202789307,-5.572513103485107,-5.123757362365723,-6.0636887550354,-5.9499945640563965,5.047055244445801,-0.962390661239624,-6.521785259246826,-2.347036361694336,-4.29599142074585,-5.516231060028076,6.681578159332275,-4.913333892822266,-5.2702226638793945,-2.9678561687469482
d8530cb76,-3.3327414989471436,-1.6543397903442383,-2.019408702850342,3.0811495780944824,0.03798285126686096,-1.7170099020004272,-5.548492908477783,-2.035576820373535,-3.2987053394317627,-1.5880563259124756,-3.3119771480560303,-3.7680959701538086,3.427386522293091,-1.111614465713501,-3.33004093170166,-3.870595693588257,-3.588031768798828,-4.888430118560791,0.9129446744918823,-6.198996543884277,-5.011607646942139,-1.407533884048462,-1.9190657138824463,-0.8294894695281982
d88daeacd,-2.940290927886963,0.9057643413543701,-1.3079407215118408,-0.5883906483650208,-2.7064261436462402,-1.3375024795532227,-3.416393280029297,-2.350703716278076,-4.886589050292969,-1.6243019104003906,-3.0283203125,-2.8463311195373535,-3.494149684906006,-1.383268117904663,-1.576364278793335,-2.5468759536743164,-3.4548819065093994,-1.170107364654541,-2.573859930038452,-1.005764365196228,-0.9666085839271545,-3.2566680908203125,-3.5126876831054688,-0.1232171282172203
d8ac4985b,-2.2243499755859375,2.947688102722168,-3.9955995082855225,2.969196081161499,-2.7557952404022217,-3.8145763874053955,-5.894691467285156,-3.2592098712921143,-4.346579551696777,-1.7503516674041748,-2.884181022644043,-4.794231414794922,3.615912437438965,-1.1799098253250122,-4.769810676574707,-3.7385330200195312,-1.670188546180725,-4.032022476196289,-0.9669605493545532,-5.589954376220703,-5.658719062805176,-0.37126317620277405,-3.378477096557617,-2.361654758453369
d8adad0e5,-2.0365896224975586,-3.0198471546173096,-3.6908864974975586,3.2283811569213867,-2.453646183013916,-4.5179033279418945,-7.163610935211182,-0.8425078392028809,-4.420590400695801,-4.02154541015625,-3.5655953884124756,-7.268815040588379,2.490663766860962,-3.105685234069824,4.7411909103393555,-3.9594945907592773,-4.153162002563477,-4.770219802856445,0.5377779006958008,-6.5111083984375,4.3244171142578125,-2.7899529933929443,-4.607322692871094,-2.169914722442627
d8da28fdc,-3.353947162628174,-1.877595067024231,-1.808175802230835,1.2347800731658936,-2.9357433319091797,-2.3360438346862793,-2.928891181945801,-2.9912049770355225,-5.001246929168701,-1.2129099369049072,-3.781785011291504,-1.4217079877853394,-0.7263355255126953,-2.3013429641723633,-2.836980104446411,-0.9337711930274963,-3.7157137393951416,-1.990061640739441,-0.7265257239341736,-1.2460088729858398,-1.0034738779067993,-2.2924299240112305,-3.0634896755218506,-0.7005678415298462
d92a9e98d,-4.65968656539917,-3.7765512466430664,-3.8690295219421387,1.794114351272583,-4.885216236114502,-3.9699764251708984,-2.426365852355957,4.159230709075928,-6.091554641723633,-3.0464956760406494,-2.0583834648132324,2.8052165508270264,-2.0990302562713623,-3.7091379165649414,-3.1920411586761475,-1.8249112367630005,-3.28108286857605,-3.4365673065185547,-2.327073574066162,-4.626821517944336,-3.1627745628356934,-4.724942207336426,-2.403477430343628,1.1439045667648315
d92c7a5f9,-2.4702718257904053,1.4665284156799316,-6.564596176147461,3.983585834503174,4.008216857910156,-4.151249885559082,-7.217215538024902,-4.649558067321777,-3.4585368633270264,-3.14791202545166,-4.858765602111816,-8.327361106872559,4.28195858001709,0.6147361993789673,-2.8898749351501465,-4.300992965698242,-3.5660922527313232,-6.239716053009033,1.290619969367981,-8.274742126464844,-8.592153549194336,0.1844041645526886,-3.931042432785034,-0.4643810987472534
d9614dd6b,-1.1769214868545532,2.516648769378662,-3.1293845176696777,2.5945017337799072,1.0064771175384521,-3.2697787284851074,-4.954117298126221,-4.56818962097168,0.25666970014572144,-0.9006316661834717,-4.417718887329102,-5.562732696533203,1.2153525352478027,-0.05621069669723511,-0.025960028171539307,-3.692502737045288,-1.4101674556732178,-3.592083215713501,-0.6932922005653381,-5.223879814147949,-7.092281341552734,6.7798566818237305,-3.645129680633545,1.4964323043823242
d9673a696,-8.652373313903809,-9.618807792663574,-3.396009922027588,-6.141894340515137,-5.060545921325684,-1.860943078994751,-5.676312446594238,-5.670938491821289,-6.4007391929626465,-4.761785507202148,-3.484273910522461,0.44817912578582764,-3.850745677947998,-5.436120510101318,-5.715354919433594,-6.267335891723633,-8.470809936523438,-5.477341175079346,-5.651805400848389,-0.7160431146621704,-1.2741520404815674,-5.793732166290283,-4.692348480224609,-3.98468017578125
d990033c2,-4.004816055297852,-2.292511224746704,-0.264675498008728,1.0699338912963867,-1.251091718673706,-1.2834818363189697,-3.056065559387207,1.6180115938186646,-4.4579620361328125,-1.2595789432525635,-1.5500032901763916,1.2517054080963135,-1.2474079132080078,-2.8014652729034424,-2.75714111328125,-3.324496030807495,-2.641411781311035,-1.998281478881836,-1.3905129432678223,-2.0394623279571533,-1.8865582942962646,-2.987424612045288,-1.9534416198730469,2.7880423069000244
d99b7515d,-5.45738410949707,-4.573148250579834,1.6809881925582886,-2.516603469848633,-4.313401222229004,-0.8973180055618286,-2.5643954277038574,-0.3106526732444763,-5.6023993492126465,-2.7510499954223633,-2.816850423812866,-1.994925856590271,-4.743847846984863,-3.3587677478790283,-1.7896872758865356,-3.5198729038238525,-5.022582054138184,-3.134129524230957,-4.519012928009033,-2.11968731880188,6.593366622924805,-5.460262298583984,6.275732517242432,-3.1016762256622314
d9a510159,-4.7842912673950195,-4.925775527954102,-6.4306182861328125,2.776599407196045,-3.1745948791503906,-2.4154086112976074,-6.165889739990234,-5.397269248962402,-4.492741107940674,-4.843847274780273,-1.567476749420166,-5.210668563842773,7.185854434967041,-1.4290883541107178,-6.9446563720703125,-4.0046467781066895,-6.258820533752441,-6.5482072830200195,0.417248398065567,-4.0159759521484375,-7.619750022888184,-3.964151382446289,-2.336906671524048,-1.0415236949920654
d9b9bb18b,-2.259554386138916,0.8050150871276855,0.09620162844657898,2.8396663665771484,-3.14349627494812,-2.1997036933898926,-4.050732135772705,1.573915958404541,-4.249938011169434,-2.6123151779174805,-0.3427380919456482,-0.4931263327598572,1.2238190174102783,-2.4054512977600098,-2.6291539669036865,-4.211443901062012,-3.2170302867889404,-2.9950637817382812,0.6093788146972656,-2.8373146057128906,-1.8285545110702515,-2.2843575477600098,-2.107475996017456,-0.5893148183822632
d9c9f2d19,-3.7997913360595703,-7.864501476287842,-8.022773742675781,2.68711519241333,-4.983432769775391,-4.919629096984863,-9.958495140075684,-6.483046054840088,-5.33614444732666,-5.47164249420166,-4.580694198608398,-8.469295501708984,9.812175750732422,-2.9669198989868164,-7.4892988204956055,-5.987367630004883,-8.461999893188477,-9.855653762817383,2.3191659450531006,-12.660972595214844,-11.171834945678711,-6.439427375793457,-6.187008857727051,-3.828439235687256
d9e1b7c75,-0.7930716276168823,-2.417377471923828,0.07849147915840149,-0.5829639434814453,-1.0147370100021362,-1.2726585865020752,-4.134298324584961,-4.54167366027832,-0.6167877316474915,-2.5089099407196045,-3.484185218811035,-3.8778200149536133,-2.68524169921875,-1.2841107845306396,-2.5795230865478516,-3.8860528469085693,-4.4345293045043945,-2.2190494537353516,-3.1491847038269043,-2.155259609222412,3.0219268798828125,-2.8256759643554688,-3.437807559967041,-0.9102827310562134
da2ddf423,1.7210832834243774,-4.614907264709473,-4.668888092041016,1.4024641513824463,-2.231698513031006,-2.698668956756592,-5.511546611785889,-4.616547584533691,6.3755950927734375,-3.2891921997070312,-2.179811477661133,-4.715787887573242,4.029460906982422,-2.52052640914917,-1.7828125953674316,-3.457641124725342,-3.8844785690307617,-3.8920207023620605,2.9971139430999756,-4.348998069763184,-1.902233362197876,-2.8790650367736816,-2.919574737548828,0.04964810609817505
da5225aa6,-5.587501525878906,-5.618132591247559,1.345445990562439,-1.0705721378326416,-6.310959339141846,-2.02750301361084,-3.903215169906616,3.4952664375305176,-7.306591987609863,0.44747161865234375,-3.9168155193328857,-1.1854221820831299,-5.643833637237549,-5.590599536895752,-0.7031311988830566,-3.4653854370117188,-3.2718605995178223,-2.0560293197631836,-4.361684322357178,-3.139908790588379,-1.1457865238189697,-6.163685321807861,-2.9346752166748047,-3.919215679168701
da55bc3a5,-5.443807601928711,-4.950777053833008,-0.49113112688064575,-1.8600831031799316,-5.598099708557129,-1.3864271640777588,-4.547821044921875,-3.8179426193237305,-6.762494087219238,-1.2274657487869263,-2.543837547302246,-1.5696089267730713,-4.88377046585083,-4.785272121429443,-2.3555474281311035,-4.328623294830322,-5.828585624694824,-2.434765577316284,-3.2631988525390625,-2.900198221206665,0.032076820731163025,-5.2537994384765625,-4.7270026206970215,-3.2312440872192383
da8369082,-2.4227805137634277,-1.5558513402938843,-0.41773247718811035,-1.8212802410125732,-5.2415313720703125,-1.8010914325714111,-5.212479591369629,-3.7116758823394775,-5.726534843444824,-3.38346791267395,11.388696670532227,0.038005948066711426,-4.25040340423584,-3.299105167388916,-2.39664626121521,-4.72573184967041,-5.086199760437012,-1.8864939212799072,-3.617572784423828,-3.0141072273254395,8.190067291259766,-5.397790908813477,-5.841495513916016,-3.41316556930542
daab0dff9,-4.062850475311279,-1.5453577041625977,-1.565741777420044,2.4385879039764404,-1.2108652591705322,-3.0567522048950195,-6.088645935058594,-3.136695623397827,-5.389120578765869,-2.585254669189453,-4.436534404754639,-4.54378604888916,2.4522829055786133,-0.8093760013580322,-2.8841264247894287,-4.1251959800720215,-4.849666118621826,-4.644515514373779,-0.12372833490371704,-3.791804075241089,-3.315699577331543,-2.8271572589874268,-4.70503568649292,-1.8732047080993652
db07bcc28,-3.2776248455047607,-0.9546930193901062,-0.14973628520965576,1.3419225215911865,-1.974440574645996,-3.642942428588867,0.35390257835388184,1.2288036346435547,-4.434277057647705,-2.043591260910034,-3.7274041175842285,0.12805421650409698,-1.0888142585754395,-2.3120028972625732,-1.648722767829895,-0.11816811561584473,-2.451237678527832,-0.697498083114624,-2.0793991088867188,-3.946007251739502,-1.3430827856063843,-1.1401774883270264,-2.267097234725952,1.0730077028274536
db1ebfb45,-1.798876404762268,-3.9386558532714844,-7.213311672210693,3.2727439403533936,4.31033992767334,-4.9896368980407715,-7.918478012084961,-5.273418426513672,-2.5303187370300293,-3.994901418685913,-3.7182161808013916,-7.140814781188965,8.31959342956543,-0.5025874972343445,-3.7558953762054443,-4.930347919464111,-5.508296489715576,-6.732263088226318,5.167917251586914,-9.685629844665527,-9.257397651672363,-1.1000481843948364,-4.256186008453369,-1.2773851156234741
db62684f1,-3.5503458976745605,-4.65416145324707,1.615891695022583,1.1865211725234985,-4.87808084487915,-1.4074079990386963,-2.4985733032226562,-0.6928213834762573,-6.192572116851807,1.3288397789001465,-3.0917892456054688,-1.560992956161499,-5.135825157165527,-4.608066558837891,-3.2578485012054443,-0.2959904372692108,-3.9985086917877197,0.6478235721588135,-3.9664764404296875,-2.7953028678894043,-0.9708896279335022,-5.191096782684326,-3.47491455078125,-3.016101837158203
dbe7b4a9d,-3.5565431118011475,-4.330729961395264,-6.291777610778809,3.3635292053222656,2.5972321033477783,-1.8416097164154053,-6.551933765411377,-5.4446587562561035,-3.4919910430908203,-3.868497610092163,-3.530785083770752,-4.617526531219482,5.386666297912598,-1.9168996810913086,-4.429964065551758,-5.343536376953125,-5.9865522384643555,-7.100760459899902,2.5095248222351074,-4.493126392364502,-6.610037326812744,-1.7249908447265625,-1.0578391551971436,0.011103935539722443
dbed047eb,-4.348649978637695,-4.975220203399658,-0.2902921438217163,2.6637744903564453,-5.965424537658691,-1.7460966110229492,-4.531741619110107,-2.125657796859741,-5.756401538848877,-3.380504608154297,-4.344391822814941,-3.12955904006958,1.2168407440185547,-4.8019328117370605,-0.7165712118148804,-3.0326735973358154,-4.496084213256836,-3.6079347133636475,-0.2807873487472534,-4.763213634490967,-1.8369132280349731,-3.891165256500244,-4.525528907775879,-2.093867540359497
dc53c01f2,-5.204655647277832,-5.856989860534668,-0.752558708190918,-0.949360728263855,-6.135905742645264,-2.7346689701080322,-2.271848678588867,0.9052683711051941,-6.927582740783691,1.499666452407837,3.837620258331299,6.150957107543945,-4.227771759033203,-3.675248146057129,-4.089264869689941,-4.419916152954102,-4.89409065246582,6.436966896057129,-4.588576316833496,-4.143183708190918,2.9630074501037598,-7.651155948638916,-3.7659294605255127,-4.015060901641846
dc604c110,-4.975838661193848,-3.906801462173462,0.017846867442131042,-1.2838287353515625,-6.547962665557861,-3.265120029449463,2.1779751777648926,3.155689239501953,-7.137049198150635,-1.9631166458129883,-0.5762970447540283,5.682472229003906,-5.096723556518555,-3.9846787452697754,-3.388472557067871,-3.203869104385376,-3.3239378929138184,-3.4844822883605957,-5.280503749847412,-4.40477180480957,10.378761291503906,-5.8295698165893555,-2.460970878601074,-0.16422760486602783
dc9dbde56,-4.477227687835693,-1.0518945455551147,-3.8647825717926025,1.144763469696045,-0.9667273759841919,-3.994791269302368,-1.9221510887145996,-4.309435844421387,-2.991454601287842,-2.4840378761291504,-1.874416470527649,-5.314576148986816,2.3452835083007812,-2.4541256427764893,-4.465676784515381,-2.798079490661621,15.52248764038086,0.5024507641792297,-2.5614047050476074,-2.791375160217285,-6.938392639160156,-0.13785099983215332,-4.137838840484619,-2.12843656539917
dcbbef5f3,-3.911980390548706,-4.5143585205078125,1.43210768699646,0.35746827721595764,-0.14404082298278809,-3.3930816650390625,-3.9129199981689453,3.816124439239502,-4.813170433044434,-0.9212644696235657,-2.367307186126709,-1.1965458393096924,-1.6622354984283447,-3.60819673538208,-3.281252145767212,-3.174056053161621,-1.8737642765045166,-2.548388719558716,-2.147775411605835,-4.196208477020264,-2.708439826965332,-4.569370269775391,-1.6030654907226562,-1.2929847240447998
dcf8ae30f,-2.555088520050049,-3.1634762287139893,-1.5088913440704346,2.812708854675293,-2.5581343173980713,-2.319309949874878,-5.183600902557373,-1.3520760536193848,-4.5681352615356445,-3.3831334114074707,-3.7078986167907715,-1.512316346168518,-0.18594792485237122,-3.1380629539489746,-0.46533501148223877,-2.260410785675049,-3.111462116241455,-3.6979429721832275,1.3772469758987427,-3.158632516860962,-2.0134754180908203,-2.583040237426758,-2.644517421722412,0.03067263960838318
dd0368a3d,-6.579336166381836,-8.24709415435791,-1.2218891382217407,-4.96761417388916,-5.500649929046631,0.2872926592826843,-4.331263542175293,-2.7313098907470703,-6.555010795593262,-2.5591652393341064,-3.7577335834503174,0.17394167184829712,-3.703080654144287,-6.164142608642578,-5.133667469024658,-5.721527099609375,-7.890759468078613,-3.4322047233581543,-5.268526077270508,-3.3989439010620117,0.14819008111953735,-6.473262786865234,-4.873867034912109,-4.114753246307373
dd1a3daf8,-1.9811720848083496,0.22238680720329285,-7.307936191558838,2.978515625,3.0067436695098877,-4.253527641296387,-6.500615119934082,-3.2150394916534424,-2.502115488052368,-4.366086959838867,-4.416133403778076,-6.474796295166016,1.0074414014816284,-1.0788295269012451,5.550640106201172,-3.773127555847168,-4.275008678436279,-4.878908157348633,3.139887571334839,-6.854442596435547,-4.412073612213135,0.7156176567077637,-4.237900733947754,-1.1980940103530884
dd242975e,2.853668689727783,-7.451936721801758,-5.6375017166137695,2.9394545555114746,-0.12948668003082275,-5.087538719177246,-10.584476470947266,-6.127945423126221,-4.194095611572266,-4.106849670410156,-4.3088765144348145,-7.82817268371582,9.862743377685547,-2.6619420051574707,-7.022549629211426,-6.2804741859436035,-8.248506546020508,-9.536712646484375,4.723692893981934,-12.687112808227539,-11.704872131347656,-3.87630033493042,-6.034750938415527,-2.7736151218414307
dd32fb085,-4.387520790100098,3.8061981201171875,-7.806350231170654,3.064690351486206,2.723423957824707,-4.054685115814209,-6.969523906707764,-2.808677911758423,-2.815626382827759,-5.402681350708008,-5.507444381713867,-8.099685668945312,-1.6185050010681152,-0.6089947819709778,5.581291198730469,-3.9969024658203125,-2.576855182647705,-5.4122185707092285,-1.7245033979415894,-7.353558540344238,-6.377660274505615,2.508395195007324,-2.3633973598480225,-1.512969732284546
dd3b0750c,-4.6298828125,-2.9327707290649414,-1.28159499168396,-0.3701813220977783,-5.056763648986816,-2.9964725971221924,-2.647592306137085,2.7729568481445312,-6.034845352172852,-2.2816710472106934,1.408725380897522,5.86700439453125,-3.211207389831543,-2.7813258171081543,-4.002933025360107,-4.527169227600098,-4.2945098876953125,-4.284846305847168,-2.681497573852539,-4.156727313995361,7.952083587646484,-4.627381801605225,-3.120978832244873,-2.8823018074035645
dd7895801,-2.888550281524658,-3.5779480934143066,-1.5799280405044556,0.8688881397247314,-6.589736461639404,-4.19203519821167,-5.076021194458008,6.107109069824219,-5.254388809204102,-1.141753911972046,-2.1683809757232666,-0.4546613395214081,-2.256161689758301,-3.8538384437561035,-1.1426222324371338,-2.722450017929077,-1.6380069255828857,-1.6564439535140991,-1.6596893072128296,-4.854007720947266,-0.41345587372779846,-4.439056396484375,-3.2114968299865723,-3.2707808017730713
dd83d4812,-4.0263824462890625,-5.821681499481201,0.5432655215263367,0.5951851010322571,-7.464158535003662,-2.9021730422973633,-4.956918716430664,3.4115753173828125,-7.196733474731445,-2.477656364440918,-3.4623947143554688,-2.5831339359283447,-4.638786315917969,-4.673746585845947,-1.947873830795288,2.706575393676758,-2.529115676879883,-2.0170276165008545,-4.4733734130859375,-4.345262050628662,-0.9542165398597717,-6.274062633514404,-3.044581890106201,-4.835244178771973
dd83e36de,-3.693026542663574,-8.735980987548828,-7.2421698570251465,2.6773180961608887,-6.846492290496826,-4.775116920471191,-9.294168472290039,-6.049890995025635,-6.3159613609313965,-5.67055082321167,-3.3345906734466553,-8.159341812133789,10.157337188720703,-4.963431358337402,-7.640237331390381,-6.132612228393555,-9.001465797424316,-10.433363914489746,2.3470678329467773,-12.641469955444336,-11.056869506835938,-7.492961883544922,-5.202559471130371,-3.926199436187744
dd85c3076,-3.9810361862182617,-8.918099403381348,-0.2216973602771759,-1.0349594354629517,-6.366917133331299,-4.183465957641602,-4.792423725128174,-0.5433489680290222,-7.206462383270264,-2.472550392150879,-5.0078511238098145,-3.469405174255371,-7.279678821563721,-8.61376953125,1.8861370086669922,0.4098028540611267,-6.601405620574951,0.42668312788009644,-6.954004764556885,-5.041412830352783,3.1121933460235596,-7.721217632293701,-3.9090981483459473,-4.039237976074219
ddae8255a,-3.808868885040283,-2.7106897830963135,-1.168526530265808,-0.372998982667923,-3.677725076675415,-1.499065637588501,-3.9669790267944336,-3.3026771545410156,-5.098775386810303,-1.9715125560760498,2.6166677474975586,-3.0267696380615234,-2.2198543548583984,-1.5267232656478882,-0.606578528881073,-3.7140893936157227,-4.83308744430542,-0.7392364740371704,-2.13620662689209,-1.1868577003479004,-0.8047857284545898,-4.046524524688721,-4.821935176849365,-0.46310776472091675
ddc1ceebf,-3.9938621520996094,-7.434726238250732,-6.647066116333008,2.6506106853485107,-4.919930458068848,-5.129961967468262,-8.659111022949219,-5.365235805511475,-6.188732147216797,-5.612473487854004,-3.942380905151367,-7.522481918334961,9.570318222045898,-4.014671325683594,-7.229005813598633,-6.053732395172119,-8.917508125305176,-9.498751640319824,3.514115333557129,-11.814864158630371,-10.56146240234375,-6.308061599731445,-6.305139064788818,-4.3383684158325195
ddc373f2f,-0.39584851264953613,-6.096046447753906,-5.049714088439941,2.005836009979248,-6.4100189208984375,-5.639747142791748,-7.4617228507995605,-3.4768173694610596,-4.5381364822387695,-3.777991771697998,-2.8318660259246826,-5.847511291503906,9.923995971679688,-4.896177291870117,-8.097635269165039,-5.142219066619873,-6.754328727722168,-7.643001079559326,2.0493927001953125,-8.671697616577148,-8.977243423461914,-7.519233226776123,-4.2206854820251465,1.0228016376495361
ddcea6cb4,-1.1158055067062378,-1.3995964527130127,-7.378106594085693,2.932602882385254,-1.3709642887115479,-3.4990134239196777,-6.65252685546875,-1.6993862390518188,-3.7206342220306396,-4.592869758605957,-4.293064117431641,-7.016319274902344,2.409238338470459,-3.2340941429138184,5.576761245727539,-4.248723983764648,-4.705504417419434,-5.9293718338012695,2.1532297134399414,-7.748117446899414,-3.6102123260498047,-0.10594354569911957,-3.8763551712036133,-0.5777324438095093
ddcf5519d,-7.160844326019287,-8.809135437011719,-1.7143363952636719,-6.052816867828369,-7.927622318267822,-1.364346981048584,-3.4324214458465576,-4.286568641662598,-8.267475128173828,-1.9131851196289062,-3.1978132724761963,0.15372277796268463,-6.504634857177734,-6.627531051635742,-5.163928985595703,-5.167856693267822,-7.362662315368652,-3.200316905975342,-6.6023664474487305,-3.878262758255005,1.1609266996383667,-8.257553100585938,-5.3144683837890625,-4.789063453674316
de02ee1f7,-3.6416103839874268,-5.423679351806641,0.4936533570289612,3.425914764404297,-4.066648006439209,-3.50838565826416,-5.6545562744140625,-4.154489517211914,-5.730317115783691,-2.905092716217041,-5.2234039306640625,-6.495314598083496,7.168403625488281,-2.1398799419403076,-2.854804039001465,-5.708212375640869,-7.424839019775391,-3.4273037910461426,2.8214993476867676,-7.162515163421631,-4.88361120223999,-5.2989020347595215,-6.702059745788574,-3.6669857501983643
de0788349,-4.008313179016113,-1.645719289779663,-5.65830135345459,1.967480182647705,-3.1460108757019043,-3.9890902042388916,-4.337520122528076,2.5272786617279053,-4.977575302124023,-1.8834125995635986,-0.4808184802532196,3.871825695037842,2.3787593841552734,-2.353231430053711,-3.276406764984131,-3.465972423553467,-2.378772258758545,-4.249343395233154,1.1059610843658447,-6.122737884521484,-2.4881834983825684,-1.8777108192443848,-1.2655906677246094,-2.3764374256134033
de97f109e,0.1817438006401062,-6.03900146484375,-2.7644715309143066,1.9273077249526978,-7.511987686157227,-4.818279266357422,-6.215822219848633,-3.0833773612976074,-6.414479732513428,-3.8460264205932617,-2.796940565109253,-4.933198928833008,7.339759349822998,-5.101292133331299,-6.511668682098389,-4.719298362731934,-6.959092140197754,-6.23585844039917,0.30815720558166504,-7.498896598815918,-6.8265886306762695,-7.208025932312012,-5.3014750480651855,-4.096575736999512
deb830d16,-3.4656739234924316,-2.5468404293060303,0.510195255279541,2.2968506813049316,-5.166319370269775,-0.45332571864128113,-4.124510288238525,-0.7804872989654541,-5.536994934082031,-2.0551846027374268,-1.3139064311981201,-1.2454044818878174,-1.4051223993301392,-3.410412073135376,-2.053380012512207,-2.996708393096924,-2.626253604888916,-2.0431909561157227,-0.9059187173843384,-0.5019636154174805,-1.4280002117156982,-3.444883108139038,-3.265185832977295,-2.6325953006744385
dec754125,-4.917287826538086,-3.32235050201416,-1.8792322874069214,1.6412208080291748,-4.118143081665039,-2.0079798698425293,-5.643363952636719,-0.04025791212916374,-6.540914535522461,-3.0081987380981445,-4.988523483276367,-4.95396614074707,-4.051058769226074,-4.618442535400391,4.83355712890625,-5.199906349182129,-4.464200496673584,-3.8599648475646973,-0.7377974987030029,-4.492621421813965,-1.911994218826294,-2.7615699768066406,-5.0429205894470215,-1.8838603496551514
dec816e68,-2.5265390872955322,-2.2749829292297363,-1.5781892538070679,-0.8270416259765625,-2.396692991256714,-0.6711217164993286,-2.6616814136505127,-1.819411039352417,-4.051095485687256,-1.2932116985321045,-2.903618812561035,0.3987436294555664,-2.9687209129333496,-2.9474620819091797,-2.605889081954956,-3.0058159828186035,-3.1127781867980957,-1.7070691585540771,-2.1013479232788086,-1.5047085285186768,4.21346378326416,-2.809194564819336,-1.8332782983779907,0.07734277844429016
deeceda0d,-3.7883639335632324,-0.10692450404167175,-6.06040096282959,3.6778621673583984,-1.3815293312072754,-1.7331874370574951,-5.0981597900390625,-3.4707183837890625,-3.739131212234497,-3.0927093029022217,-3.21030330657959,-2.390944004058838,1.4633499383926392,-1.5963654518127441,-3.683037519454956,-4.027432918548584,-3.6932008266448975,-6.115543365478516,0.32447320222854614,-4.984997272491455,-4.713089466094971,-0.1803412288427353,0.08864185214042664,0.33695605397224426
df04ace9e,-7.635133743286133,-5.417327404022217,-1.1847689151763916,-1.7274322509765625,-6.732451915740967,-2.6573283672332764,-5.14644718170166,-5.251376152038574,-8.357297897338867,-4.514136791229248,-4.613757610321045,-4.240765571594238,-5.127720355987549,-5.750410079956055,-0.9419265389442444,-4.731113910675049,-5.770999431610107,-5.445171356201172,-3.9160070419311523,-3.775062322616577,-1.6614354848861694,-5.64085578918457,-5.4671549797058105,-5.513500213623047
df092da53,-0.14209121465682983,-0.5340496301651001,-0.17322272062301636,2.273930788040161,2.6393275260925293,-1.7760142087936401,-3.6676433086395264,-3.070981502532959,1.4691003561019897,-1.2141788005828857,-2.9287304878234863,-2.715343952178955,6.321409225463867,-0.16311582922935486,-1.6772761344909668,-3.4304816722869873,-3.851191520690918,-1.4059553146362305,0.24200916290283203,-1.1635900735855103,-0.46292728185653687,-2.314525604248047,-3.7439451217651367,0.324601411819458
df0c4bac4,-2.0238609313964844,-3.1702160835266113,0.8853710293769836,2.0092880725860596,-4.392541885375977,-1.203132152557373,-2.765064239501953,0.106392502784729,-5.965484619140625,-0.7047823071479797,-3.1705284118652344,-3.00376296043396,2.010018825531006,-1.6784515380859375,-5.075956344604492,-4.080671310424805,-5.051999568939209,-2.9117398262023926,-0.5593162775039673,-4.313521862030029,3.4148459434509277,-4.700339317321777,-4.1752705574035645,-2.6059494018554688
df1359693,-5.5323920249938965,-8.152610778808594,-9.734352111816406,2.668555736541748,-6.165088176727295,-3.5806267261505127,-9.496565818786621,-5.99528694152832,-5.250156879425049,-5.889190673828125,-3.680241823196411,-7.141953468322754,9.786578178405762,-4.886025428771973,-7.5888190269470215,-6.107178211212158,-8.956603050231934,-11.033096313476562,1.4197742938995361,-11.924099922180176,-11.264659881591797,-6.428055763244629,-2.9631640911102295,-2.5456643104553223
df3bedcf9,-6.21858024597168,-3.905824661254883,-2.7142908573150635,1.2502391338348389,-3.8435518741607666,-3.6703779697418213,-5.8750529289245605,-2.7564496994018555,-4.941579341888428,-4.35101318359375,-4.624619007110596,-5.565191268920898,-1.252946376800537,-3.3173439502716064,-2.196906328201294,-4.09382438659668,-3.5768420696258545,-4.145442008972168,-1.3830232620239258,-6.601783275604248,-4.659173011779785,-2.7171759605407715,-5.6293768882751465,-3.531385898590088
df3e5e9be,-0.5402700901031494,-4.989313125610352,-7.9584197998046875,3.0770208835601807,-1.8286209106445312,-5.244196891784668,-9.415346145629883,-6.381968021392822,-4.245386123657227,-5.168963432312012,-4.461381912231445,-8.494306564331055,9.363040924072266,-2.6456689834594727,-5.79140043258667,-5.124665260314941,-6.369694709777832,-9.785120010375977,4.1313276290893555,-11.575579643249512,-9.446374893188477,-4.094342231750488,-5.650575160980225,-2.8374838829040527
df3edba65,-4.91020393371582,-7.161966800689697,-0.7205483317375183,-5.283308029174805,-6.804141044616699,-1.908766746520996,-3.9836580753326416,-3.4419732093811035,-6.845325946807861,0.10582256317138672,-3.407931327819824,-0.7097508311271667,-5.9147186279296875,-6.495395183563232,-4.278842449188232,-4.030677318572998,-6.556039333343506,-0.9580051898956299,-6.346200942993164,-1.3753666877746582,-0.991321325302124,-6.7436747550964355,-4.931215286254883,-3.9909942150115967
df5f47fcf,-2.072411060333252,1.319510579109192,-0.6859903335571289,3.6784558296203613,-2.9691648483276367,-1.5312566757202148,-3.17732310295105,1.4128036499023438,-4.316906929016113,-1.1884766817092896,-1.7898212671279907,-0.1067194789648056,-1.1195993423461914,-2.283362627029419,0.1831343024969101,-3.5048367977142334,-2.9415462017059326,-2.3655409812927246,-1.012864112854004,-2.017042875289917,0.5062867999076843,-2.088735342025757,-3.159191131591797,-0.9864840507507324
df605bc8a,-3.456454038619995,-3.4620614051818848,1.02180814743042,2.585827350616455,-4.867141246795654,-1.5550463199615479,-1.6582252979278564,-2.094604253768921,-4.3494367599487305,-1.809991478919983,-2.2207396030426025,-3.005321502685547,0.13661517202854156,-3.7754387855529785,-3.771960735321045,3.2261099815368652,-4.302263259887695,-0.17440740764141083,-3.2891392707824707,-3.885599136352539,-1.7180843353271484,-4.61946439743042,-2.6295485496520996,-1.415433645248413
dfa797445,-4.413494110107422,-5.230825424194336,-2.0603246688842773,1.6578480005264282,-6.347589015960693,-3.0444705486297607,0.6870104670524597,0.8224835395812988,-6.60101842880249,-2.0226991176605225,-4.132018089294434,-2.9886794090270996,-4.3605852127075195,-6.146313667297363,-2.539747476577759,-1.7367197275161743,-2.7898271083831787,-0.7077963948249817,-5.27868127822876,-4.163928031921387,-0.2644043564796448,-5.623613357543945,-3.6539673805236816,-2.4846415519714355
e0146a9c5,-2.6568751335144043,-2.4409515857696533,-2.0875895023345947,2.590097188949585,-4.835224151611328,-3.7524960041046143,-4.779649257659912,-3.334804058074951,-5.803356170654297,3.051604747772217,-1.621975064277649,0.6267420649528503,-3.581483840942383,-3.895183563232422,-4.962992191314697,-4.891165733337402,-4.581663131713867,8.892301559448242,-2.385465621948242,-4.121555328369141,7.08258056640625,-5.237911701202393,-5.351221084594727,-3.5477561950683594
e02f7ceb0,-4.234786033630371,3.6277289390563965,-0.8295520544052124,1.6802775859832764,-3.759136438369751,-3.574247360229492,-4.421321868896484,-2.3456742763519287,-5.679175853729248,-3.37672758102417,-3.6809449195861816,-5.597188949584961,-1.1730741262435913,-1.2027631998062134,-3.23732328414917,-3.654026508331299,0.7347975373268127,-3.160888195037842,-2.5073046684265137,-3.804260730743408,-3.08298921585083,-2.2081613540649414,-3.4072065353393555,-3.142545223236084
e04337cda,2.462172746658325,1.1250801086425781,1.55452561378479,2.517848491668701,-3.7120070457458496,-3.214463472366333,-3.86620831489563,-4.48006010055542,-3.502800941467285,-2.709963083267212,-3.352243423461914,-5.365373611450195,5.453435897827148,-0.17679721117019653,-3.8003528118133545,-3.4573678970336914,-3.535964012145996,-3.302844285964966,1.311286211013794,-2.346153736114502,-0.8846867680549622,-3.7951183319091797,-4.928568363189697,-2.659165859222412
e063f3827,-2.9666547775268555,-3.2923531532287598,-6.901159763336182,3.568816661834717,-4.1144866943359375,-3.1888926029205322,-7.342206954956055,-3.5935616493225098,-5.372232437133789,-4.586671352386475,-2.607465982437134,-7.998252868652344,8.297098159790039,-1.1703550815582275,-5.535503387451172,-3.937314033508301,-6.0784149169921875,-7.546572208404541,1.617069125175476,-9.433679580688477,-8.566946029663086,-4.30283784866333,-0.31141093373298645,-3.1009929180145264
e08ff6790,0.3544619083404541,-1.0927563905715942,-5.137561321258545,2.889643430709839,3.925915002822876,-3.794867992401123,-5.440572738647461,-1.781978726387024,-1.6517486572265625,-3.1898670196533203,-3.486453056335449,-5.655759811401367,0.8403701186180115,-0.6715632677078247,2.387077808380127,-2.025679588317871,-3.2166051864624023,-3.6545259952545166,2.433539390563965,-6.520479202270508,-3.160379409790039,0.5114057660102844,-3.9851841926574707,-0.778985321521759
e090ae5f4,-2.97640061378479,-5.422575950622559,-0.6175262331962585,0.7412500977516174,-6.219025135040283,-4.3963847160339355,-2.712263584136963,-1.687752604484558,-6.715663909912109,-2.4350287914276123,-4.510075569152832,-1.317509412765503,-4.655433177947998,-4.986403942108154,-4.887143611907959,0.1445295363664627,-4.962904930114746,-2.2431845664978027,-5.302340507507324,-3.642629384994507,12.389911651611328,-6.547211647033691,-3.471374988555908,-3.5239171981811523
e0a31e678,-3.7990095615386963,-2.5189857482910156,-7.438255786895752,3.618618965148926,0.6328336000442505,-4.224680423736572,-7.4868035316467285,-4.7743144035339355,-4.682315826416016,-4.947916030883789,-5.253757476806641,-8.191751480102539,4.242462158203125,-1.6377873420715332,-2.2605433464050293,-3.3616275787353516,-4.37574577331543,-6.425575256347656,2.5094101428985596,-9.463547706604004,-7.927890777587891,-1.1448918581008911,-3.8258190155029297,-1.0739784240722656
e0c86dc35,-4.56211519241333,4.736580848693848,-7.590815544128418,3.565857410430908,-0.9776440262794495,-3.7754671573638916,-7.3655853271484375,-3.4335415363311768,-3.4235148429870605,-4.698312759399414,-5.452145576477051,-8.224496841430664,-1.0884160995483398,0.24166424572467804,3.9258711338043213,-3.853999137878418,-1.9563912153244019,-5.9309234619140625,-2.7935967445373535,-7.56820821762085,-6.45176887512207,1.619505524635315,-1.2474701404571533,-1.9708036184310913
e0ed10df3,-1.8008534908294678,-5.334126949310303,-4.927254676818848,3.927783250808716,-2.153082847595215,-4.707046031951904,-7.482133865356445,-4.369365692138672,-5.125497817993164,-3.930652618408203,-4.00922155380249,-7.075342655181885,7.705704212188721,-1.8291950225830078,-6.015009880065918,-4.865043640136719,-6.523865222930908,-7.216503143310547,2.0089097023010254,-10.363140106201172,-8.864992141723633,-5.862435340881348,-5.538539886474609,-2.059091567993164
e10b5dc8d,-4.2127790451049805,-7.5048017501831055,-7.097559928894043,1.868288516998291,-8.473458290100098,-5.3022027015686035,-9.729950904846191,-5.411077499389648,-6.14765739440918,-4.747212886810303,-3.057365894317627,-7.251764297485352,10.403278350830078,-5.0720977783203125,-8.85079574584961,-6.08015251159668,-8.990951538085938,-10.058599472045898,1.712003469467163,-12.313888549804688,-11.073845863342285,-8.712164878845215,-5.764638423919678,-4.934403419494629
e123734ab,-4.786032676696777,-3.489734411239624,-2.3609089851379395,2.8167965412139893,-4.621340751647949,-3.155686855316162,-5.103538990020752,-1.4235749244689941,-6.923911094665527,-3.6947481632232666,-2.6872758865356445,-3.749115228652954,2.2268564701080322,-3.605771064758301,-1.6362015008926392,-4.038474082946777,-4.592949867248535,-3.2313578128814697,2.299159526824951,-4.470160961151123,-3.2142493724823,-4.325700759887695,-4.60322380065918,-2.995590925216675
e12aaac3c,-3.523585081100464,-6.567577362060547,-7.741827011108398,2.4218263626098633,-1.625199794769287,-4.451491832733154,-8.813343048095703,-5.724061489105225,-3.422764539718628,-5.314416885375977,-2.44175386428833,-6.506619930267334,9.96619701385498,-1.400381326675415,-7.865452289581299,-5.662210464477539,-7.3394999504089355,-8.606204986572266,2.2556283473968506,-10.238189697265625,-10.183160781860352,-4.280539512634277,-3.7732486724853516,-1.9507087469100952
e12ff7cf3,-4.561271667480469,-4.846735000610352,1.6100919246673584,-1.9318170547485352,-5.032654285430908,0.7584205269813538,-2.6184167861938477,-0.7431761026382446,-6.087157249450684,-0.8519704341888428,-2.3725438117980957,-0.8841577768325806,-4.620245933532715,-4.4481706619262695,-3.006091594696045,-3.522629499435425,-5.368353366851807,-0.41000425815582275,-3.8635334968566895,-1.8209115266799927,3.6375176906585693,-5.766022205352783,-2.9148621559143066,-1.9982147216796875
e16f89159,-3.113494396209717,-2.949687957763672,-5.326433181762695,3.399909496307373,4.6145853996276855,0.9195146560668945,-4.441014289855957,-4.5254292488098145,-2.5363128185272217,-2.417292594909668,-3.2054355144500732,-4.521453857421875,7.8271050453186035,0.7217141389846802,-2.256866931915283,-3.5501708984375,-5.369856834411621,-5.924073219299316,2.3562357425689697,-4.685041427612305,-4.860281467437744,-0.3546099066734314,-1.0382617712020874,0.7082935571670532
e170c9e82,-2.621983289718628,-0.9246557354927063,-0.5800399780273438,3.246798515319824,-1.6352319717407227,-3.117347478866577,-1.6331732273101807,-1.2931578159332275,-5.0081892013549805,-2.990438938140869,-4.035912990570068,-4.885251045227051,-0.01791447401046753,-2.361445903778076,-3.3210678100585938,-2.3272433280944824,-1.3981244564056396,-2.388739585876465,0.09686121344566345,-3.3861758708953857,-1.3465663194656372,-2.220576524734497,-3.058875799179077,-1.5263303518295288
e172b879e,6.7451324462890625,-1.0806186199188232,0.5074294805526733,1.042047381401062,-4.011865615844727,-6.54866886138916,-7.024508476257324,-5.726849555969238,-3.4453206062316895,-2.973616123199463,-5.614203453063965,-8.760961532592773,-3.103116512298584,-2.1491031646728516,-7.293170928955078,-3.6253371238708496,-3.8189797401428223,-4.7118353843688965,-0.5649600028991699,-4.054819107055664,-4.228813648223877,-5.915029525756836,-5.387453079223633,-2.9991934299468994
e1cf2d84a,-5.006721496582031,-8.064449310302734,-7.145596981048584,2.7795286178588867,-9.390371322631836,-5.737181663513184,-10.023868560791016,-5.412001609802246,-7.417654514312744,-5.499335765838623,-2.123326063156128,-8.10226821899414,10.371864318847656,-4.897828102111816,-9.561626434326172,-6.0745463371276855,-8.883756637573242,-10.343551635742188,0.3999704420566559,-12.074811935424805,-12.129402160644531,-9.286718368530273,-5.900485038757324,-5.082759857177734
e1d96eeb2,-2.9938783645629883,-0.5038069486618042,1.4807417392730713,2.7419776916503906,0.29613733291625977,-1.6200659275054932,-3.3474671840667725,-2.399728775024414,-4.86779260635376,-0.04051581025123596,-4.364897727966309,-4.21435022354126,-1.104447841644287,-1.363927960395813,-4.843636989593506,3.9839258193969727,-4.362610816955566,-1.1990629434585571,-1.8322386741638184,-4.617225646972656,-4.842233657836914,-1.9267539978027344,-3.377845525741577,-2.8681838512420654
e20702dd1,1.7204337120056152,-6.378350734710693,-7.194786548614502,2.8023858070373535,-1.6421077251434326,-6.63480281829834,-9.708873748779297,-5.724094390869141,-4.196213722229004,-4.337978363037109,-5.61381196975708,-9.309551239013672,9.077825546264648,-2.8203489780426025,-7.105216026306152,-5.424952507019043,-6.81754207611084,-8.773828506469727,3.9854187965393066,-12.656188011169434,-10.510880470275879,-4.940565586090088,-5.932899475097656,-2.6213274002075195
e209cae69,-5.673605918884277,-5.034117698669434,-4.067351341247559,0.005360595881938934,-8.073307991027832,-4.824342250823975,-3.550551414489746,2.0342612266540527,-7.179086208343506,-3.4381439685821533,1.2993344068527222,6.209707260131836,-1.8547117710113525,-4.569270133972168,-3.7359695434570312,-1.5942331552505493,-3.3037052154541016,-2.651364803314209,-3.736964702606201,-5.474573612213135,3.634031295776367,-5.932899475097656,-3.0638084411621094,-4.318559169769287
e2171433d,-2.7115039825439453,-3.1502060890197754,-4.370161533355713,1.5092740058898926,1.1998496055603027,-1.8764989376068115,-3.7068264484405518,-3.3298280239105225,-2.65641450881958,-2.961487293243408,-1.9461978673934937,-1.798853874206543,8.46325397491455,2.175549268722534,-4.550539970397949,-2.5777339935302734,-4.209779739379883,-3.521817207336426,-0.8868664503097534,-4.577981948852539,0.45439720153808594,-3.276041269302368,-2.812498092651367,4.341807842254639
e27e2651a,5.333169460296631,-2.874192714691162,-5.167167663574219,2.5815091133117676,-0.47387945652008057,-2.465487003326416,-7.939707279205322,-6.367105960845947,0.06823503971099854,-5.308374404907227,-4.534067630767822,-6.644346237182617,7.273714065551758,-2.440587043762207,-2.525977373123169,-5.282879829406738,-5.985991477966309,-6.773582458496094,3.6361286640167236,-7.315130233764648,5.180689811706543,-3.103045701980591,-4.878152847290039,-1.6381759643554688
e27f0ac43,-1.7359485626220703,-4.844317436218262,-2.3551769256591797,2.700901985168457,-2.7196896076202393,-2.8783602714538574,-4.164097785949707,-4.250988006591797,-3.505718946456909,-3.878101348876953,-1.6860918998718262,-3.5102365016937256,7.113506317138672,-2.189425230026245,-4.8116254806518555,-1.9068559408187866,-5.137540817260742,-3.037827253341675,0.675658106803894,-4.247824192047119,2.7884292602539062,-4.911406517028809,-3.29317045211792,-1.8339121341705322
e2c3dc310,-1.9575462341308594,-3.701050281524658,-2.6440725326538086,2.4165074825286865,0.3778608739376068,-3.496917247772217,-6.031505107879639,-2.3465466499328613,-4.407278537750244,-2.3785810470581055,-3.859121322631836,-4.556123733520508,4.425234794616699,-2.4658868312835693,-1.6476210355758667,-5.065478324890137,-5.590728759765625,-5.065484523773193,3.125000476837158,-6.729191780090332,0.5565375089645386,-1.468131184577942,-4.4654436111450195,-2.42012357711792
e2e2bb171,-0.9058459401130676,-4.917820930480957,-7.865882873535156,3.2898011207580566,3.103085994720459,-2.4524714946746826,-7.763927936553955,-4.994320869445801,6.055749893188477,-4.197098255157471,-2.8051223754882812,-6.201238632202148,10.226251602172852,-1.5212008953094482,-4.958431720733643,-5.476099014282227,-7.13033390045166,-7.589127540588379,1.1793487071990967,-6.845210075378418,-2.9285404682159424,-4.2495622634887695,-3.007722854614258,-0.040028318762779236
e2f5ac479,0.18975940346717834,-2.300663709640503,-3.9297804832458496,3.061267852783203,-3.875542163848877,-5.38621711730957,-8.144915580749512,-4.59108304977417,-3.297667980194092,-3.0854156017303467,-3.164430856704712,-8.362537384033203,8.165082931518555,-2.632847309112549,-5.187834739685059,-5.004303455352783,-6.034411430358887,-8.217360496520996,1.68109130859375,-9.5297212600708,-8.826305389404297,-4.878009796142578,-5.826834678649902,-3.431004524230957
e3612cada,0.2903970777988434,-3.4193947315216064,1.3576596975326538,-0.18866847455501556,-6.178608417510986,-1.7854019403457642,-5.79901123046875,-1.766574740409851,-5.549178123474121,-2.60512638092041,-4.054881572723389,-3.9919986724853516,-2.6359057426452637,-3.6541011333465576,-2.8186533451080322,-5.067223072052002,-4.458207607269287,-3.465023994445801,-1.781715750694275,-3.1813418865203857,7.618453025817871,-5.616679668426514,-5.068143844604492,-2.0080645084381104
e3cd63a21,-4.225185394287109,-3.383007526397705,-0.522929310798645,2.460596799850464,-4.370450973510742,-1.0884658098220825,-2.635317802429199,0.20458030700683594,-5.527393341064453,-2.3190324306488037,-3.1658120155334473,-2.2369863986968994,-1.9871668815612793,-3.4724597930908203,-0.15313228964805603,0.43154048919677734,-4.45552921295166,-0.9290481805801392,-1.7263386249542236,-2.7344372272491455,-1.0093932151794434,-3.9574062824249268,-2.681196928024292,-1.5001006126403809
e3dfd0503,-4.50363826751709,-2.280778408050537,-0.1689721792936325,0.6547022461891174,-4.183817386627197,-1.6729686260223389,-4.22640323638916,5.231381416320801,-5.154796123504639,-2.6725759506225586,-3.075651168823242,0.901522159576416,-0.9498469829559326,-3.0274577140808105,-2.226454496383667,-4.117827892303467,-2.327533006668091,-3.7052791118621826,-0.9395878314971924,-0.6678256392478943,4.725636005401611,-3.2860257625579834,-3.3967385292053223,-2.499971866607666
e3ec88f36,-4.12476921081543,1.1689059734344482,-5.250504970550537,1.3157167434692383,-4.694417953491211,-5.068950653076172,-2.5260114669799805,-4.352346420288086,-4.3273773193359375,-3.4419384002685547,-4.049248695373535,-7.234456539154053,-1.666764259338379,-1.8559385538101196,-5.215235233306885,-4.464740753173828,20.965084075927734,0.19717025756835938,-4.908629417419434,-4.451620578765869,-6.741936683654785,-2.3686113357543945,-3.680755138397217,-2.2257070541381836
e3faddc3c,-0.3293997645378113,-4.496257305145264,-6.450446128845215,3.4387388229370117,5.884518146514893,-3.827629804611206,-6.579017639160156,-5.397037506103516,-0.8485695719718933,-3.1274831295013428,-3.6701111793518066,-5.668644905090332,6.690829277038574,0.8681129217147827,-4.985037326812744,-4.57161283493042,-4.420602321624756,-4.853133201599121,1.7564105987548828,-7.95871639251709,-6.402182102203369,-0.7568108439445496,1.4988549947738647,0.38071101903915405
e416a5eca,-3.9298696517944336,-5.198414325714111,1.5396381616592407,-1.7905689477920532,-5.565802097320557,-1.4483022689819336,-4.059685230255127,2.1732020378112793,-6.599586009979248,-2.0681748390197754,-4.366019248962402,-2.5880684852600098,-6.659670352935791,-3.9985227584838867,0.6616293787956238,-0.9558706283569336,-3.8368024826049805,-0.46015894412994385,-4.395641326904297,-2.3867220878601074,5.223668098449707,-5.971695899963379,-3.4745676517486572,-4.454590797424316
e41b84fa7,-2.28788685798645,0.1923823058605194,-3.074538230895996,2.1661319732666016,-0.5294126272201538,-3.5703368186950684,-5.217375755310059,0.40613800287246704,-2.7344765663146973,-3.3618216514587402,-3.3365225791931152,-4.846726417541504,1.162069320678711,-1.9374336004257202,5.484569072723389,-3.4451897144317627,-2.8018274307250977,-2.406581401824951,-0.7718713283538818,-4.607621192932129,3.57399845123291,0.761712908744812,-2.3539929389953613,0.5742803812026978
e45e758c1,-1.7346856594085693,2.0390639305114746,-0.7376801371574402,2.785287380218506,-3.6628878116607666,-2.3421173095703125,-4.726349353790283,-3.4303078651428223,-4.194273948669434,-3.428964614868164,-4.475497722625732,-4.7259931564331055,-0.9285427331924438,-2.150444507598877,0.20653852820396423,-2.2807798385620117,-3.2751712799072266,-3.606297016143799,-0.36030781269073486,-3.3594062328338623,0.9371316432952881,-2.420161008834839,-3.693835735321045,-2.599142551422119
e4cb4370c,-4.944891929626465,-3.0662598609924316,-1.0033836364746094,-0.9009089469909668,-4.196659088134766,-1.342561960220337,-4.257219314575195,-2.7370471954345703,-5.697475910186768,-3.0486998558044434,-3.203747272491455,-2.0162055492401123,-2.0923542976379395,-1.3353594541549683,-0.685402512550354,-4.234645843505859,-4.996540546417236,-2.420225143432617,-1.5120054483413696,0.9769110083580017,-0.9977363348007202,-4.368120193481445,-4.8703837394714355,-1.0194052457809448
e5078d068,-4.198117256164551,-3.341614007949829,0.11935409903526306,0.3442331552505493,-3.708202838897705,-2.6806626319885254,-2.9384584426879883,-2.1712350845336914,-5.872183799743652,-2.312964916229248,-4.509966850280762,-3.4873111248016357,-2.263023614883423,-2.0905890464782715,-1.558305025100708,2.200740337371826,-5.101327896118164,-0.5931324362754822,-2.2414937019348145,-3.2021632194519043,-1.5190367698669434,-3.8321142196655273,-4.376803398132324,-2.9363598823547363
e50f9f241,-2.475294351577759,0.4577597379684448,2.5765652656555176,3.0769710540771484,-3.8974666595458984,-4.149451732635498,-4.464664459228516,-3.7827768325805664,-6.770533561706543,-0.8919112682342529,-4.046605587005615,-5.28714656829834,1.61087965965271,-1.9707880020141602,-5.223943710327148,-4.716063976287842,-2.9588918685913086,-4.091892242431641,-1.0301244258880615,-5.640003681182861,-1.7488582134246826,-3.541045665740967,-4.985834121704102,-4.0741729736328125
e512b33fb,-2.9751057624816895,-3.2873733043670654,-5.636253833770752,3.1792259216308594,1.8204232454299927,-4.72838830947876,-4.618544101715088,-1.3448612689971924,-4.093996047973633,-3.8782100677490234,-5.1218085289001465,-4.714621543884277,-0.34385988116264343,-1.334712266921997,9.457210540771484,0.761243462562561,-5.782181739807129,-2.445066452026367,0.7157651782035828,-6.186878204345703,-3.5785017013549805,-1.6287837028503418,-4.29229211807251,-1.6771208047866821
e52fe0b41,-7.450608730316162,-5.085217475891113,9.277959823608398,2.727522850036621,-6.156515121459961,-2.130756139755249,-4.73832368850708,-3.348421096801758,-10.45062255859375,-2.263427257537842,-5.080774784088135,-5.607163429260254,-7.253605365753174,-4.365547180175781,-7.863166332244873,-6.500725746154785,-7.244783878326416,-3.1735711097717285,-4.844594955444336,-5.919835567474365,-3.141451835632324,-6.234125137329102,-6.065141677856445,-8.417744636535645
e539e1a4d,-4.030257225036621,-4.524813652038574,-1.2096515893936157,-1.237697720527649,-7.519701957702637,-5.031567573547363,-3.0160531997680664,3.8666300773620605,-7.253260612487793,-3.832894802093506,-1.0169916152954102,8.774171829223633,-4.664325714111328,-4.8500165939331055,-3.8897311687469482,-5.45165491104126,-3.8107151985168457,-5.064496040344238,-3.672004222869873,-4.7473673820495605,7.374475955963135,-6.400185585021973,-3.2878637313842773,-4.949114799499512
e53ef2a35,-0.8151065111160278,-2.0598700046539307,-5.791343688964844,3.237701654434204,3.0630111694335938,-3.7011852264404297,-6.727262020111084,-5.076186180114746,-1.8789234161376953,-3.8737571239471436,-3.6870031356811523,-8.09609317779541,6.75872278213501,0.5175945162773132,-4.13990592956543,-2.8537940979003906,-3.5757150650024414,-6.639434814453125,2.5542736053466797,-7.198529243469238,-7.656087875366211,-1.12506103515625,-2.9822938442230225,-0.7709766626358032
e56187b03,-4.8683366775512695,-2.840623378753662,-1.8651198148727417,0.544869065284729,-4.2090253829956055,-1.5210986137390137,-4.268899917602539,-2.177680492401123,-5.566227912902832,-3.029850482940674,-1.4710052013397217,-0.4167402982711792,-2.1406967639923096,-3.191263437271118,-2.346100091934204,-4.337785720825195,-4.183567523956299,-2.8676021099090576,-2.921633243560791,-1.8636291027069092,-1.3674464225769043,-3.56386137008667,-3.6576688289642334,-1.7402209043502808
e56fb8264,-4.053893089294434,-2.846621513366699,-0.1890447735786438,0.2078271210193634,-5.336010932922363,-0.05282485485076904,-4.999388217926025,-1.3942489624023438,-5.771162986755371,-2.5687456130981445,-2.784003734588623,-1.7381129264831543,-2.633146047592163,-3.1034693717956543,-2.9528467655181885,-2.954979419708252,-2.5628294944763184,-2.650019407272339,-2.154442310333252,-2.840089797973633,0.18799465894699097,-3.711731195449829,-3.5567550659179688,-2.286964178085327
e57475890,6.674062728881836,-5.083826065063477,-5.320030212402344,1.9752694368362427,-2.0656800270080566,-7.360404968261719,-9.63725471496582,-6.746657371520996,-2.075766086578369,-3.0840978622436523,-5.766854286193848,-9.054366111755371,6.501320838928223,-2.6803765296936035,-8.328064918518066,-5.829481601715088,-6.68737268447876,-7.682339191436768,3.7607433795928955,-11.017366409301758,-9.581158638000488,-5.881190299987793,-6.914337158203125,-2.7143752574920654
e5848e7db,-1.8038430213928223,-1.9169373512268066,0.1230783611536026,1.6958544254302979,-5.653903007507324,-2.1585733890533447,-2.741398334503174,0.00015819072723388672,-5.500065803527832,-0.325236439704895,-3.2027196884155273,-0.6231311559677124,-3.2223727703094482,-3.6158556938171387,-1.6321427822113037,-0.22376251220703125,-2.3412461280822754,1.406775951385498,-2.32511568069458,-2.8928587436676025,2.616697072982788,-4.780017852783203,-3.028665781021118,-2.430299758911133
e5880f75c,-8.374494552612305,-10.094627380371094,-3.8486814498901367,-7.055958271026611,-7.5530924797058105,-3.049131393432617,-8.55781364440918,-9.124515533447266,-8.583606719970703,-4.294559001922607,-5.294856071472168,-4.823270797729492,-5.187943458557129,-7.733680725097656,-5.751944065093994,-7.057136535644531,-8.32177448272705,-6.837316989898682,-4.656750679016113,-6.23728084564209,-2.857576847076416,-7.638167381286621,-7.589004039764404,-4.162943363189697
e5b87fda5,-1.0440337657928467,-7.1304521560668945,-5.769979953765869,2.5562117099761963,-3.5494534969329834,-0.8923577070236206,-6.131588935852051,-5.268406867980957,4.187239646911621,-3.645749092102051,-1.6933057308197021,-4.9228105545043945,10.650643348693848,-2.239525556564331,-4.904857635498047,-4.722015380859375,-6.130856037139893,-4.228925704956055,0.09943161904811859,-5.017146587371826,-2.3404483795166016,-5.218993186950684,-2.3191728591918945,0.01643364131450653
e5ed0271d,-2.093989372253418,-2.7558906078338623,-3.2960011959075928,3.071600914001465,0.8955734372138977,-1.6983180046081543,-5.236981391906738,0.7663774490356445,-4.0325775146484375,-1.2786962985992432,-2.993455410003662,-4.034720420837402,0.6755366921424866,-2.340090751647949,1.0221906900405884,-3.496959686279297,-3.9774420261383057,-2.8106813430786133,1.6197707653045654,-4.637552261352539,-2.0407681465148926,-2.4192023277282715,-3.502987861633301,-1.966947078704834
e6353d64a,4.9984130859375,-4.874248504638672,-5.436629295349121,2.3380792140960693,-6.3636932373046875,-5.8404741287231445,-9.891622543334961,-6.050260543823242,-4.3425140380859375,-3.7029738426208496,-3.803415060043335,-8.162059783935547,9.842000961303711,-3.7298076152801514,-8.761295318603516,-6.13340950012207,-7.300302028656006,-8.664382934570312,2.241969347000122,-11.360544204711914,-10.344743728637695,-8.163533210754395,-6.086604595184326,-2.549684524536133
e68644d1e,-2.3814611434936523,-4.60385274887085,1.5059785842895508,-2.9549098014831543,-6.623807907104492,-1.148650884628296,-4.971614837646484,-3.45478892326355,-7.391571044921875,-2.9021806716918945,-3.953645706176758,-3.547214984893799,-5.569558620452881,-3.9457406997680664,-2.6657166481018066,-4.570059299468994,-5.442272663116455,-2.5168135166168213,-2.3646669387817383,-2.3133480548858643,-0.19431188702583313,-6.785060882568359,-6.277203559875488,-4.402708053588867
e6cb26296,-1.2239997386932373,-3.550736427307129,1.656851053237915,-3.6926984786987305,-4.674860000610352,-2.533015489578247,-2.8208465576171875,-3.275695562362671,-5.4203290939331055,-2.755354166030884,-4.3736066818237305,-2.973562240600586,-4.496368885040283,-3.3798952102661133,-3.4583067893981934,-5.1212477684021,-5.61047887802124,-3.0095410346984863,-3.5849738121032715,-1.8058135509490967,-0.13987575471401215,-6.046458721160889,-5.817054748535156,-2.5696332454681396
e751d4faa,-3.29721999168396,-1.1110515594482422,-3.1257386207580566,3.234912395477295,8.07815933227539,-3.7198517322540283,-5.844688415527344,-5.472700119018555,-2.9494082927703857,-1.2122361660003662,-4.4595746994018555,-3.6479785442352295,2.4991044998168945,1.8698599338531494,-4.947678089141846,-4.112010955810547,-3.77451229095459,-2.6056971549987793,-1.4841961860656738,-6.521432876586914,-6.657514572143555,0.1465536653995514,-4.007452964782715,1.3969902992248535
e7acab4ef,4.254340648651123,-2.4432716369628906,-1.4388833045959473,1.0287189483642578,-1.7410637140274048,-3.802798271179199,-3.805124521255493,-2.1658756732940674,-3.6540844440460205,-1.0049821138381958,-3.9451167583465576,-2.8964662551879883,5.561967849731445,-3.109527826309204,-5.232662677764893,-4.660790920257568,-5.135796546936035,-4.007686614990234,0.09521301835775375,-5.870755672454834,-6.741208553314209,-3.773444890975952,-4.650561332702637,2.20033860206604
e80456d8d,0.8445047736167908,-6.04764461517334,-7.373810768127441,3.06597900390625,1.0893915891647339,-6.858071327209473,-9.124613761901855,-6.330788612365723,-4.081717491149902,-4.6139421463012695,-5.437788009643555,-9.463281631469727,8.252498626708984,-2.4974067211151123,-5.750546932220459,-5.431063652038574,-6.668310642242432,-8.966142654418945,4.341708183288574,-13.022457122802734,-10.441225051879883,-4.384158134460449,-6.289800643920898,-1.827886939048767
e81a06c38,1.7074880599975586,6.838008880615234,-2.0227646827697754,2.276967763900757,-1.4484511613845825,-4.318533897399902,-5.307608127593994,-4.047661781311035,-3.0734755992889404,-2.472553253173828,-4.902483940124512,-5.325730800628662,-2.822878122329712,0.8514419198036194,-3.079848527908325,-4.1688385009765625,-1.5896153450012207,-4.873538970947266,-3.1198244094848633,-3.6133244037628174,-3.538661241531372,0.0855056494474411,-4.135385513305664,-1.594289779663086
e82c2e698,-5.9854230880737305,-2.0260565280914307,-5.319561958312988,3.7701416015625,-1.044060468673706,-5.658199310302734,-9.452973365783691,-6.868948936462402,-5.433598041534424,-5.43002986907959,-7.28226375579834,-8.68576431274414,1.3258249759674072,-3.08444881439209,-0.49787455797195435,-4.529481887817383,-3.6928372383117676,-7.294375896453857,2.348769426345825,-7.19016170501709,-3.287290096282959,-1.2351281642913818,-6.924117565155029,-4.588966369628906
e8304fc82,-5.76918888092041,-4.559657096862793,-1.4102879762649536,-3.7668325901031494,-5.479913711547852,-1.231534481048584,-4.325296878814697,-2.331589937210083,-4.992809295654297,-3.136990547180176,-2.9060921669006348,-0.3918546736240387,-4.1712117195129395,-4.305642127990723,-1.8908531665802002,-4.0528244972229,-2.271771192550659,-3.231715202331543,-3.8866171836853027,-2.0626776218414307,-0.4632835388183594,-3.922671318054199,-1.8454700708389282,-3.12068772315979
e87005eb8,-8.767204284667969,-7.61848258972168,-1.2919026613235474,-4.888836860656738,-9.335149765014648,-4.100831985473633,-2.5437088012695312,3.803285837173462,-9.370134353637695,-2.844534397125244,-1.047093391418457,9.750246047973633,-7.053780555725098,-4.612346649169922,-5.87992000579834,-4.803659439086914,-4.398221492767334,-1.7463806867599487,-6.936705589294434,-4.445301532745361,3.2137231826782227,-8.661779403686523,-4.324550628662109,-5.8500752449035645
e8b49743b,6.620299339294434,-0.7924522757530212,-2.337409496307373,2.6322250366210938,-3.8704257011413574,-7.759914398193359,-8.158337593078613,-3.802631378173828,1.904153823852539,-2.325420379638672,-5.8464508056640625,-7.911451816558838,2.3970754146575928,-2.3483855724334717,-4.533131122589111,-4.6657938957214355,-3.9877395629882812,-6.437876224517822,2.0504071712493896,-5.931725978851318,-4.17093563079834,-4.78524112701416,-5.220526218414307,-1.8639626502990723
e92ed71cb,-2.242366075515747,6.8075270652771,-5.012701034545898,2.767225742340088,-3.1358389854431152,-4.095763683319092,-6.391942024230957,-3.88899564743042,-4.262386798858643,-2.774609088897705,-4.462696075439453,-8.684828758239746,0.009354069828987122,0.286266565322876,-2.502431869506836,-4.755322456359863,6.8572001457214355,-2.841115951538086,-3.0047051906585693,-3.6630213260650635,-6.253810882568359,2.545013427734375,-1.9123597145080566,-2.447319984436035
e973505fd,-3.4299681186676025,-6.495246410369873,-5.0922393798828125,3.0139353275299072,0.9689872860908508,-3.090987205505371,-6.542970657348633,-5.903668403625488,-3.0552597045898438,-5.402382850646973,-1.2127448320388794,-4.739804267883301,9.199972152709961,-0.7084721922874451,-6.740548133850098,-5.155365943908691,-7.172918319702148,-6.477387428283691,2.075834035873413,-7.062686920166016,-5.644043445587158,-3.030007839202881,-3.3091797828674316,-1.1482346057891846
e98831840,-4.53936767578125,-1.9031569957733154,-5.005417823791504,0.5881026387214661,-1.3603119850158691,-0.31507164239883423,-3.1692843437194824,-3.47743558883667,-3.4861912727355957,-2.7524890899658203,-1.9446866512298584,-0.32664069533348083,-1.9458142518997192,-2.738400936126709,-4.461087226867676,-4.297097206115723,-4.210671901702881,-3.2908310890197754,-3.7012808322906494,-0.39639678597450256,-2.6250147819519043,-1.984316349029541,0.7939411997795105,2.8196706771850586
e9964f21c,-0.5778323411941528,4.098851203918457,-0.29580172896385193,2.8130223751068115,-2.820266008377075,-2.8135507106781006,1.1496917009353638,-2.2846016883850098,-5.302318572998047,-0.8968560695648193,-4.3000078201293945,-1.288411021232605,-3.316124439239502,0.09648573398590088,-2.9604344367980957,0.512486457824707,-2.6565754413604736,-0.5735024809837341,-3.0018672943115234,-2.062066078186035,-1.0617434978485107,-2.205231189727783,-3.153120756149292,-2.2174015045166016
e9d9c2ed8,-0.9763206243515015,0.883854329586029,-3.2789716720581055,2.7440531253814697,-0.9544956684112549,1.0892274379730225,-1.8339266777038574,-1.8075923919677734,-2.6211190223693848,-1.538346290588379,-2.1962530612945557,-3.058847427368164,3.1157984733581543,2.569295644760132,-4.624042987823486,2.259671449661255,-3.6969265937805176,-0.799016535282135,0.032473959028720856,-4.511177062988281,-2.3309247493743896,-1.3247313499450684,-1.1089966297149658,-1.5376737117767334
e9eb91c10,-1.4450857639312744,-5.73873233795166,-6.098466873168945,3.3758316040039062,4.281585693359375,-3.8281803131103516,-7.020627021789551,-5.700692176818848,-2.8576133251190186,-3.8093204498291016,-2.348508358001709,-7.044668197631836,8.658418655395508,-0.6500128507614136,-7.7235283851623535,-4.60211181640625,-6.181271553039551,-6.400673866271973,1.1909058094024658,-8.792808532714844,-8.599937438964844,-4.410314083099365,-3.32670521736145,-0.06579853594303131
ea0bd0265,-8.451811790466309,-6.987407684326172,-1.351182460784912,-3.5688178539276123,-7.242516994476318,-2.714310646057129,-3.058088541030884,3.732851982116699,-8.234436988830566,-3.5340864658355713,-1.668414831161499,6.26906681060791,-6.496169090270996,-5.047634124755859,-3.5838165283203125,-4.607962608337402,-4.541198253631592,-5.331048965454102,-5.480583190917969,-4.255990982055664,1.507497787475586,-6.713601112365723,-2.9973363876342773,-4.14093542098999
ea29deb79,-0.5343136191368103,-1.0450825691223145,-1.579026460647583,1.5368857383728027,-2.2443056106567383,-0.9623271822929382,0.22131109237670898,-3.2322144508361816,-1.8089138269424438,-1.3510206937789917,-2.11474609375,-3.392399549484253,-2.122960329055786,-1.36197829246521,-4.5721821784973145,-1.258408546447754,-2.009812355041504,-0.6407108306884766,-4.172124862670898,-2.5084500312805176,-1.5551447868347168,-2.6063859462738037,6.967038631439209,-0.14641410112380981
ea4e3b961,4.471608638763428,-6.81417179107666,-4.836677551269531,2.384129047393799,-5.336395263671875,-6.271583557128906,-9.43226432800293,-6.080636024475098,-4.322810173034668,-3.925630569458008,-4.458907127380371,-9.550291061401367,9.103142738342285,-4.099842071533203,-8.414411544799805,-5.322629928588867,-7.27753210067749,-8.163713455200195,2.8926525115966797,-11.442239761352539,-10.325357437133789,-6.993556976318359,-5.831611633300781,-3.7427432537078857
ea4e55fe5,-0.2619822025299072,-5.372878551483154,0.9387493133544922,-1.0347692966461182,-3.974167823791504,-2.035953998565674,-1.5397967100143433,-2.633979558944702,-4.241240501403809,-1.2537152767181396,-3.763321876525879,-1.393589735031128,-6.323733806610107,-4.498748302459717,-3.0341854095458984,0.8592867255210876,-4.55584716796875,0.18105828762054443,-5.369052886962891,-2.7514028549194336,2.5635340213775635,-5.804993152618408,-3.2620530128479004,-2.51444673538208
ea6ca9f44,-2.620025396347046,-6.762772083282471,2.9620611667633057,-4.0773773193359375,-6.669614791870117,-1.207526683807373,-4.493977069854736,-0.2650705575942993,-7.929617881774902,-1.2640223503112793,-3.932919502258301,-0.8848901987075806,-6.44704532623291,-5.5964765548706055,-4.484514236450195,-4.7608819007873535,-6.034554481506348,-2.4282424449920654,-5.092373847961426,-2.21099853515625,2.1877355575561523,-7.50573205947876,-5.384274482727051,-5.419404029846191
ea82be42b,-1.2407286167144775,-3.2918922901153564,-6.867393493652344,3.363558292388916,9.471030235290527,-4.588102340698242,-7.502187728881836,-5.700322151184082,-1.5276026725769043,-3.222825050354004,-3.66066837310791,-4.785205841064453,6.741705894470215,3.3691518306732178,-5.195427894592285,-4.386736869812012,-4.918166160583496,-3.1529197692871094,1.940260648727417,-9.089082717895508,-7.425386428833008,0.18537360429763794,-3.5461034774780273,2.100093364715576
eab0e3fb7,-5.130245685577393,-3.0875117778778076,0.1169004738330841,3.717860698699951,-3.721195697784424,-4.083568572998047,-8.769829750061035,-4.8221821784973145,-7.337082862854004,-4.865041732788086,-6.597638130187988,-9.249234199523926,1.4473273754119873,-3.3200416564941406,1.5117759704589844,-5.488523960113525,-5.8646745681762695,-6.285638809204102,0.6626096963882446,-7.700698375701904,-5.513916492462158,-3.932086944580078,-7.796037673950195,-3.142210006713867
eac54ac53,-6.657565116882324,-7.929089546203613,-1.2985113859176636,-1.344011902809143,-6.922056674957275,-2.4622480869293213,-5.716673851013184,-2.7285337448120117,-7.114918231964111,-4.38537073135376,-3.3986032009124756,-0.27880239486694336,-1.9885085821151733,-6.33013391494751,-2.425619602203369,-5.626164436340332,-7.171806335449219,-5.258443355560303,-1.8882858753204346,-3.0113112926483154,-1.564005732536316,-6.723943710327148,-5.004823207855225,-3.6682815551757812
eaf7140b0,-5.373210906982422,2.2469053268432617,-9.12520694732666,2.5551254749298096,-0.4768211245536804,-3.893782615661621,-7.312747478485107,-2.823451280593872,-3.7793474197387695,-5.70648193359375,-5.953286170959473,-7.174961090087891,-0.7487530708312988,-2.293546438217163,7.7126078605651855,-4.700438499450684,-2.974897623062134,-6.920845031738281,-1.5802078247070312,-8.310649871826172,-6.632000923156738,2.1201469898223877,-1.7892072200775146,-0.1566646695137024
eaf8a6d78,11.135409355163574,-2.5310635566711426,-3.7275595664978027,0.8164494633674622,-2.8372533321380615,-8.392775535583496,-9.653343200683594,-7.378389835357666,-3.1900992393493652,-3.903836250305176,-5.599907875061035,-8.911048889160156,5.071923732757568,-2.0977706909179688,-9.623614311218262,-7.37074089050293,-6.581892490386963,-8.423702239990234,2.4377622604370117,-11.109648704528809,-9.076406478881836,-6.610579490661621,-8.016670227050781,-2.8572335243225098
eafed0d41,-4.696714401245117,-4.837547302246094,-6.64108943939209,3.251406669616699,-5.048799991607666,-1.1726737022399902,-7.685614585876465,-4.887803077697754,-4.854739189147949,-4.231637001037598,-2.840299606323242,-7.269960403442383,10.786893844604492,-1.1405996084213257,-6.844024658203125,-5.213544845581055,-7.002479553222656,-8.780600547790527,0.20956535637378693,-8.22044563293457,-6.338932991027832,-5.608772277832031,-3.253239393234253,-1.9839142560958862
eb1505c15,4.178901672363281,1.6414146423339844,-1.4951852560043335,2.386307954788208,-2.5414066314697266,-4.213483810424805,-4.806607246398926,-3.727430582046509,-2.634281635284424,-2.5026698112487793,-4.1933674812316895,-2.784996271133423,-1.756018877029419,-0.6546854972839355,-4.089676380157471,-4.6970438957214355,-3.2015209197998047,-3.275905132293701,-1.402726173400879,-2.288574695587158,1.819122076034546,-3.063595771789551,-3.6549644470214844,0.13623842597007751
eb29ff0a5,-5.998238563537598,-5.989460468292236,-1.2425894737243652,-2.2680153846740723,-3.0636074542999268,-0.5055497288703918,-3.7667112350463867,-2.8564491271972656,-4.486579895019531,-2.8616514205932617,-2.7943496704101562,0.8283314108848572,-3.7780838012695312,-3.1652302742004395,-2.8831334114074707,-4.577570915222168,-5.99092435836792,-3.352626323699951,-4.252720832824707,0.3163573145866394,0.25701141357421875,-4.475545883178711,-2.1569693088531494,-0.103946253657341
eb733ca02,-10.10020637512207,-11.36546516418457,-4.104873180389404,-7.1228837966918945,-6.417912483215332,-2.7720727920532227,-5.878899097442627,-8.272265434265137,-7.298361778259277,-5.558309555053711,-3.8919477462768555,0.009811829775571823,-4.784184455871582,-7.073409080505371,-5.9719648361206055,-5.86192512512207,-8.455707550048828,-6.301333427429199,-6.368981838226318,-3.695554733276367,-1.1233803033828735,-7.078446865081787,-4.852313995361328,-4.118153095245361
ebbdc0aa8,-5.122725963592529,-3.8096799850463867,-1.0559110641479492,0.6147874593734741,-5.0982794761657715,-1.4135152101516724,-4.540406703948975,-2.5054373741149902,-6.156099796295166,-3.9299156665802,-3.0707077980041504,-4.925322532653809,-2.68630313873291,-3.7687535285949707,-2.33306884765625,-3.8783211708068848,-4.790792465209961,-4.432965278625488,-3.045698642730713,-4.029086112976074,-1.1540228128433228,-5.208400726318359,-3.024675130844116,-0.7652221918106079
ec3106223,-0.6316854953765869,-5.03987979888916,-5.123698711395264,2.3496737480163574,-3.762300491333008,-1.8457489013671875,-5.874850273132324,-2.8771109580993652,5.156668186187744,-3.5834364891052246,-2.0160956382751465,-4.2893877029418945,8.369588851928711,-3.348619222640991,-3.308305263519287,-4.120429992675781,-6.08817195892334,-4.104371547698975,1.5871737003326416,-5.380692958831787,-1.1737631559371948,-4.304020881652832,-3.106840133666992,0.3850204348564148
ec33806f2,-3.2718381881713867,-0.9553186893463135,-0.1332329511642456,2.4690985679626465,-1.0172102451324463,-1.5243109464645386,-5.026467800140381,-4.517856121063232,-3.993251323699951,-1.8702363967895508,-4.404142379760742,-4.0631303787231445,2.1226441860198975,-0.7574954032897949,-2.91776442527771,-4.031115531921387,-4.6165452003479,-2.535724639892578,-0.25726553797721863,-3.0882821083068848,-3.606933116912842,-1.8774592876434326,-2.0827088356018066,1.5641273260116577
ec59b0131,-3.660161018371582,-1.3344839811325073,-2.8234410285949707,3.1745100021362305,-0.24679970741271973,-1.668846607208252,-2.9508512020111084,-2.812894821166992,-3.708437442779541,-2.864201068878174,-3.238892078399658,-1.9633833169937134,0.8533840179443359,-1.3549277782440186,-3.2898058891296387,-3.756953239440918,-3.4172632694244385,-4.237581253051758,0.40758347511291504,-3.7629804611206055,-1.5063135623931885,-0.3270508646965027,-1.3036469221115112,1.7503011226654053
ec6d15316,-0.7449861764907837,-7.28532600402832,-9.136953353881836,3.2588272094726562,0.17660827934741974,-6.441205978393555,-10.437491416931152,-6.152602195739746,-3.561800003051758,-5.310833930969238,-5.603612422943115,-9.979740142822266,9.308825492858887,-2.19212007522583,-5.9148759841918945,-6.1532416343688965,-7.620936393737793,-10.062057495117188,4.913912773132324,-14.213394165039062,-11.72309684753418,-3.4761290550231934,-5.679560661315918,-2.0273091793060303
ec7635962,-3.2217459678649902,3.8463876247406006,-4.51447868347168,3.183391571044922,6.5875959396362305,-4.3516459465026855,-4.340629577636719,-3.1144213676452637,-0.9835885763168335,-1.7469826936721802,-4.342629432678223,-4.347433567047119,0.4356180429458618,1.6917388439178467,-0.41213762760162354,2.367612361907959,-1.8176424503326416,-1.4317171573638916,-1.884274959564209,-5.30457878112793,-5.728034019470215,5.326076984405518,-3.04048490524292,0.08847030997276306
eca7dbdb9,-5.111729621887207,-5.3332366943359375,-0.7198468446731567,1.130609154701233,-4.935601711273193,-2.507369041442871,-5.1951141357421875,-1.446830153465271,-5.931217193603516,-4.024322509765625,-4.666282653808594,-4.1607513427734375,-4.026264190673828,-5.683613300323486,4.572873115539551,0.848946750164032,-5.111469745635986,-1.7038663625717163,-3.0506205558776855,-4.056368827819824,0.5637827515602112,-4.854214668273926,-4.346008777618408,-2.096890687942505
ece74e291,-3.207674980163574,-4.147750377655029,-6.481780052185059,1.9300907850265503,-1.4864845275878906,-2.2972331047058105,-5.534764289855957,-1.2982256412506104,-3.3343591690063477,-3.6676411628723145,-0.7588467001914978,-3.556253671646118,8.39881706237793,-2.7870185375213623,-6.535913467407227,-4.960334777832031,-6.079368591308594,-6.177724838256836,-0.35914346575737,-6.6610612869262695,-7.187460899353027,-3.8266868591308594,-1.9029662609100342,3.6843132972717285
ecedeb42a,-1.5269839763641357,-4.24422550201416,-7.015820503234863,3.503527879714966,8.479594230651855,-5.04693603515625,-7.5809173583984375,-6.504364013671875,-1.6742842197418213,-3.742048501968384,-4.974903583526611,-6.9444146156311035,8.711633682250977,2.7160754203796387,-4.862790107727051,-4.3969221115112305,-5.218459606170654,-5.464134216308594,4.063389301300049,-9.933723449707031,-7.935396194458008,-1.247534155845642,-5.290438175201416,1.5108745098114014
ecf35cd2c,-6.9857635498046875,-4.394539833068848,0.3905024528503418,-1.0501439571380615,-5.470954418182373,-3.7236509323120117,-2.2774691581726074,2.6691513061523438,-7.333854675292969,-1.9684664011001587,-0.14993679523468018,4.5293121337890625,-4.559896945953369,-4.439577102661133,-3.282792568206787,-3.319002151489258,-1.248842477798462,-1.7079288959503174,-5.686519622802734,-3.338890790939331,0.6701469421386719,-5.94668436050415,-2.7804136276245117,1.3874305486679077
ed03cf2b1,-2.6111693382263184,7.849443435668945,-5.774741172790527,4.895721912384033,-1.9612113237380981,-3.616137742996216,-7.2368550300598145,-3.877462387084961,-4.25834321975708,-3.3731977939605713,-4.091221809387207,-6.24370002746582,-0.13349074125289917,0.7232801914215088,-4.3437042236328125,-4.3662919998168945,2.4952874183654785,-5.973258972167969,-2.478842258453369,-6.232822418212891,-5.3781352043151855,0.7741608619689941,-1.7502282857894897,-2.9134714603424072
ed1b5e83c,-4.919327259063721,-5.384825706481934,-0.1651047319173813,-3.8012070655822754,-8.01821231842041,-2.6757307052612305,-4.612619400024414,2.230093002319336,-8.082347869873047,-3.6024038791656494,-3.266367197036743,1.8239797353744507,-5.823764801025391,-4.700320243835449,-3.126858711242676,-4.926494598388672,-4.410307884216309,-5.124624252319336,-5.173216342926025,-3.1822469234466553,23.97267723083496,-7.442633628845215,-3.431281089782715,-5.959845542907715
ed2200f5d,-4.7336249351501465,-5.251944541931152,-3.5025694370269775,-1.266613245010376,-4.31361198425293,-2.9247002601623535,-6.054420471191406,-4.79824161529541,-5.12766170501709,-4.462248802185059,-4.040054798126221,-0.9022158980369568,-1.9811335802078247,-3.3763391971588135,-3.352262496948242,-2.8327417373657227,-4.987583160400391,-4.85599422454834,-1.422603964805603,-2.091285228729248,-0.09714685380458832,-3.414130210876465,-4.190972328186035,-2.083815336227417
ed3b6780f,-2.8402090072631836,-4.902282238006592,-6.381687641143799,3.6779825687408447,-4.115116119384766,-4.717226982116699,-8.707145690917969,-5.417943954467773,-6.197979927062988,-4.790313720703125,-3.629794120788574,-8.152800559997559,8.199189186096191,-2.5149645805358887,-6.528643608093262,-5.239309310913086,-7.490041732788086,-8.105681419372559,1.5201647281646729,-10.977579116821289,-10.212514877319336,-5.388600826263428,-5.939743995666504,-3.5872714519500732
ed4836885,-2.9040415287017822,-0.8023454546928406,-2.075892686843872,3.2556774616241455,-3.573507308959961,-3.2209835052490234,-5.0608673095703125,-1.3146767616271973,-4.545917510986328,-1.6595736742019653,-3.0211706161499023,-4.734054088592529,1.1213176250457764,-1.6728594303131104,-2.049309492111206,-3.250765562057495,1.7466453313827515,-1.9631130695343018,-0.7443300485610962,-6.257902145385742,-4.760693550109863,-2.3145368099212646,-3.495225429534912,-1.7685716152191162
ed4aed156,-3.247030258178711,-5.643583297729492,-7.095697402954102,3.0740084648132324,-5.854650020599365,-3.47174072265625,-7.298017978668213,-4.369898796081543,-5.020143985748291,-4.288156032562256,-2.0722508430480957,-7.003567695617676,9.891502380371094,-2.765711784362793,-6.878480434417725,-4.07257080078125,-6.735946178436279,-8.135029792785645,0.5312135815620422,-10.160850524902344,-9.400466918945312,-6.390084266662598,0.2226436734199524,-2.5009331703186035
ed4d33cf9,-2.376516342163086,3.267204999923706,-5.556712627410889,4.251219272613525,-2.821805000305176,-4.5369720458984375,-7.9755401611328125,-5.806619644165039,-3.5518150329589844,-3.645920753479004,-4.381563186645508,-9.346901893615723,6.1418137550354,0.9282741546630859,-5.900964736938477,-5.285391807556152,-4.0242462158203125,-8.56369686126709,-0.3828754127025604,-7.354117393493652,-7.755939483642578,-2.614222526550293,-4.9976348876953125,-2.2409775257110596
ed75d36e1,-5.551748275756836,-5.590418815612793,-4.849442958831787,2.970128059387207,-3.5330638885498047,-1.3657282590866089,-4.274318695068359,-4.745172023773193,-3.7170464992523193,-3.0601539611816406,-1.6103500127792358,-1.7750701904296875,6.886415481567383,-1.9147543907165527,-6.460671901702881,-4.208154201507568,-6.2409467697143555,-3.9625627994537354,1.0417790412902832,-2.195526123046875,-4.57949161529541,-3.8154380321502686,-1.2788925170898438,-0.8215938806533813
ed872c356,-2.079038381576538,1.3971071243286133,0.5149886608123779,1.987810492515564,-2.0121936798095703,-3.9372849464416504,-4.073520660400391,-1.798741340637207,-4.024290084838867,-0.5418495535850525,-4.306978225708008,-3.8795220851898193,1.9996392726898193,-2.008915424346924,-3.592484951019287,3.956310510635376,-3.1420326232910156,-1.4381444454193115,1.1219568252563477,-5.0198259353637695,-4.497655868530273,-1.2680583000183105,-3.3713865280151367,-2.2859034538269043
edbc79f69,-6.631606101989746,-3.154529094696045,-4.568990230560303,3.183575391769409,-3.621048927307129,-3.981395721435547,-7.156887531280518,-4.6036882400512695,-6.769836902618408,-4.020094871520996,-4.646793365478516,-6.817782878875732,1.3978407382965088,-4.687909126281738,-1.7451708316802979,-5.20327091217041,-5.125979423522949,-7.899722099304199,0.28123757243156433,-8.025177001953125,-7.0176777839660645,-1.2842535972595215,-5.156168460845947,-3.8273956775665283
ede9f85c3,-2.594581365585327,-3.542581081390381,0.5173002481460571,-2.323063373565674,-4.3497419357299805,3.207040548324585,-3.7187585830688477,-2.4602911472320557,-4.606542587280273,-0.7897207736968994,-2.230516195297241,-1.1273680925369263,-4.246809959411621,-1.2529618740081787,-3.016207695007324,-3.8176217079162598,-4.921472072601318,-1.9248002767562866,-3.03442120552063,0.880933940410614,0.903202474117279,-5.059068202972412,-0.2564154863357544,-2.1404542922973633
ee0b21eec,-1.495090365409851,1.95562744140625,-2.3173112869262695,3.598935127258301,0.7043001055717468,-4.224026679992676,-4.772758960723877,-3.9168596267700195,1.1972979307174683,7.928292751312256,-5.259897232055664,-1.927064061164856,1.6370563507080078,3.713014602661133,-0.19458699226379395,-3.906818389892578,-1.2828013896942139,1.0343557596206665,-1.0764715671539307,-4.330188751220703,-5.977861404418945,7.54534387588501,-4.55940055847168,-2.2747435569763184
ee100683f,-7.718507766723633,-7.588595867156982,-1.2683615684509277,-5.262103080749512,-7.622145652770996,-2.9085018634796143,-3.865351676940918,1.1917041540145874,-7.990592002868652,-2.0735743045806885,-3.1188735961914062,4.393342971801758,-5.8674468994140625,-5.880870819091797,-5.282970428466797,-4.767541885375977,-4.855783462524414,-5.3402910232543945,-5.774482727050781,-3.845583438873291,6.765592575073242,-7.45371675491333,-3.8419814109802246,-4.189897537231445
ee3ede2ae,-3.8245644569396973,-1.0660400390625,-9.90327262878418,3.4841885566711426,2.0240795612335205,-6.4413161277771,-9.941428184509277,-5.176448822021484,-3.6006999015808105,-5.644407272338867,-6.999093532562256,-8.693777084350586,1.7063827514648438,-3.183748722076416,6.702894687652588,-5.502012252807617,-6.735595703125,-8.521350860595703,4.95598030090332,-12.511850357055664,-9.373239517211914,3.2910540103912354,-6.240262031555176,-2.9472060203552246
ee7aa07f5,4.601981163024902,-3.2240962982177734,3.679847478866577,0.5190783739089966,-6.654491424560547,-7.502847194671631,-8.502693176269531,-5.721756935119629,-5.749982833862305,-1.6370716094970703,-7.712215423583984,-9.646349906921387,-5.708984375,-3.7646360397338867,-9.855321884155273,-7.855713844299316,-5.1695556640625,-5.427737236022949,-3.760286808013916,-6.184787750244141,-4.495148658752441,-6.351397514343262,-7.030468940734863,-4.291958332061768
eeaa58e68,-3.363908052444458,-0.9228426218032837,-4.371331214904785,2.664954423904419,-2.048311471939087,-4.238492488861084,-6.890989303588867,-2.335753917694092,-5.148367881774902,-4.780526161193848,-4.246608734130859,-5.118220329284668,0.9635802507400513,-3.099390745162964,3.533078193664551,-5.05841064453125,-4.693794250488281,-5.892697811126709,3.3741953372955322,-5.948968410491943,3.4240002632141113,-1.3325529098510742,-5.100958824157715,-2.638232946395874
eeca6861f,5.207135200500488,3.3410942554473877,-1.8481783866882324,2.2967722415924072,-1.378645420074463,-2.291592597961426,-3.965816020965576,-2.065370798110962,-3.0554988384246826,-2.379732370376587,-2.620462417602539,-1.8687816858291626,-1.0212143659591675,0.11580602079629898,-3.6863441467285156,-3.3004000186920166,-2.603978157043457,-3.913221836090088,-0.02756466716527939,-1.8016124963760376,-2.747889518737793,-1.6431922912597656,-2.7344260215759277,1.6220550537109375
eecc5a69d,-3.5606513023376465,-2.7830116748809814,-6.369552135467529,3.2339529991149902,-2.501227855682373,-3.3192243576049805,-5.002053737640381,-5.853330612182617,-1.910871148109436,-3.665807008743286,-2.2891881465911865,-4.68743896484375,9.875988006591797,0.2279890775680542,-4.583930015563965,-3.5487990379333496,-3.99377179145813,-5.186617851257324,1.0217885971069336,-0.15706515312194824,-5.544893264770508,-1.1396071910858154,-3.6270432472229004,-2.388962984085083
eed029a50,1.2357587814331055,-1.917778491973877,-3.206061840057373,2.5940043926239014,-2.731895923614502,-5.2084150314331055,-5.787384033203125,-4.513854026794434,-2.5276103019714355,4.4220170974731445,-4.352548599243164,-4.031519412994385,7.815268516540527,-2.3383312225341797,-4.76715612411499,-4.66995906829834,-6.275284767150879,-1.8589503765106201,2.477147102355957,-5.817872047424316,3.6549644470214844,-5.239583969116211,-5.7131805419921875,-3.1428840160369873
eed2fda4e,-4.814296722412109,-0.2758961319923401,-6.76900577545166,2.891228675842285,-1.7952685356140137,-5.447092056274414,-6.587586879730225,-5.86860990524292,-3.7114360332489014,-4.450006484985352,-5.610418319702148,-7.253765106201172,1.7464513778686523,-2.0782861709594727,-1.8711962699890137,-4.2728142738342285,4.214015007019043,-6.888313293457031,1.3787912130355835,-7.167974472045898,-4.948490619659424,-1.0365450382232666,-5.402260780334473,-3.963773727416992
ef028c4cb,0.3681766390800476,-1.4383976459503174,-3.6634931564331055,1.7989221811294556,-1.916622281074524,-2.6370577812194824,-3.7369790077209473,3.4582159519195557,-3.1493139266967773,-2.487269401550293,-3.9436192512512207,-2.405958414077759,1.0032202005386353,-0.9103856682777405,2.685281753540039,-0.21786770224571228,-0.9539746642112732,-4.086419105529785,-1.0375021696090698,-4.073728084564209,-4.088387966156006,-2.838001012802124,-2.7487120628356934,2.375549793243408
ef22c51c1,-6.144116401672363,-9.23147964477539,2.470709800720215,-5.120234489440918,-7.0701823234558105,-0.17599552869796753,-4.4687275886535645,-2.180367946624756,-7.549681186676025,-1.407657265663147,-4.1439409255981445,0.013973146677017212,-6.100543975830078,-6.882264137268066,-5.76237678527832,-5.259562969207764,-6.990227699279785,-3.0143420696258545,-6.101742267608643,-3.3477413654327393,0.7137698531150818,-7.833920478820801,-5.367254257202148,-4.534931182861328
ef3b3072f,-0.45421302318573,-4.61181640625,-5.070240497589111,3.266364336013794,8.293388366699219,-4.248813629150391,-6.7582197189331055,-5.442567825317383,-1.7037558555603027,-2.1564364433288574,-3.492772340774536,-4.825789451599121,6.812772750854492,2.935007333755493,-6.3009490966796875,-4.129701614379883,-5.628411293029785,-2.8765854835510254,1.6039206981658936,-8.747441291809082,-6.9621734619140625,-0.6904643774032593,-3.5967633724212646,1.7752246856689453
ef4085501,-3.8705203533172607,-2.800065755844116,0.47067564725875854,-1.610731840133667,-0.10245376825332642,-2.1429834365844727,-2.443432569503784,-0.539993941783905,-4.344509124755859,-1.9663503170013428,-3.08042573928833,-0.34010735154151917,-4.230867385864258,-2.6631603240966797,-4.118518829345703,-3.285283088684082,-4.320887565612793,-2.4728424549102783,-5.359890460968018,-2.897704601287842,4.950582027435303,-3.410918951034546,-1.6808172464370728,2.349675178527832
ef7e71a06,-2.6086978912353516,2.771183490753174,-1.6254565715789795,3.1675589084625244,-2.210047721862793,-2.568368911743164,-5.1033220291137695,-1.0132848024368286,-3.3829309940338135,-2.8318076133728027,-3.6933295726776123,-4.089160919189453,1.1436362266540527,-0.4189107418060303,0.8063007593154907,-3.759732246398926,-2.391556978225708,-3.260472059249878,-0.8260879516601562,-3.740035057067871,-1.254431128501892,-2.664623737335205,-3.5158917903900146,-1.3242356777191162
efa3eba39,-2.7001304626464844,-3.151127338409424,6.391427040100098,0.6893988847732544,-2.77658748626709,-2.078122854232788,-1.3116892576217651,-1.3588526248931885,-4.6163482666015625,-0.9117714762687683,-4.155041217803955,-1.5750430822372437,-3.8652501106262207,-3.3378219604492188,-4.563543796539307,-3.161613941192627,-3.821985960006714,-1.951493501663208,-3.0143275260925293,-3.351614236831665,7.638957500457764,-4.277240753173828,-3.215704917907715,0.14814090728759766
efbe09174,-3.1775827407836914,-1.1847387552261353,-1.304619312286377,2.627498149871826,-1.1777677536010742,-1.3234736919403076,-1.7245209217071533,-0.8568931818008423,-3.4605393409729004,-1.5236289501190186,-2.518141031265259,-1.1005809307098389,1.2359631061553955,-2.2506556510925293,-2.9964652061462402,-1.8547112941741943,-2.6709601879119873,-0.6039610505104065,-1.7631447315216064,-2.9937973022460938,-2.068690776824951,-2.2182602882385254,1.4806087017059326,1.5658409595489502
efc85723d,-3.9964144229888916,0.9278592467308044,0.13881325721740723,1.7935236692428589,-2.996786594390869,-2.1450066566467285,-4.292742729187012,-1.896894097328186,-5.855858325958252,-2.4841902256011963,-2.748819351196289,-2.1051907539367676,-2.1571593284606934,-1.5449082851409912,-2.7191619873046875,-4.118196487426758,-3.2709760665893555,-2.665862560272217,-2.675353765487671,-1.2880399227142334,3.7129969596862793,-2.097721576690674,-3.3933615684509277,-2.6956071853637695
f01e4c27d,-3.9051430225372314,-5.790637969970703,-0.17539727687835693,-0.3022336959838867,-5.60727596282959,-2.9399847984313965,-3.8653464317321777,-0.6053061485290527,-7.511944770812988,-3.6385855674743652,-4.881577014923096,-4.4956817626953125,-6.346174240112305,-6.0668535232543945,1.8267840147018433,1.0326321125030518,-6.038900375366211,-0.8173403739929199,-2.8218884468078613,-2.9615843296051025,7.760545253753662,-5.699446678161621,-4.426724910736084,-4.353304862976074
f02fd5721,5.938395977020264,-5.55558967590332,-4.486032009124756,1.4368046522140503,-4.0533766746521,-6.541807174682617,-8.673446655273438,-5.967770099639893,-3.0461299419403076,-3.795687437057495,-4.820080280303955,-8.010848999023438,6.626973628997803,-3.614774703979492,-7.557529926300049,-5.045936584472656,-6.4625959396362305,-8.425662994384766,2.559238910675049,-10.300958633422852,-9.472524642944336,-5.504297256469727,-6.089992046356201,-3.324876070022583
f0414b329,5.495856761932373,-2.210428476333618,6.251277923583984,1.228532314300537,-3.8304121494293213,-5.074389457702637,-5.936383247375488,-4.115998268127441,-3.891022205352783,-2.136533260345459,-6.037200927734375,-7.399838447570801,-4.047974586486816,-2.5730066299438477,-6.900935173034668,-5.917101860046387,-4.536351203918457,-4.687150001525879,-1.344228982925415,-4.880605697631836,-4.088381767272949,-4.681396484375,-5.745757102966309,-1.8106515407562256
f06305e5f,-2.898169755935669,-7.958300590515137,-7.674742221832275,2.749462604522705,-2.77239990234375,-5.41762638092041,-10.207420349121094,-5.951153755187988,-4.698849678039551,-4.706483364105225,-3.72605562210083,-7.106170654296875,10.587839126586914,-2.8943467140197754,-8.253713607788086,-6.335362911224365,-8.58464241027832,-10.534196853637695,2.8225386142730713,-12.995611190795898,-11.898848533630371,-5.602877616882324,-5.791026592254639,-2.58453106880188
f084cfb08,-3.0027565956115723,-1.082053542137146,-6.0980634689331055,3.837897300720215,5.593181610107422,-4.402759552001953,-7.432002067565918,-5.449665069580078,-3.1119744777679443,-3.4774351119995117,-4.720271110534668,-6.9720377922058105,5.270804405212402,1.249629259109497,-3.642819404602051,-4.439268112182617,-3.3692188262939453,-5.901551246643066,1.431201457977295,-8.002440452575684,-8.281278610229492,-0.08582410216331482,-3.824336051940918,-0.004160627722740173
f09063b60,-7.923229694366455,-6.703275680541992,-5.143479347229004,1.4570528268814087,-6.065260887145996,-4.058439254760742,-9.069879531860352,-4.700174331665039,-8.379617691040039,-6.009639739990234,-5.37334680557251,-5.777764320373535,4.367226600646973,-4.934851169586182,-2.7053864002227783,-5.629257678985596,-8.587350845336914,-8.554849624633789,1.5260579586029053,-10.26783275604248,-6.587095260620117,-5.218759536743164,-6.886958122253418,-5.762296199798584
f0d69d9ec,-3.9811437129974365,-6.102320671081543,0.9815442562103271,0.12963327765464783,-4.979193687438965,-2.6631383895874023,-4.587820529937744,-2.5508432388305664,-5.874790191650391,2.3417954444885254,-2.0130884647369385,0.3650670051574707,-5.375663757324219,-4.768659591674805,-4.582247734069824,-4.942452430725098,-5.386915683746338,10.205552101135254,-4.677670955657959,-1.844875454902649,-0.9283983707427979,-6.610730171203613,-5.814369201660156,-3.0469467639923096
f0e7cc973,-7.569891929626465,-8.603647232055664,-3.2305350303649902,-3.732543706893921,-6.408300399780273,-2.932673692703247,-5.867884159088135,-5.65103816986084,-7.665021896362305,-3.8886711597442627,-4.115078926086426,0.5005913972854614,-3.2488436698913574,-6.105267524719238,-2.887559652328491,-5.6433305740356445,-7.195340156555176,-6.326197624206543,-3.2844202518463135,-4.757274627685547,-2.4734349250793457,-6.271356105804443,-4.7161641120910645,-4.210104942321777
f0f10aafc,-3.163639783859253,-3.216482162475586,-1.5212059020996094,2.525459051132202,-1.25583815574646,-3.068906307220459,-0.4680688679218292,0.24544918537139893,-4.350185394287109,-0.9244072437286377,-2.3405401706695557,-3.5669803619384766,0.38171541690826416,-3.4381885528564453,-1.4315235614776611,2.6553869247436523,-3.731009006500244,0.16902917623519897,-1.4209388494491577,-3.9910190105438232,-0.2607007324695587,-2.0361571311950684,-3.277050018310547,-1.866271734237671
f105ed517,-6.499534606933594,-5.080056190490723,-1.3815176486968994,-1.6688859462738037,-8.080039978027344,-4.029156684875488,-2.6802961826324463,1.5252809524536133,-8.222478866577148,-3.7865943908691406,1.08565354347229,7.879348278045654,-3.425673484802246,-3.673485517501831,-4.695871353149414,-1.8699836730957031,-4.94765567779541,-2.4723708629608154,-4.139687538146973,-4.983343124389648,6.110885143280029,-7.652743339538574,-3.292703151702881,-5.018756866455078
f11d9f3f2,7.469515800476074,-1.3515851497650146,0.7793588638305664,1.2653796672821045,-3.7011818885803223,-8.338951110839844,-8.003801345825195,-5.359196186065674,-3.820871353149414,-2.583756923675537,-7.381909370422363,-10.776331901550293,-2.177633762359619,-2.2609925270080566,-8.192587852478027,-6.935299873352051,-4.539584159851074,-6.538886547088623,1.0474714040756226,-7.27123498916626,-6.294265270233154,-5.908342361450195,-7.411436080932617,-3.2241835594177246
f12c02275,-4.8605828285217285,-3.291280508041382,-6.8303375244140625,3.6418697834014893,2.242307424545288,-5.457816123962402,-8.460165023803711,-6.344611644744873,-4.0444841384887695,-4.9573235511779785,-6.476689338684082,-7.102273941040039,2.132955551147461,-2.574491500854492,0.23431707918643951,-4.232720375061035,-5.309849739074707,-6.703396320343018,2.3679823875427246,-10.176591873168945,-7.741146564483643,-1.1256706714630127,-5.71956205368042,-2.8038511276245117
f12c3e2b5,-1.096915602684021,-0.4176653027534485,0.4427104592323303,0.34270647168159485,-3.06778621673584,-1.4677115678787231,-5.237018585205078,-1.503977656364441,-5.10600471496582,-1.9395811557769775,-3.939476490020752,-3.419982433319092,-2.276487112045288,-0.5009177327156067,-2.524948835372925,-4.310127258300781,-4.207884788513184,-3.1986541748046875,-1.5473146438598633,-1.2080063819885254,1.762250304222107,-3.308126926422119,-4.59213924407959,-1.7466766834259033
f13056bb4,0.4870077073574066,2.2865893840789795,-2.119410276412964,2.9472837448120117,-1.56044340133667,-2.3150386810302734,-4.164510726928711,-3.1477744579315186,-1.6236793994903564,-1.3463671207427979,-2.039902687072754,-3.8942933082580566,1.392531156539917,-0.18374979496002197,-5.049491882324219,-3.544395923614502,-2.5584568977355957,-2.3203160762786865,-0.8731601238250732,-3.06618070602417,0.26379072666168213,-2.239071846008301,-2.410857677459717,-0.630069375038147
f14dd7528,-5.832526683807373,-3.0462985038757324,-1.0934193134307861,-3.043666362762451,-5.034755229949951,-2.9018826484680176,-7.051878929138184,-4.588170051574707,-7.672635078430176,-7.911874771118164,-3.1232171058654785,-3.518129348754883,-5.516961097717285,-2.6417694091796875,-3.89296817779541,-8.228043556213379,-8.239636421203613,-5.498623371124268,-4.597284317016602,-3.4980883598327637,10.25353717803955,-6.643177509307861,-5.7198944091796875,-6.177580833435059
f16fe948f,-5.292544364929199,-2.5889763832092285,-3.189871311187744,3.0483341217041016,-4.204977035522461,-3.5221166610717773,-6.487562656402588,-3.0045909881591797,-7.422750473022461,-4.2425384521484375,-2.643134593963623,-3.395899772644043,8.824777603149414,-3.68426251411438,-1.0337339639663696,-4.8574934005737305,-6.483282089233398,-5.487782955169678,1.938679814338684,-3.159836769104004,-5.201228141784668,-3.294135332107544,-5.31373929977417,-4.583235740661621
f190afc1f,-1.464900255203247,0.5682554244995117,-4.478549003601074,3.0732574462890625,-1.2793482542037964,-3.3478646278381348,-3.5132951736450195,-2.1330955028533936,-3.228877544403076,-3.0232410430908203,-1.7993366718292236,-3.691441774368286,8.578252792358398,-0.4435553252696991,-3.828129768371582,3.3414130210876465,-3.1709673404693604,-1.751801609992981,0.35388606786727905,-4.237174987792969,-4.746652603149414,-0.692013680934906,-0.07107971608638763,-1.07304048538208
f19581927,-2.780277729034424,1.9991236925125122,-5.597635269165039,3.1962194442749023,-2.2901272773742676,-4.421450138092041,-5.531765460968018,-1.0641388893127441,-4.510705947875977,-4.002628326416016,-5.0667243003845215,-6.698909282684326,-0.5979595184326172,0.5416446328163147,4.999302864074707,-0.7703855633735657,-1.4720898866653442,-4.100091934204102,-2.0718305110931396,-5.793262481689453,-5.7652587890625,-1.3460131883621216,-2.935882091522217,-2.994509220123291
f198ef7fb,-2.5129823684692383,-1.8451032638549805,-0.32121825218200684,1.7229242324829102,-4.064576148986816,-2.778224468231201,-1.9652535915374756,-2.6436257362365723,-4.669643402099609,-1.9274181127548218,-4.124612808227539,-4.0670881271362305,-3.6036157608032227,-3.6337122917175293,-1.5772531032562256,-0.3363855481147766,-3.7036643028259277,-1.613934874534607,-1.2703557014465332,-3.392622232437134,-1.939469575881958,-4.210818290710449,-3.9861369132995605,-1.1147502660751343
f1993040c,5.373908996582031,-5.705029010772705,-5.3577985763549805,2.8473737239837646,-3.4239695072174072,-6.390680313110352,-9.308959007263184,-5.658308982849121,-2.7926347255706787,-3.9738364219665527,-5.003481864929199,-9.137001991271973,8.210091590881348,-2.700671911239624,-7.52653694152832,-5.123346328735352,-6.8929009437561035,-7.806199073791504,3.207770347595215,-10.883567810058594,-9.676902770996094,-5.746283531188965,-5.741532325744629,-3.2438271045684814
f1bbcbe4f,-2.8915164470672607,5.6980156898498535,-6.302675247192383,4.282508850097656,-2.097433567047119,-3.516275405883789,-5.959133148193359,-3.3745017051696777,-4.534569263458252,-4.308295249938965,-3.795319080352783,-8.718534469604492,1.3277051448822021,0.5340545177459717,-4.325344085693359,-4.728157043457031,14.044193267822266,-3.7088851928710938,-2.849600076675415,-6.649604320526123,-6.05460262298584,-0.8113334774971008,-2.993302583694458,-2.458662986755371
f1cb8b958,-3.116380214691162,-6.339944362640381,-8.368753433227539,2.7096800804138184,1.3950971364974976,-3.4631669521331787,-7.9013776779174805,-5.799179553985596,-3.7389135360717773,-4.89735221862793,-2.4792308807373047,-6.853198051452637,10.563336372375488,-1.942997694015503,-7.145731449127197,-4.891974925994873,-6.9263739585876465,-8.643861770629883,2.033088207244873,-10.2049560546875,-9.776382446289062,-5.027785778045654,-3.4014382362365723,-1.3338408470153809
f1cebcfc8,-3.518866539001465,-6.1198811531066895,-0.568673849105835,-0.9429543018341064,-4.58875846862793,-2.9261703491210938,0.7464986443519592,-2.7311325073242188,-5.971776962280273,-1.4899170398712158,-3.3343944549560547,-1.9082781076431274,-4.99371337890625,-5.611907482147217,-3.565335750579834,4.15690803527832,-4.772891044616699,0.40773719549179077,-5.721982002258301,-3.194925546646118,2.710585594177246,-5.742666244506836,-1.9504709243774414,-1.6824064254760742
f1d3437eb,-1.9967330694198608,-0.16746172308921814,1.4578242301940918,1.833152413368225,-1.5439660549163818,-0.37456974387168884,-3.599785327911377,-0.5602736473083496,-2.6614809036254883,-0.545678436756134,-0.9853551387786865,-2.8911900520324707,2.2144100666046143,-0.7421380281448364,-4.057056903839111,-3.1468725204467773,-3.607459545135498,-2.3331756591796875,-1.2257816791534424,-3.4025349617004395,7.87649393081665,-2.6044368743896484,-1.6190365552902222,0.660083532333374
f24ffb800,-3.4860103130340576,-2.226402759552002,2.3261916637420654,1.6854609251022339,-5.856193542480469,-2.616260290145874,-3.332702159881592,2.0866053104400635,-5.811559677124023,-0.825003981590271,-2.339343547821045,-0.03246140480041504,-1.1278002262115479,-3.3660154342651367,-1.552469253540039,-3.456934928894043,-2.5938422679901123,-1.246103048324585,-1.484479308128357,-1.8681576251983643,-2.1196446418762207,-4.329555988311768,-3.0809390544891357,-3.3422818183898926
f25752348,-2.903585910797119,-1.5082342624664307,-0.4901626408100128,3.3792853355407715,-2.2115821838378906,-1.2475560903549194,-4.668070316314697,-3.7220935821533203,-5.453052520751953,-1.1647744178771973,-3.1368319988250732,-2.865412712097168,1.3799022436141968,-0.8882047533988953,-2.2292728424072266,-3.509622097015381,-4.066767692565918,-1.7796666622161865,0.23765084147453308,-3.038292407989502,5.157087326049805,-2.057859420776367,-4.6490654945373535,-1.5763576030731201
f275ae2a1,4.46632719039917,-5.334369659423828,-4.235451698303223,1.8912862539291382,-7.45631217956543,-5.435821533203125,-8.968355178833008,-5.627143859863281,-4.817026615142822,-3.5833892822265625,-2.7942090034484863,-7.473539352416992,9.740213394165039,-4.130038261413574,-8.826131820678711,-5.7029924392700195,-7.265130996704102,-7.622084617614746,1.0819857120513916,-9.848638534545898,-8.977048873901367,-8.48934555053711,-5.977608680725098,-3.968550443649292
f36236393,-3.2894446849823,0.9998276829719543,-3.1803483963012695,3.7888083457946777,-1.34189772605896,-2.1981403827667236,-3.432483196258545,-3.8644142150878906,-3.113100528717041,-2.9123125076293945,-1.0090769529342651,-1.1913890838623047,-0.18084773421287537,-0.6716547012329102,-3.767906904220581,-2.9493565559387207,-2.488673686981201,0.8309147357940674,-2.3105576038360596,3.853847026824951,1.884603500366211,-1.272370457649231,-2.252462387084961,-0.9992215037345886
f3a41f6ba,-2.964852809906006,-5.4843950271606445,-8.380681991577148,2.990138292312622,-2.451618194580078,-4.670675277709961,-9.031411170959473,-6.3880438804626465,-4.237416744232178,-5.580447673797607,-4.338756084442139,-8.828324317932129,9.27943229675293,-2.0786828994750977,-5.818973064422607,-5.263599395751953,-7.181296348571777,-9.797256469726562,3.4322004318237305,-11.201251983642578,-10.727313995361328,-3.9873781204223633,-4.423893928527832,-2.607010841369629
f3c162582,-4.85444450378418,-6.132954120635986,0.12485240399837494,-1.5225837230682373,-8.010387420654297,-3.2720730304718018,-0.022583067417144775,5.282486438751221,-8.14704704284668,0.3788948059082031,-3.3070504665374756,4.638042449951172,-6.742605686187744,-6.542029857635498,-2.0091710090637207,-1.8197325468063354,2.524643898010254,-1.0228924751281738,-6.3728227615356445,-3.439793586730957,-3.0130228996276855,-6.988903045654297,-3.299833297729492,-5.3160505294799805
f3e23a0bf,-5.2520527839660645,-7.185957908630371,1.3216819763183594,0.24533909559249878,-6.064099311828613,0.34799253940582275,-1.785059928894043,1.6788185834884644,-7.800387382507324,-2.233682870864868,-3.795509099960327,0.08683827519416809,-5.9812211990356445,-5.892255783081055,-3.0403857231140137,-3.822338104248047,-4.235793590545654,-1.5103514194488525,-4.956669330596924,-2.618804931640625,1.934265375137329,-6.406313896179199,-3.6958611011505127,-4.142917633056641
f3e36f234,-4.746442794799805,-3.449957847595215,-4.434597969055176,2.557887077331543,-2.98406720161438,-2.9528005123138428,-5.425238609313965,-0.7321723699569702,-5.525568008422852,-4.810169219970703,-4.595480918884277,-5.374754428863525,-2.4111149311065674,-4.7210540771484375,5.673140525817871,-2.9404311180114746,-5.018474578857422,-2.6730637550354004,-1.0539524555206299,-6.095656394958496,-1.1905293464660645,-1.9941891431808472,-4.85024881362915,-2.962874174118042
f401344d9,-3.893192768096924,7.940206527709961,-3.3277854919433594,2.6839823722839355,-3.2377536296844482,-5.452411651611328,-4.528108596801758,-3.6055188179016113,-3.6372764110565186,-4.18438720703125,-3.224620819091797,-7.138821601867676,-2.236483097076416,-0.2746827304363251,-3.6233274936676025,-4.28853702545166,15.491865158081055,-2.061967611312866,-2.6164662837982178,-4.68290376663208,-5.81766939163208,1.54056715965271,-3.4602067470550537,-3.1639485359191895
f40d5c50e,-1.935067057609558,1.8748104572296143,-5.440077781677246,3.7911338806152344,-2.0693247318267822,-4.763569355010986,-7.09910774230957,-4.147732734680176,-4.174710750579834,-3.0000476837158203,-1.8977166414260864,-6.363856315612793,2.883571147918701,0.11440409719944,-6.428437232971191,-4.291982650756836,-1.8078244924545288,-4.870136737823486,-0.7579753994941711,-7.307530879974365,-3.5337157249450684,-1.1140199899673462,-2.898905038833618,-2.2248692512512207
f434ff256,-3.9063174724578857,-7.073345184326172,-3.7896695137023926,2.394784927368164,-8.505335807800293,-4.741755485534668,-8.366384506225586,-3.853405714035034,-7.333308696746826,-3.9412922859191895,-3.5644021034240723,-6.623767852783203,10.50398063659668,-5.51374626159668,-6.646141052246094,-5.643694877624512,-7.778358459472656,-7.431423664093018,1.270250678062439,-9.337896347045898,-8.124229431152344,-8.08053207397461,-6.0658111572265625,-4.665748596191406
f47cd9739,-4.155080795288086,-5.80356502532959,1.015994906425476,-1.4531711339950562,-5.549657821655273,-1.8483628034591675,-2.892733097076416,2.839190721511841,-6.508121013641357,2.1461987495422363,-1.2036571502685547,4.7259521484375,-5.498813152313232,-4.886281490325928,-4.052822589874268,-3.1031136512756348,-4.5984086990356445,3.5956778526306152,-4.5673065185546875,-2.8348050117492676,7.263033866882324,-6.832653045654297,-3.9979703426361084,-3.426609516143799
f48c4b2ec,-4.476998329162598,-8.778274536132812,-7.470539569854736,2.7379813194274902,-9.485876083374023,-4.950699806213379,-9.9638671875,-5.381562232971191,-7.149771213531494,-4.214938163757324,-2.3800268173217773,-7.317204475402832,10.50656509399414,-5.9505615234375,-9.418094635009766,-6.259729385375977,-9.303505897521973,-10.853439331054688,1.4461842775344849,-12.424221992492676,-11.907651901245117,-9.137002944946289,-5.2734456062316895,-4.822478294372559
f4b13616b,-6.2774529457092285,-5.764215469360352,-1.5240721702575684,3.154581069946289,-3.7393643856048584,-4.747959613800049,-8.326122283935547,-7.0124077796936035,-7.294881820678711,-4.679109573364258,-6.870522975921631,-7.068493843078613,3.432176113128662,-4.481782913208008,-4.38771390914917,-6.885515213012695,-9.018144607543945,-7.233049392700195,1.8425543308258057,-8.94260311126709,-6.19290828704834,-4.727644920349121,-7.979076862335205,-5.351876258850098
f4b2e22d1,-4.399631500244141,-0.7379895448684692,-8.733190536499023,2.00879168510437,-1.295557975769043,-3.753709554672241,-6.586745262145996,-2.470963478088379,-2.4921557903289795,-6.038239479064941,-5.258907318115234,-7.828429222106934,-1.9708430767059326,-3.5486178398132324,9.736955642700195,-4.596860885620117,-5.285698890686035,-5.874644756317139,-0.8975517749786377,-7.982531547546387,-5.827635765075684,1.3465988636016846,-3.8690695762634277,-2.0332179069519043
f4c84c0c9,-1.9242521524429321,-5.458624839782715,-7.755690574645996,2.865482807159424,-3.666273593902588,-4.535849571228027,-8.652463912963867,-5.143939018249512,-5.21916389465332,-5.175671577453613,-3.869962692260742,-6.986161708831787,9.591270446777344,-4.100532531738281,-5.659102439880371,-5.730359077453613,-7.4006452560424805,-9.959070205688477,2.9942595958709717,-12.018383026123047,-9.888174057006836,-4.290480613708496,-0.9830867052078247,-1.9430255889892578
f53f498fd,5.917548179626465,-1.6563973426818848,-5.787045478820801,2.8727495670318604,0.7561466693878174,-5.38508415222168,-8.775556564331055,-5.787964820861816,-0.601580023765564,-3.7864508628845215,-4.756906509399414,-8.369074821472168,5.1664886474609375,-0.6805940866470337,-4.739071369171143,-4.600511074066162,-4.587614059448242,-6.491697311401367,3.616356372833252,-9.6716947555542,-6.597202777862549,-3.321608066558838,-5.761026859283447,-1.188154935836792
f543ef2c5,-1.9709219932556152,0.9586090445518494,-5.650613784790039,3.3671352863311768,2.2302346229553223,-3.8758349418640137,-6.315929889678955,-4.948896884918213,-2.9142842292785645,-3.7120540142059326,-3.8812012672424316,-7.775628566741943,5.639192581176758,1.1339582204818726,-1.866614580154419,-3.5022497177124023,-2.79971981048584,-4.858534812927246,1.8509323596954346,-6.4029951095581055,-7.4799957275390625,0.04100167751312256,-3.640479803085327,-1.0125824213027954
f55c35124,-3.5189404487609863,-2.233150005340576,-2.5168721675872803,1.3553228378295898,-4.53463077545166,-3.2097787857055664,-4.205047607421875,-0.757097601890564,-4.443765163421631,-2.2353968620300293,-2.82174015045166,-5.039051532745361,-0.8904910087585449,-3.016103506088257,-2.038231372833252,-2.540255308151245,12.252911567687988,-0.09407557547092438,-2.359394073486328,-4.856654167175293,-4.254312515258789,-2.9516375064849854,-2.963186740875244,-3.0714712142944336
f58fbe074,-6.393977642059326,-3.1026601791381836,-2.010603189468384,-2.5135481357574463,-3.9531502723693848,-1.550032377243042,-3.195262908935547,0.19012904167175293,-6.208334922790527,-3.6315789222717285,10.628767013549805,3.1531004905700684,-4.384722709655762,-2.7535042762756348,-3.6648812294006348,-3.954760789871216,-4.312314510345459,-2.4731576442718506,-4.786538600921631,-3.0938053131103516,1.870081901550293,-4.836688995361328,2.349029779434204,0.09950286149978638
f5a9fecf2,-6.386688709259033,-8.53315544128418,0.9104964733123779,1.2987241744995117,-7.2809953689575195,-1.9645824432373047,-2.059873104095459,-2.570866107940674,-7.677145957946777,-2.1068124771118164,-3.270583152770996,-3.073948860168457,-3.015820026397705,-6.534858703613281,-1.8053758144378662,-4.467106342315674,-5.620569229125977,-2.7237610816955566,-2.791696071624756,-4.452588081359863,-0.8610184788703918,-6.3084306716918945,-5.560001850128174,-5.103111743927002
f5e5289ca,-2.1405186653137207,-4.268943786621094,-6.54803466796875,3.773580312728882,9.166093826293945,-4.175093650817871,-7.242044925689697,-6.703516006469727,-1.3661143779754639,-3.1630430221557617,-4.670653820037842,-5.081914901733398,4.468501567840576,3.2846248149871826,-5.510054588317871,-5.1955461502075195,-5.736979961395264,-3.9915432929992676,1.5279414653778076,-8.686580657958984,-7.216702938079834,-0.10404134541749954,-2.6481168270111084,2.0187196731567383
f5e540151,-1.98557448387146,-2.5052437782287598,-2.4418210983276367,1.7125701904296875,-1.3594292402267456,-2.1696720123291016,-2.6879477500915527,-2.738706111907959,-3.838021755218506,-2.8247294425964355,-2.9142982959747314,-1.7215776443481445,2.050593376159668,-0.861592173576355,-4.4595208168029785,0.6394426822662354,-4.848630905151367,-3.041590690612793,-2.829374313354492,-3.7653396129608154,-4.416848182678223,-4.186563491821289,-1.8301597833633423,3.2460579872131348
f60c26714,-1.7610009908676147,-8.46546459197998,-7.362729072570801,2.6902475357055664,-6.393924236297607,-5.310059547424316,-9.665102005004883,-6.478551864624023,-5.921903610229492,-5.546807765960693,-4.235158920288086,-9.16480541229248,10.55009651184082,-4.605572700500488,-8.43630313873291,-5.645246505737305,-8.720014572143555,-10.851036071777344,2.3353586196899414,-13.141606330871582,-11.62475299835205,-7.80287504196167,-6.134049415588379,-4.140281677246094
f642a538f,-3.7457590103149414,-5.869007110595703,-6.093297958374023,3.1237683296203613,-2.40994930267334,-5.523890495300293,-8.664657592773438,-5.806702136993408,-5.453308582305908,-4.449591636657715,-3.906665802001953,-7.581941604614258,8.072701454162598,-2.131544828414917,-6.202736854553223,-6.026369094848633,-7.744229793548584,-8.800993919372559,2.8379030227661133,-11.608406066894531,-10.436068534851074,-4.8597307205200195,-6.68620491027832,-3.9250850677490234
f6f84bcd2,-4.761610984802246,-6.1931962966918945,0.14832380414009094,-4.170657157897949,-5.340144157409668,-1.3665471076965332,-5.00651216506958,-5.200804710388184,-7.3826398849487305,-3.4112281799316406,-3.7061026096343994,-0.7688009738922119,-5.349987030029297,-4.101227760314941,-5.617952823638916,-5.119693756103516,-7.990693092346191,-3.7118706703186035,-5.045537948608398,-3.0170798301696777,3.879063129425049,-6.548372268676758,-4.574887275695801,-4.710392951965332
f70171c3d,-2.7461862564086914,1.2462055683135986,-1.3760734796524048,2.821788787841797,-2.1384453773498535,1.7130556106567383,-3.820756435394287,-0.7726352214813232,-3.3080122470855713,-1.821157693862915,-2.6973423957824707,-3.6715195178985596,2.1456682682037354,0.3678508400917053,-3.541128158569336,4.0556840896606445,-3.166463613510132,-1.5498796701431274,0.35824573040008545,-4.096245288848877,-1.9726190567016602,-1.2570970058441162,-1.199708104133606,-1.3107411861419678
f72efada4,0.570330798625946,-5.223657608032227,-6.411612510681152,3.4052324295043945,-4.699642181396484,-3.3514246940612793,-8.089554786682129,-5.686874866485596,4.805610656738281,-4.376225471496582,-2.5030460357666016,-6.404106140136719,9.90320110321045,-2.000077724456787,-6.217862129211426,-5.246860504150391,-6.768013000488281,-5.505533218383789,0.6335152387619019,-6.820878028869629,-2.3047285079956055,-5.791825294494629,-4.065179347991943,-0.8157564401626587
f75655bc2,-3.332095146179199,-5.738951683044434,-0.7094570994377136,3.0202012062072754,-5.162649154663086,-1.5296666622161865,-4.721436500549316,-4.540657043457031,-6.256539821624756,-3.3709027767181396,-3.4182891845703125,-2.5604538917541504,3.2713136672973633,-4.891360282897949,-3.6145126819610596,-4.595636367797852,-6.730313301086426,-5.054316520690918,0.5157854557037354,-4.34046745300293,-3.2059166431427,-5.484094619750977,-5.442179203033447,-3.2531890869140625
f7de3f0e1,-4.433590888977051,-5.202020645141602,-1.6709256172180176,2.020263433456421,-6.564241409301758,-3.314950704574585,-5.865701675415039,0.9030638337135315,-6.8009033203125,-3.562854051589966,-4.286477565765381,-6.099116325378418,-3.2538366317749023,-5.021668434143066,4.153672695159912,-3.174398899078369,-4.036322593688965,-3.6081767082214355,-2.4196505546569824,-5.961456775665283,0.309608519077301,-5.256262302398682,-2.59440279006958,-4.911057472229004
f7df59dda,-4.596959114074707,-6.963547229766846,1.3728001117706299,-3.549565553665161,-5.973045349121094,-1.6580873727798462,-3.242278575897217,-0.5235013961791992,-7.126107215881348,-2.1374311447143555,-2.889803409576416,2.3041653633117676,-5.9892730712890625,-5.4784135818481445,-2.8241806030273438,-4.380710601806641,-6.525703430175781,-2.368725538253784,-4.609632968902588,-1.6176419258117676,1.438382863998413,-6.402138710021973,-3.909160614013672,-3.447861671447754
f7e51bd7e,-5.238982200622559,-5.042888641357422,-3.6461005210876465,3.0168375968933105,-4.695301055908203,-1.6891906261444092,-5.35532808303833,-3.4046404361724854,-5.775598526000977,-2.9598615169525146,-4.085237979888916,-0.33966103196144104,-0.3440418839454651,-5.160332202911377,-1.1753243207931519,-4.023658752441406,-5.699169158935547,-3.590609550476074,0.27680352330207825,-3.559567451477051,-2.3218131065368652,-3.793630838394165,-4.411320209503174,-2.598985195159912
f7fe17f88,-2.0387375354766846,2.840082883834839,-4.923914909362793,4.381026268005371,3.3471829891204834,-3.483318567276001,-6.280416488647461,-5.186356067657471,-2.179006576538086,-0.3787606954574585,-4.230910301208496,-6.806666374206543,2.953937530517578,0.19984248280525208,-4.564164161682129,-4.360135078430176,-2.353148937225342,-6.1338348388671875,-0.08450160920619965,-7.303048133850098,-8.438411712646484,1.8245830535888672,-0.6200277805328369,-0.8138349056243896
f8022764e,-5.126310348510742,1.988624095916748,-8.416009902954102,2.332012176513672,-1.9460954666137695,-4.132249355316162,-7.255516052246094,-3.0862832069396973,-3.857945203781128,-5.753873825073242,-5.69137716293335,-7.438593864440918,-0.213473379611969,-2.2352356910705566,8.976789474487305,-4.567330837249756,-3.5723965167999268,-6.748143672943115,-1.1974899768829346,-8.357551574707031,-6.885190963745117,1.6919149160385132,-4.265999794006348,-1.5829787254333496
f81ce177a,-6.902288913726807,-7.9653191566467285,-1.66205894947052,-2.96283221244812,-4.909986972808838,-1.9385079145431519,-4.918242454528809,-4.9364237785339355,-6.803484916687012,-4.669027805328369,-3.3769850730895996,0.7636975049972534,-0.82453453540802,-4.588611602783203,-4.427233695983887,-5.0929036140441895,-6.917266845703125,-4.075493812561035,-2.123332977294922,-1.7730443477630615,-1.0569530725479126,-6.43082332611084,-3.742523670196533,-2.9569387435913086
f88b1f59f,-2.7911031246185303,1.9467092752456665,-3.935051918029785,3.352484703063965,5.677700042724609,-3.9344778060913086,-6.349234580993652,-5.57248592376709,1.290136694908142,-2.5272672176361084,-5.165109157562256,-6.0702223777771,0.012830540537834167,1.4998722076416016,2.181746244430542,-4.085651397705078,-0.4964926838874817,-4.1982421875,0.03075869381427765,-6.225525856018066,-6.726047515869141,8.913818359375,-2.797746181488037,-0.5067736506462097
f8d422966,-3.6266393661499023,-5.4253411293029785,5.111246109008789,-0.7008956670761108,-7.810905456542969,-2.6842093467712402,-2.599445104598999,1.0435738563537598,-8.964868545532227,-2.2603354454040527,-4.401861667633057,-2.1074624061584473,-5.879654884338379,-4.945539951324463,-4.603298187255859,-5.103536128997803,-5.331495761871338,-2.954676628112793,-3.7955431938171387,-4.263265609741211,-2.3954668045043945,-7.380273342132568,-5.93738317489624,-6.564212322235107
f8f5a95ca,-7.269172668457031,4.910126686096191,-9.259668350219727,3.068742275238037,-1.2149629592895508,-6.076290130615234,-9.864519119262695,-5.8573102951049805,-4.717588424682617,-6.871131896972656,-7.556735515594482,-10.374885559082031,-1.412924885749817,-1.4585928916931152,9.837169647216797,-5.322803020477295,-2.895632028579712,-8.933981895446777,-1.2055050134658813,-8.720741271972656,-6.2527618408203125,3.909287691116333,-6.06334114074707,-2.668844699859619
f9148a8ef,0.5152625441551208,-0.42250174283981323,-0.09598338603973389,0.757719099521637,-2.6048388481140137,-1.121279001235962,-3.364041328430176,2.2386505603790283,-2.8938682079315186,-1.082027554512024,-1.3679709434509277,-1.3202686309814453,-0.4735364019870758,-1.1442515850067139,-2.7408804893493652,0.2944316267967224,-2.4530839920043945,-1.1156351566314697,-0.8844797611236572,-1.7794499397277832,1.8059241771697998,-2.3865272998809814,-2.1164650917053223,-1.2311335802078247
f96e2663e,4.901677131652832,-4.548539161682129,-1.325808048248291,1.711159348487854,-4.403312683105469,-6.7011237144470215,-10.028348922729492,-7.521214485168457,-3.4142374992370605,-5.247245788574219,-4.4923996925354,-8.17280387878418,4.451630115509033,-3.7597761154174805,-8.371170043945312,-6.833771228790283,-7.556869029998779,-6.143292427062988,1.2285407781600952,-6.474748611450195,3.7050886154174805,-7.9578471183776855,-7.608702182769775,-3.6236090660095215
f97150bf4,0.3288159966468811,-2.100627899169922,-1.757816195487976,2.415161609649658,-2.0554068088531494,-3.7129404544830322,-4.264955043792725,2.4527759552001953,-2.9572954177856445,-0.16453009843826294,-2.4038870334625244,-2.9895548820495605,1.9708161354064941,-2.0589218139648438,-2.6415176391601562,-2.1638176441192627,-2.9025135040283203,-3.6077044010162354,1.0708245038986206,-5.733860969543457,-1.2971323728561401,-3.1952426433563232,-3.3524961471557617,-2.1465442180633545
f9941860c,-2.6961348056793213,-3.6033127307891846,-4.498560905456543,2.192150592803955,-3.7471513748168945,-5.162991046905518,-4.1024088859558105,3.364473819732666,-5.331725120544434,-2.7982540130615234,-3.7101893424987793,2.3142778873443604,1.5893890857696533,-3.439201593399048,-2.6865553855895996,-2.197450876235962,-3.8444032669067383,-4.7374267578125,0.8352925777435303,-5.634716033935547,3.217482566833496,-2.982006311416626,-3.4940295219421387,-1.7371735572814941
f9a8940ff,-3.4081473350524902,-2.7533421516418457,0.5951160192489624,0.9968494176864624,-1.8189387321472168,-2.546060085296631,-2.743781805038452,-3.1984827518463135,-4.53272819519043,-1.7816274166107178,-3.860367774963379,-3.643982172012329,-0.6399558782577515,-2.9090311527252197,-5.391436576843262,-3.984539270401001,-5.094344615936279,-2.1517229080200195,-2.7252259254455566,-4.347311019897461,-2.5323879718780518,-0.822160005569458,-4.817197799682617,-2.1117491722106934
f9bade97d,-2.8028228282928467,-2.0625319480895996,-1.592415452003479,1.6902397871017456,-3.6611146926879883,-2.4850239753723145,-3.6345653533935547,-1.3484210968017578,-5.311087608337402,-0.08399578928947449,-1.9547122716903687,-0.9521912336349487,5.165696144104004,-2.6997194290161133,-4.310975551605225,-3.483281373977661,-4.398514747619629,0.398476779460907,-0.06969429552555084,-4.216774940490723,5.102973937988281,-4.207479000091553,-3.9363245964050293,-2.8296844959259033
f9e9b462b,-1.2434760332107544,-3.665538787841797,-6.371253967285156,3.255216598510742,9.1683349609375,-4.636080741882324,-6.701472282409668,-5.737917900085449,-0.9408820867538452,-2.7734079360961914,-4.564871788024902,-4.231644153594971,2.302781581878662,3.526865243911743,-4.579375267028809,-4.719648361206055,-5.101104736328125,-2.698101758956909,1.6743948459625244,-7.637296199798584,-6.288938999176025,-0.11884768307209015,-1.0058283805847168,2.224576950073242
fa3ed998b,-5.4994916915893555,-4.629324913024902,-1.664534330368042,-0.28247740864753723,-4.761229991912842,-2.0037522315979004,-4.547432899475098,-3.622511386871338,-6.195717811584473,-3.601109027862549,-2.7445361614227295,-0.8334929943084717,0.7564787864685059,-3.173936605453491,-2.2974090576171875,-3.3703927993774414,-5.223591327667236,-2.616633415222168,-0.39224863052368164,-0.22153609991073608,-2.1115498542785645,-2.9527251720428467,0.6267291307449341,-2.872783660888672
fa7786615,-3.718043565750122,1.144105076789856,-2.892500638961792,2.247403144836426,-2.5107219219207764,-3.315887212753296,-3.142879009246826,-1.6619541645050049,-4.113407611846924,-2.458592414855957,-3.2599282264709473,-5.336373329162598,-0.9930877685546875,-1.5764148235321045,-2.8564414978027344,-2.9642019271850586,7.5017900466918945,-0.171256422996521,-2.4650535583496094,-3.410000801086426,-4.369701862335205,-1.7735400199890137,-2.5124988555908203,-1.5668240785598755
fa7bc743b,-2.016178846359253,-3.8631515502929688,-3.191150188446045,3.441875457763672,-4.083675384521484,-3.713135004043579,-4.871933460235596,-3.5399367809295654,-3.931844711303711,-2.362724542617798,-3.5147202014923096,-3.7571723461151123,5.854327201843262,-3.390434741973877,-2.2548484802246094,-2.8269355297088623,-4.674073219299316,-4.884387493133545,2.604649543762207,-3.3151159286499023,-5.173686504364014,-3.420210838317871,-3.175111770629883,-1.853456974029541
fa7ce7b2f,5.53102970123291,1.4318875074386597,-2.1114096641540527,2.710472822189331,-2.9248454570770264,-4.2205328941345215,-4.679007530212402,-3.7219204902648926,-2.7565417289733887,-1.1487314701080322,-3.383704423904419,-4.3270463943481445,3.977747917175293,0.24976184964179993,-5.6331939697265625,2.334348201751709,-3.498628854751587,-2.1825664043426514,-1.5278823375701904,-3.3700051307678223,-3.5916476249694824,-3.7725679874420166,-3.1006336212158203,-1.7301478385925293
fa96f94e3,-3.854717254638672,-5.297187805175781,0.6749082803726196,-1.2993028163909912,-6.6377387046813965,-1.899347186088562,-3.398210048675537,-0.3137449622154236,-6.933544158935547,-2.7688255310058594,-2.5668535232543945,2.174715042114258,-4.8133440017700195,-5.071995735168457,-0.4214300513267517,-5.416296005249023,-4.495467662811279,-2.759828567504883,-3.538933515548706,-4.769345760345459,3.1609466075897217,-6.086891174316406,-5.183651447296143,-4.400979042053223
facb4aff7,-4.765124797821045,-3.633068323135376,-4.924508094787598,3.172344446182251,0.7842625379562378,-3.6193649768829346,-7.081002712249756,-5.1718292236328125,-5.559321880340576,-3.703141927719116,-2.840038299560547,-7.479109764099121,10.164329528808594,-2.1475765705108643,-5.249464511871338,-4.160521507263184,-5.9442973136901855,-5.925698280334473,-0.027698121964931488,-8.826436996459961,-8.669533729553223,-3.9889142513275146,-4.717336654663086,-2.767003059387207
fb1d5a6ad,-4.3679656982421875,-4.440384864807129,-2.2014644145965576,2.8591256141662598,-5.524932861328125,-3.118502616882324,-3.121065616607666,-2.912519931793213,-6.554648399353027,-3.989933967590332,-3.998058795928955,-2.3389456272125244,-0.6521034240722656,-4.361663341522217,-2.2631263732910156,-0.6545706987380981,-4.6374406814575195,-2.5546813011169434,-1.8960893154144287,-4.778646945953369,2.042233943939209,-4.887326240539551,-4.0203633308410645,-3.327390670776367
fb30074f7,-5.196432590484619,-4.308795928955078,0.15692570805549622,-3.069889545440674,-3.817214012145996,-1.6819343566894531,-2.487687587738037,-0.9089291095733643,-4.836615085601807,-2.2043538093566895,0.08296588063240051,1.332214117050171,-4.042417526245117,-2.366706609725952,-4.33035945892334,-3.694936752319336,-4.2420172691345215,-1.5566256046295166,-3.9986026287078857,0.40574243664741516,3.7305667400360107,-4.304161071777344,-2.8174448013305664,-0.7616585493087769
fb9acef53,-2.8308053016662598,-2.999023914337158,-0.5292856097221375,2.1505305767059326,-4.0429816246032715,-1.5447553396224976,-0.23057079315185547,-1.2397029399871826,-5.014346122741699,-1.2002240419387817,-3.3163647651672363,-2.7760138511657715,-1.6892541646957397,-4.003632545471191,-3.1494131088256836,-1.5553607940673828,-3.090857982635498,-0.554212212562561,-4.17189359664917,-3.362565040588379,0.7406570911407471,-4.012906074523926,-2.6353797912597656,-0.05801460146903992
fb9b1956c,0.8365796208381653,-2.894033908843994,5.244876861572266,2.4982128143310547,-6.76878547668457,-4.330734729766846,-6.805329322814941,-3.558978796005249,-7.950263977050781,-3.3294363021850586,-5.6129302978515625,-8.239365577697754,-0.8222895860671997,-2.7265195846557617,-5.144367218017578,-5.270051002502441,-4.009559631347656,-4.882626533508301,-0.9353055953979492,-7.334650993347168,-6.332179069519043,-6.298083305358887,-6.522191047668457,-5.767147064208984
fbaf23ce7,-1.8196320533752441,-0.706588625907898,1.5099437236785889,0.6507877111434937,-4.889958381652832,-2.2081899642944336,-5.49092960357666,-1.2860153913497925,-5.766839981079102,-2.542492389678955,-3.630812644958496,-2.2956042289733887,-2.8325579166412354,-2.5427348613739014,-3.95007061958313,-3.5966439247131348,-1.5088002681732178,-3.4859461784362793,-2.5576677322387695,-1.638911485671997,-0.8851494193077087,-4.192893981933594,-3.9505109786987305,-0.7147798538208008
fbd233231,9.438310623168945,-1.5793886184692383,-3.9589195251464844,0.21059547364711761,-4.990008354187012,-10.823122024536133,-11.119150161743164,-9.092513084411621,-4.091168403625488,-3.45461106300354,-7.5581817626953125,-9.664112091064453,-0.3611708879470825,-2.578061103820801,-11.761180877685547,-7.938436031341553,-6.171542167663574,-7.941465377807617,0.1743420958518982,-8.372891426086426,-7.27407169342041,-8.032319068908691,-7.94203519821167,-1.990448236465454
fc168108c,-2.817770481109619,4.646570205688477,-6.358424663543701,4.565316677093506,-1.3331842422485352,-5.202417850494385,-8.270206451416016,-6.454302787780762,-4.180128574371338,-3.576483964920044,-4.624350547790527,-9.338085174560547,2.4317269325256348,0.19123618304729462,-6.37300968170166,-4.9220871925354,-2.0314998626708984,-7.319422245025635,-1.1811796426773071,-7.605515956878662,-9.584121704101562,-0.24240922927856445,-3.268662691116333,-2.777722120285034
fc3ce6808,-4.59497594833374,-1.0365334749221802,-7.5830535888671875,2.159811019897461,1.2647290229797363,-3.3577041625976562,-6.323397636413574,-2.809305191040039,-2.7552075386047363,-5.307050704956055,-4.641683578491211,-7.007307529449463,-1.2696781158447266,-1.4527549743652344,11.244905471801758,-3.9253454208374023,-5.275425434112549,-5.049863815307617,-0.05406513065099716,-7.478953838348389,-5.623579978942871,0.11769479513168335,-4.608638286590576,-1.73298978805542
fc3da4ece,-5.99589729309082,-5.827069282531738,-1.736523985862732,-4.7130937576293945,-6.323901653289795,-3.3080508708953857,-5.352631568908691,-0.9160070419311523,-7.005134582519531,-4.049057483673096,5.942714691162109,3.0943710803985596,-4.3031511306762695,-5.159641742706299,-5.948268890380859,-5.734407901763916,-6.825507640838623,-4.404666423797607,-4.92447566986084,-0.8364274501800537,6.2548828125,-7.238742351531982,-4.702450752258301,-5.881558895111084
fc586a179,-4.066800117492676,-6.918212413787842,-0.5639519691467285,-5.057285785675049,-6.799997806549072,-1.4083821773529053,-4.775109767913818,-0.6233720779418945,-6.095568656921387,-1.198230266571045,-1.118813395500183,0.48214632272720337,-5.303495407104492,-5.573822498321533,-5.33677864074707,-5.245674133300781,-6.943728446960449,-2.4002420902252197,-4.3433051109313965,-2.596004009246826,1.9768387079238892,-7.49943733215332,-4.900562763214111,-4.439122200012207
fc58d91a7,-3.1979708671569824,-3.092092275619507,-2.814587116241455,2.6822307109832764,-1.326298713684082,-0.47971850633621216,-3.703115701675415,-3.4067773818969727,-3.5317764282226562,-2.0317742824554443,-2.7036280632019043,0.14680363237857819,3.6822867393493652,-2.648702621459961,-4.000951766967773,-3.805589199066162,-4.712433338165283,-4.28073787689209,1.617492437362671,-2.7924394607543945,-2.5807623863220215,-1.4812757968902588,-0.906036376953125,0.2587697207927704
fc778390c,-6.545758247375488,-5.397848129272461,-1.9877179861068726,1.296688199043274,-3.512576103210449,-2.3271584510803223,-2.1233482360839844,-2.7680392265319824,-6.462072372436523,-1.365718126296997,-3.321544647216797,-1.3880549669265747,-1.1816195249557495,-4.59040641784668,-2.0790393352508545,-4.372694969177246,-5.943330764770508,0.48420995473861694,-2.9385979175567627,-5.112852096557617,-2.7687342166900635,-4.713860511779785,-4.919414520263672,-3.032088279724121
fc9952787,3.1901183128356934,-0.8299350142478943,2.5721254348754883,2.6513209342956543,-4.263339042663574,-3.2356109619140625,-4.764871120452881,-2.9963133335113525,-2.271536350250244,-1.6098133325576782,-3.3853111267089844,-3.561798095703125,-0.05614470690488815,-1.799247145652771,-3.362062931060791,-4.060369491577148,-4.190196990966797,-1.9435522556304932,0.07017885148525238,-4.172632694244385,-2.63211727142334,-4.15479850769043,-4.7928080558776855,-2.3755435943603516
fcaf434a5,-3.0582871437072754,-6.652092933654785,1.0634440183639526,-1.7228922843933105,-6.541295528411865,-1.6561765670776367,1.797892689704895,-2.846068859100342,-8.45652961730957,-2.149702787399292,-4.00930643081665,-0.6043084263801575,-6.803342819213867,-6.097949028015137,-3.733961820602417,-4.5248260498046875,-5.230659484863281,0.6036352515220642,-5.434329986572266,-3.2015252113342285,9.097827911376953,-7.113034725189209,-4.866737365722656,-4.148571491241455
fcb77a2b5,-3.0809597969055176,-4.762411117553711,-6.894360542297363,2.931506872177124,-0.21686099469661713,-3.4667861461639404,-7.457481861114502,-4.445046424865723,-3.5555198192596436,-4.576868057250977,-4.397390842437744,-6.7461090087890625,9.02477741241455,-2.2248733043670654,-2.2926459312438965,-3.443887710571289,-5.805137634277344,-7.962747097015381,4.528278827667236,-9.387904167175293,-8.171937942504883,-2.3565611839294434,-3.831904649734497,-2.1223411560058594
fccf36014,-3.579331398010254,4.053313255310059,-2.7535390853881836,4.259567737579346,-2.1691176891326904,-3.8693456649780273,-4.119319915771484,-2.415003776550293,-4.984411716461182,-1.6780949831008911,-2.949375629425049,-4.393394470214844,1.1005377769470215,-0.4383540749549866,-2.7757949829101562,-3.389105796813965,-1.5466991662979126,-1.8023216724395752,-1.510840892791748,-5.035305023193359,-4.914936065673828,-0.548287034034729,-3.695650100708008,-1.5557525157928467
fcd2c3ef1,-2.4554245471954346,4.434576988220215,-6.400978088378906,4.091202735900879,2.572164535522461,-4.622978687286377,-7.318486213684082,-4.8680219650268555,-0.44050610065460205,-3.108297348022461,-4.456047058105469,-8.499776840209961,0.9216915369033813,0.3438011407852173,-2.2585949897766113,-4.929811477661133,3.9771671295166016,-6.166242599487305,-2.1897733211517334,-6.785450458526611,-8.598603248596191,5.565122604370117,-2.924654006958008,-2.328063488006592
fcf117a1b,1.2708591222763062,-0.8962391018867493,-1.8098771572113037,2.7835018634796143,0.03509241342544556,-3.284393310546875,-3.9887328147888184,-3.1134085655212402,-1.3745968341827393,-2.362622022628784,-3.497300863265991,-4.07413911819458,-0.9166707992553711,-1.4834120273590088,-0.6112632155418396,4.076632022857666,-3.619257688522339,-0.5512211322784424,-1.3465020656585693,-4.078099250793457,5.243465423583984,-2.5371527671813965,-3.4032094478607178,-0.738676905632019
fd15ef1fb,-5.453282833099365,-8.104077339172363,2.362746477127075,0.4165520668029785,-6.8271870613098145,-2.117607831954956,-4.0500054359436035,-1.4334224462509155,-7.36238956451416,-2.436117172241211,-4.356757164001465,-3.2513773441314697,-4.249683856964111,-6.847196102142334,-3.4447758197784424,-4.806120872497559,-5.759760856628418,-1.8797060251235962,-3.7353343963623047,-3.684650182723999,-1.21901273727417,-7.131052494049072,-4.885201930999756,-4.03461217880249
fd29d2de9,-1.5736888647079468,-3.3442370891571045,-2.7856290340423584,2.6616554260253906,-0.7785741090774536,-4.771628379821777,-5.05008602142334,2.25901198387146,-4.226963996887207,-0.8658850193023682,-4.551332950592041,-3.2572824954986572,-0.3018171787261963,-0.49520885944366455,-0.09577631950378418,0.9938243627548218,-2.5273168087005615,-2.2805538177490234,0.15767380595207214,-5.298096656799316,2.6835782527923584,-3.753638744354248,-3.5199506282806396,-3.5046346187591553
fd50e03f6,-3.523977756500244,3.3767852783203125,8.739749908447266,3.721985340118408,0.8972166776657104,-2.3079395294189453,-2.886829137802124,-2.921374559402466,-5.103361129760742,-0.8542842864990234,-6.071042060852051,-5.887114524841309,-3.0244991779327393,-1.0275623798370361,-3.7476894855499268,-5.700582981109619,-3.9630753993988037,-2.8149757385253906,-2.61576247215271,-6.101348400115967,-4.332114219665527,-1.2840745449066162,-5.073176383972168,-3.621523857116699
fd93fb244,-5.88111686706543,-5.329380512237549,-3.686763286590576,-2.20223331451416,-0.577384352684021,-1.5858824253082275,-4.756100177764893,-3.8687918186187744,-4.771891117095947,-2.503263473510742,-3.1987926959991455,0.12121766805648804,-1.3552308082580566,-4.591329574584961,-3.210883378982544,-4.449481010437012,-4.286211967468262,-5.05288028717041,-1.686456322669983,-2.673795700073242,-0.7267678380012512,-3.705099582672119,4.7218017578125,0.8587402701377869
fd9ce9c83,-5.331949710845947,-4.884819507598877,-1.117908239364624,2.5461034774780273,-3.4095473289489746,-0.9481954574584961,-4.606413841247559,-4.292588710784912,-5.401871204376221,-3.1686599254608154,-3.5636141300201416,-3.3790721893310547,-2.8588058948516846,-4.2360405921936035,2.0034408569335938,-3.6870627403259277,-5.042262077331543,-3.161372184753418,1.477893590927124,-3.1323654651641846,-1.3404407501220703,-2.2041587829589844,-5.0980329513549805,-3.866576910018921
fdcfb05e6,1.984298825263977,-3.803136110305786,-1.2179306745529175,0.8144848346710205,-4.759133338928223,-3.2446467876434326,-3.863717555999756,-3.3706820011138916,-4.287108421325684,6.849807262420654,-3.017723560333252,-0.7232648730278015,0.4497348666191101,-3.3514201641082764,-4.628671646118164,-4.7452311515808105,-5.007155418395996,2.351764678955078,-0.5972018241882324,-4.331775665283203,3.957124710083008,-5.608298301696777,-4.840228080749512,-4.074868679046631
fdd48b264,-2.0766103267669678,6.095789909362793,-7.579235076904297,4.819643974304199,-3.713987350463867,-6.4635443687438965,-4.262447357177734,-3.8319778442382812,-5.543772220611572,-4.144586563110352,-4.509422779083252,-7.981963634490967,0.01835799217224121,0.3066524267196655,-5.1797895431518555,-5.540712356567383,19.78717803955078,-0.9624432325363159,-3.8387703895568848,-5.751866817474365,-6.009318828582764,-1.5163218975067139,-3.2492218017578125,-3.7866525650024414
fddd93e7c,-5.76393461227417,-7.18018102645874,-6.827518939971924,2.1109228134155273,-10.243820190429688,-4.189985752105713,-8.310921669006348,-5.110901832580566,-6.623638153076172,-5.068540573120117,-1.2720907926559448,-6.248880863189697,9.589651107788086,-5.0053229331970215,-8.89084529876709,-4.934959411621094,-8.147422790527344,-8.349843978881836,-0.6971635818481445,-9.492094039916992,-9.864398956298828,-9.426794052124023,-4.801139831542969,-5.469879627227783
fe0745316,-6.282201290130615,-4.88944149017334,-1.9307969808578491,1.3446048498153687,-3.6026034355163574,-3.139159679412842,-5.515162944793701,-4.7178425788879395,-5.840825080871582,-3.998809337615967,-4.359004497528076,-2.8335022926330566,-2.3429131507873535,-4.6456756591796875,-1.5146815776824951,-3.8978195190429688,-3.258133888244629,-4.745702743530273,-1.0725948810577393,-4.956067085266113,-2.1943225860595703,-3.0847108364105225,-5.424465656280518,-2.5882294178009033
fe1fcc638,-5.076272010803223,-5.113735198974609,-0.5365912318229675,-1.7472623586654663,-6.171087741851807,-1.0210988521575928,-2.7938029766082764,-2.7472119331359863,-6.326156139373779,-1.8026793003082275,-2.9926774501800537,-1.000248670578003,-4.731994152069092,-5.045848369598389,-3.160236120223999,0.0028377771377563477,-4.990667819976807,-1.2156085968017578,-4.928574562072754,-1.8661259412765503,2.1650428771972656,-5.828594207763672,-4.043320655822754,-1.5201640129089355
fe3f68ca9,-1.3444509506225586,-2.33610200881958,0.14383748173713684,-0.48207902908325195,-5.6830315589904785,-3.1242635250091553,-2.936734914779663,0.29436933994293213,-4.80465030670166,-1.1251921653747559,-4.039463996887207,-2.7146823406219482,-4.377325534820557,-4.421292304992676,-1.2245392799377441,-1.4300546646118164,-3.7345216274261475,-1.179323673248291,-3.6252617835998535,-4.412220478057861,5.223372459411621,-5.114895343780518,-4.095705032348633,-2.597494125366211
fe53dbb7a,-2.505934953689575,-2.386125087738037,1.9403462409973145,1.061970829963684,-4.723106384277344,-1.836105227470398,-2.8887345790863037,0.6729716062545776,-5.299205303192139,2.9274680614471436,-3.756272315979004,-0.6452829241752625,-2.3376431465148926,-3.079936981201172,-1.675803542137146,-2.5838747024536133,-2.4118638038635254,-1.6187376976013184,-1.7121505737304688,-2.7400288581848145,3.025071620941162,-4.043732643127441,-2.403872489929199,-0.5003433227539062
fe5537a7c,3.065378427505493,-4.5608625411987305,0.7179489135742188,-3.631906270980835,-4.910782814025879,-2.567784070968628,-5.232646942138672,-5.385807991027832,-4.969396114349365,-0.463040828704834,-4.464211463928223,-1.4366559982299805,-2.956911087036133,-4.631248474121094,-4.931666374206543,-4.2607951164245605,-6.109247207641602,-2.9233269691467285,-3.0945940017700195,-3.2292137145996094,16.004064559936523,-5.581717014312744,-5.484389781951904,-1.5044678449630737
fe906041f,-7.003176689147949,-8.016403198242188,4.199099063873291,-1.5158357620239258,-7.308233261108398,-2.7129507064819336,-3.5948476791381836,-2.9811532497406006,-8.0320405960083,-2.039370536804199,-2.879765033721924,-2.052722454071045,-4.949957847595215,-4.539661407470703,-4.19926643371582,4.563380241394043,-6.511975288391113,-1.9301278591156006,-6.067591667175293,-1.5799870491027832,-2.4233696460723877,-7.162354469299316,-2.9734716415405273,-4.916056156158447
fe9ddf24e,1.130996823310852,-1.0648205280303955,-0.3111814856529236,0.6951878070831299,-1.4065783023834229,-2.2939586639404297,-3.341334342956543,-3.4323649406433105,-1.9636653661727905,-2.503910541534424,-3.9904322624206543,-2.769421100616455,-3.797715187072754,-2.0128602981567383,3.1345553398132324,-3.7102150917053223,-3.704103708267212,-2.0293338298797607,-4.073760032653809,-1.5144970417022705,3.18577241897583,-3.0568416118621826,-3.0081934928894043,1.4766039848327637
fea7d7c01,-6.382778167724609,-6.69368314743042,0.12111538648605347,-3.5664236545562744,-8.414026260375977,-3.358469247817993,-4.0578694343566895,3.318929672241211,-7.966236591339111,-4.203829765319824,0.4620873034000397,7.150627613067627,-2.7864227294921875,-5.319404602050781,-4.602787017822266,-5.4890336990356445,-5.084615230560303,-4.14089298248291,-3.7953271865844727,-3.916808605194092,2.807939052581787,-6.305578708648682,-4.616728782653809,-5.6797356605529785
feaf9f043,-5.76728630065918,-1.4026291370391846,-2.407379388809204,2.775463342666626,-5.271036148071289,-2.0954458713531494,-4.663626670837402,-2.796809196472168,-6.4037675857543945,-3.743440628051758,-3.804933547973633,-1.3861321210861206,-1.4354548454284668,-4.265279293060303,-1.1886131763458252,-3.693661689758301,-4.869542121887207,-3.8500475883483887,-1.2062888145446777,1.2532429695129395,-1.3960278034210205,-4.1884942054748535,-4.59700870513916,-2.334149122238159
febd0eaef,-2.6155648231506348,-1.917299747467041,-1.9965248107910156,2.193997383117676,1.4952445030212402,-3.544837474822998,-2.301440954208374,-1.6290160417556763,-4.585141181945801,-0.992534875869751,-3.7104992866516113,-2.7928285598754883,-1.3714990615844727,-2.5189597606658936,-2.973325252532959,3.2273106575012207,-1.7899398803710938,-0.4923732876777649,-2.943711519241333,-3.1067075729370117,-3.3565680980682373,-2.650257110595703,-2.703237533569336,-0.47440409660339355
fece28dd3,0.7344557046890259,2.615910053253174,-5.1798996925354,2.571652889251709,-1.064833402633667,-3.357929229736328,-6.980690002441406,-2.931396722793579,-1.4410045146942139,-2.7231199741363525,-4.276052951812744,-7.088455677032471,4.983329772949219,-0.8588284254074097,0.40403059124946594,-4.069833278656006,-3.603806257247925,-6.470010280609131,2.3169000148773193,-7.364132404327393,-6.39780330657959,-0.9049389362335205,-3.9966888427734375,-1.8579860925674438
ff067e3b6,-5.145791053771973,-3.7596755027770996,-3.597954750061035,0.709786057472229,-2.646061420440674,-0.4036504924297333,-2.99029541015625,-3.1600148677825928,-4.487555027008057,-2.285071849822998,-3.0825843811035156,0.3904838562011719,-0.4945807158946991,-3.310131549835205,-3.7616167068481445,-3.707338809967041,-4.323498249053955,-3.2020962238311768,-2.0131776332855225,-3.5147290229797363,-2.3543286323547363,-2.271672487258911,0.07410973310470581,2.3859076499938965
ff0b6944e,-1.032829999923706,-4.031074523925781,-4.023914337158203,3.1275224685668945,6.278886795043945,-2.8417844772338867,-3.661787986755371,-3.204355239868164,-1.2696723937988281,-3.092034339904785,-3.322690725326538,-3.935750961303711,6.884768009185791,1.8721593618392944,-3.827516794204712,0.2570510804653168,-3.5510826110839844,-3.385906934738159,3.1478161811828613,-4.7722249031066895,-5.314082622528076,-1.0628834962844849,-2.2223329544067383,0.8623185157775879
ff523f7b4,-6.660111427307129,-9.014650344848633,-0.9586430191993713,-5.109402656555176,-5.286492824554443,-1.6649551391601562,-4.781277656555176,-4.817549705505371,-6.852604389190674,-3.107175827026367,-3.960082769393921,-0.017120540142059326,-4.8827972412109375,-6.588244438171387,-4.714491844177246,-5.699362754821777,-7.8869805335998535,-4.5701518058776855,-5.173916816711426,-1.8604986667633057,-0.04416762292385101,-6.383607387542725,-5.097358703613281,0.4891902208328247
ff6756879,-4.379236698150635,-3.502326250076294,-0.6351007223129272,1.614379644393921,-4.557614326477051,-2.541592836380005,-2.551677703857422,1.3719099760055542,-6.386898994445801,2.7298171520233154,-3.58469295501709,5.093720436096191,-1.6625522375106812,-3.6604690551757812,-2.5451011657714844,-1.8817700147628784,-4.184442043304443,0.9160267114639282,-1.2606127262115479,-4.144479751586914,-2.6327452659606934,-3.7902748584747314,-2.5099387168884277,-3.723121166229248
ff68f3ac3,-0.31751155853271484,-2.5241947174072266,-0.6446914672851562,1.2754604816436768,-0.1108381450176239,-1.2653868198394775,-1.9542542695999146,-2.2673776149749756,-3.4782297611236572,-1.4793705940246582,-3.007577896118164,-0.9851244688034058,-1.3661054372787476,-1.9437003135681152,-3.8951315879821777,1.7102739810943604,-4.126532554626465,-1.260922908782959,-3.3667235374450684,-2.3608880043029785,-0.5805159211158752,-3.15986704826355,-1.2929004430770874,3.119685173034668
ff973e852,-3.6367945671081543,-5.83683967590332,0.6537729501724243,-1.5784236192703247,-5.06870698928833,-0.44957929849624634,-1.0627012252807617,-1.0100593566894531,-5.7549543380737305,1.4565410614013672,-3.717160940170288,0.40796899795532227,-5.890623092651367,-5.835238933563232,-2.5872395038604736,-1.4598547220230103,-5.244933128356934,1.124319314956665,-3.938915729522705,-1.4337477684020996,0.41601788997650146,-5.6314191818237305,-3.7887191772460938,-3.0478596687316895
ffa5cf6d6,-3.958984613418579,-1.6772505044937134,-0.4020802974700928,0.6228076219558716,-4.514288902282715,-2.2743160724639893,-0.2257917821407318,-2.873807907104492,-4.770301818847656,3.874854564666748,-2.500607490539551,-0.990469753742218,-3.2956275939941406,-3.7240748405456543,-3.329249620437622,1.3163766860961914,-4.749555587768555,1.784201979637146,-2.420344352722168,-0.7002294063568115,0.7082962989807129,-4.793044567108154,-2.5757594108581543,-1.549806833267212
ffa88cbb8,-1.9662151336669922,3.7777352333068848,0.4901912808418274,2.933980941772461,-1.549741506576538,-1.9037935733795166,-4.932572841644287,-1.7898060083389282,-4.465022087097168,-2.3151192665100098,-3.8050265312194824,-5.064223766326904,0.7621945142745972,-1.6612337827682495,-1.2099288702011108,-3.856006622314453,2.1380670070648193,-3.9625792503356934,-0.8436914682388306,-3.770106315612793,-3.645326614379883,3.339763879776001,-2.25048828125,-1.8952704668045044
ffda5d7b3,-5.084195137023926,-6.370330810546875,3.1021766662597656,-0.12708021700382233,-5.875024318695068,-1.0357115268707275,-3.056204319000244,-2.061089515686035,-5.685882568359375,-2.2821624279022217,-0.4775184392929077,-1.9919042587280273,4.556589603424072,-4.308919906616211,-5.270087242126465,-3.493358612060547,-4.981760025024414,-1.8751115798950195,-2.515874147415161,-3.4031641483306885,-0.96938157081604,-6.086536884307861,1.6290640830993652,-1.8357493877410889
