recording_id,s0,s1,s2,s3,s4,s5,s6,s7,s8,s9,s10,s11,s12,s13,s14,s15,s16,s17,s18,s19,s20,s21,s22,s23
000316da7,-0.2944803833961487,-1.8499618768692017,-3.203090190887451,4.8414459228515625,-2.110443115234375,-0.8479784727096558,-4.561122417449951,-1.2315887212753296,-0.3459679186344147,-3.270923614501953,-1.1008762121200562,-4.390811443328857,3.8045215606689453,-2.868941307067871,1.2941656112670898,-1.6293084621429443,-5.787617206573486,-6.278363227844238,4.616697311401367,-3.3769798278808594,-4.050538063049316,-2.1235358715057373,-1.1612443923950195,-0.008199602365493774
003bc2cb2,-6.164775848388672,2.6517369747161865,-4.272380828857422,4.626351356506348,-4.026381969451904,-4.8322529792785645,-2.599409341812134,-2.93453311920166,-6.17679500579834,-1.9481528997421265,-3.0953786373138428,-2.886608839035034,-5.319210052490234,-1.1632671356201172,-4.410149574279785,-1.6835830211639404,5.550945281982422,-1.7892115116119385,-5.328447341918945,-4.5025858879089355,-1.9814040660858154,-3.422119379043579,-3.094756603240967,-2.6443917751312256
0061c037e,-1.5376384258270264,-1.1381274461746216,-0.5215908288955688,-0.9404978156089783,-3.5660765171051025,-1.3064956665039062,-0.9070116281509399,0.871479868888855,-3.1725430488586426,-0.09694737941026688,-0.3494456708431244,-0.3410159647464752,-1.8435075283050537,-2.5325193405151367,-2.0671610832214355,0.25041356682777405,-0.4813884198665619,-0.9612442851066589,-1.3498218059539795,-0.18609541654586792,1.1135025024414062,-3.578434467315674,-2.329068183898926,-0.6761698722839355
010eb14d3,6.0625457763671875,-4.571498870849609,-5.906022548675537,4.491333484649658,-1.5480918884277344,-4.169991493225098,-7.777228355407715,-3.4919135570526123,4.334898948669434,-5.133827209472656,-1.6091728210449219,-7.30745792388916,4.551857948303223,-2.6873323917388916,-4.522284507751465,-4.374858379364014,-7.0219526290893555,-9.696321487426758,8.162182807922363,-5.797518253326416,-8.227884292602539,-1.872849702835083,-3.03787899017334,0.4004070460796356
011318064,-3.7631607055664062,0.6911360621452332,-4.724714756011963,5.07539701461792,-0.6169012188911438,-2.2956671714782715,-4.909156799316406,-0.40126603841781616,-4.436286926269531,-2.6899561882019043,-2.36403751373291,-2.181687116622925,-3.5077033042907715,-3.1192073822021484,6.981195449829102,2.2441062927246094,-5.803802013397217,-5.5734333992004395,1.629550814628601,-4.342678546905518,-4.7980265617370605,-0.6215817332267761,-0.43197837471961975,-1.3034018278121948
01307e693,-6.859912395477295,-0.45038849115371704,-6.140162467956543,4.6786346435546875,-4.710677623748779,-2.9211699962615967,-0.44461822509765625,5.14186954498291,-6.46771240234375,-0.788993775844574,-1.5824698209762573,2.715256452560425,-5.890357971191406,-3.8879144191741943,-0.09942356497049332,3.2301101684570312,-0.010234944522380829,-2.091916561126709,-4.341484069824219,-1.8974084854125977,-0.7106683850288391,-3.159302234649658,-1.4984409809112549,-0.3716069459915161
013bd8b85,-3.8325226306915283,-3.20747971534729,-4.135412216186523,5.625329971313477,-1.1782423257827759,0.8619809150695801,-6.472411632537842,-4.187953948974609,0.08654329925775528,-3.5119993686676025,-3.062943935394287,-5.572824001312256,6.095660209655762,2.11456561088562,-3.1663575172424316,-0.9717131853103638,-5.595836639404297,-6.1734514236450195,5.554439544677734,-3.8976147174835205,-5.030670642852783,-2.2920126914978027,-0.07858946919441223,0.17366306483745575
01812f522,-4.967142105102539,0.8961716294288635,-4.349762439727783,3.7252936363220215,-3.9096615314483643,-4.58879280090332,-0.5939062237739563,-1.3460971117019653,-5.199141979217529,3.8783154487609863,-1.5319361686706543,0.4826681911945343,-3.6981072425842285,-2.017319679260254,-3.214365243911743,-0.7875944375991821,4.160697937011719,4.810218811035156,-4.086695194244385,-3.834887981414795,1.1455122232437134,-3.7885608673095703,-4.708700180053711,-2.0544207096099854
019db5220,-4.356115818023682,-2.6235556602478027,-4.309572696685791,5.77023983001709,0.9432764053344727,6.328808784484863,-4.448007583618164,-2.686093807220459,-1.624363660812378,-3.162938356399536,-1.3485827445983887,-4.141536712646484,4.387051582336426,-2.33502197265625,-2.0631582736968994,-1.3813682794570923,-6.156219005584717,-5.019187927246094,4.462668418884277,-3.480300188064575,-3.213750123977661,-2.453108787536621,2.876521587371826,5.566685676574707
01bd97dd6,-5.383962631225586,-4.609785079956055,-4.692322254180908,5.7160964012146,-1.3258700370788574,1.643483281135559,-4.861643314361572,-3.9719247817993164,-2.7348008155822754,-3.5260047912597656,-1.7584474086761475,-5.82491397857666,3.626070499420166,-3.5114846229553223,-4.036590576171875,-2.7376420497894287,-5.705168724060059,-4.907183647155762,3.453993082046509,-4.441282272338867,-3.5012645721435547,-3.2637345790863037,-1.1094136238098145,3.9616289138793945
01d36def5,-1.6124815940856934,-0.371535986661911,1.2564326524734497,0.3272657096385956,-0.9420443177223206,4.336418151855469,-3.3448734283447266,2.8904857635498047,-1.4753587245941162,-0.71028071641922,-1.658238172531128,-2.0488195419311523,1.3736026287078857,-0.9120229482650757,-1.4987685680389404,0.5064283609390259,-2.505640983581543,-2.4252052307128906,2.5971245765686035,0.8925928473472595,-0.05688321590423584,-2.607537269592285,-2.311755895614624,-3.737598419189453
01fefebcb,-1.8267455101013184,-1.0438191890716553,-1.8872926235198975,4.373683929443359,-1.0724073648452759,0.6335651278495789,-4.213903903961182,-1.5168557167053223,-1.4004664421081543,-1.9157459735870361,-1.2949838638305664,-3.6815929412841797,2.5341873168945312,-1.8492931127548218,1.3213993310928345,-0.7291970252990723,-4.342396259307861,-4.380378723144531,3.8592820167541504,-2.379061698913574,-1.777846336364746,-1.032615303993225,-0.7156641483306885,-0.44203752279281616
0208fec47,-4.322531223297119,-0.5478692054748535,-3.34816575050354,1.0874141454696655,-4.160129547119141,-3.804309606552124,1.6523081064224243,2.061087131500244,-4.482232570648193,-0.839671790599823,-1.0221080780029297,4.081545352935791,-3.2128868103027344,-5.30652379989624,-0.472713828086853,2.293712854385376,-1.1779088973999023,-0.4692772328853607,-3.035285234451294,-1.775861382484436,-1.156874656677246,-4.623260021209717,-0.8009819984436035,-1.4443217515945435
0232841d4,-4.745866775512695,0.4582793116569519,-6.33109712600708,3.9858951568603516,0.38749462366104126,-2.475958824157715,-6.725118160247803,-1.095255732536316,-4.478277683258057,-3.0828561782836914,-3.324709415435791,-3.1410646438598633,-3.6427199840545654,-1.2721633911132812,7.026095390319824,-0.38388791680336,-5.444785118103027,-6.8220906257629395,3.002474784851074,-4.523253440856934,-5.303888320922852,1.679915428161621,-1.2925667762756348,-0.7563727498054504
02c30604d,-4.794822692871094,0.23846659064292908,-2.039976119995117,3.493845224380493,-4.07694673538208,-1.488375186920166,-0.2920692265033722,3.6924147605895996,-4.413688659667969,-0.8238518238067627,-0.3000209927558899,1.687732458114624,-3.4635393619537354,-2.8820977210998535,-0.9917405247688293,0.941723108291626,1.1693814992904663,-1.5109660625457764,-2.7744224071502686,-0.050373151898384094,0.6859437823295593,-2.9193501472473145,2.756556987762451,-0.4934500455856323
02dbcc383,-3.0588948726654053,-5.504532337188721,-5.159704208374023,5.502834320068359,-3.4352290630340576,-2.046079158782959,-8.169836044311523,-4.600461483001709,-0.6441084146499634,-6.644410133361816,-3.323115348815918,-7.959463596343994,5.5267157554626465,-2.7884316444396973,-4.7447686195373535,-2.423125982284546,-7.972522258758545,-9.586346626281738,5.780605792999268,-6.448274612426758,-7.116856098175049,-4.260270118713379,-1.7352843284606934,0.5275009274482727
0303dee3c,-3.7294952869415283,3.9048380851745605,-3.99204421043396,5.108265399932861,-1.2119923830032349,-2.387397289276123,-4.364513397216797,0.8450380563735962,-4.322913646697998,-1.737801432609558,-3.272645950317383,-2.4769041538238525,-4.854653835296631,-1.7301124334335327,4.482043743133545,0.3351854085922241,-0.6686502695083618,-3.859985828399658,-1.9566867351531982,-3.4981541633605957,-4.198868751525879,0.5744905471801758,-0.3430432379245758,-2.2255477905273438
034f46152,-6.647591590881348,-3.739534854888916,-0.6547200083732605,5.899623870849609,-1.5694656372070312,1.667746901512146,-1.9098923206329346,-3.0849833488464355,-4.236329078674316,-2.397710084915161,0.17346273362636566,-3.6521353721618652,1.942402958869934,-3.7329726219177246,-4.086874961853027,-2.4450039863586426,-4.603488922119141,-2.5907466411590576,0.8280963897705078,-1.4267044067382812,-0.7878659963607788,-4.2955145835876465,-1.349134922027588,4.806114673614502
037460d90,-4.846879005432129,3.1900668144226074,-4.654951572418213,5.285442352294922,-3.8425896167755127,-4.442719459533691,-2.8641581535339355,-1.8635720014572144,-4.910857200622559,-1.0457786321640015,-2.249887466430664,-2.284173011779785,-4.919295787811279,-0.665030837059021,-3.9181528091430664,-0.8619081974029541,5.914368629455566,-0.7300372123718262,-5.36204719543457,-4.1539387702941895,-2.0505881309509277,-2.65289568901062,-2.28991961479187,-2.660048484802246
039395460,1.4956296682357788,3.3500266075134277,0.8616839051246643,3.137885808944702,-0.9184333682060242,-0.15050281584262848,-0.2200201451778412,0.8601946830749512,-3.0619006156921387,1.9878484010696411,-0.27895528078079224,0.28334444761276245,-0.39197611808776855,-1.6291413307189941,0.6044100522994995,0.37924203276634216,-0.44272956252098083,-0.3334570527076721,1.7187652587890625,0.02485215663909912,0.6513090133666992,-1.4985461235046387,-1.6032999753952026,-0.2742246985435486
039892ae3,-6.234804153442383,1.098407506942749,-3.7357177734375,3.477444648742676,-5.923709869384766,-4.345354080200195,-1.2873179912567139,4.658812046051025,-6.138058185577393,-1.3764586448669434,-3.077066421508789,0.443067342042923,-5.201778411865234,-2.475438117980957,-4.472288131713867,2.1108691692352295,4.426362991333008,-1.2983407974243164,-6.299591541290283,-0.33573687076568604,0.2513970136642456,-5.118292808532715,-2.726555109024048,-3.7946274280548096
03a06a709,-7.81840705871582,-4.255690097808838,-2.4892454147338867,3.7106659412384033,-3.265437126159668,-0.355430006980896,0.15442180633544922,-2.763455629348755,-6.252935886383057,-1.3906199932098389,1.2840255498886108,-2.537558078765869,-1.419152021408081,-6.169048309326172,-4.869875431060791,-3.0647823810577393,-2.624272346496582,-2.1118454933166504,-1.8402701616287231,-0.19702167809009552,0.849284827709198,-6.609854221343994,-2.8816277980804443,5.306260108947754
03a9a5b2a,0.6434417963027954,-5.140729904174805,-5.927544116973877,5.17792272567749,-2.888361930847168,-2.778792381286621,-7.867072105407715,-4.207210540771484,-0.15121924877166748,-6.2093729972839355,-2.464293956756592,-8.073543548583984,5.132472991943359,-3.320873737335205,-5.1899800300598145,-3.2275562286376953,-8.13858699798584,-9.558485984802246,6.825613021850586,-6.839920997619629,-7.814964771270752,-3.947105646133423,-1.9581503868103027,1.4010192155838013
03d0c7428,-1.540680170059204,-3.2982075214385986,-4.3769378662109375,5.0917158126831055,-2.2595272064208984,-1.414125919342041,-6.1665568351745605,-2.1599652767181396,-1.18010413646698,-4.265697479248047,-2.1044509410858154,-5.636618614196777,3.9325032234191895,-3.6603968143463135,-0.41871076822280884,-2.341111183166504,-6.474256992340088,-6.870125770568848,5.357863903045654,-4.985326290130615,-5.471147537231445,-2.319049835205078,-1.5674798488616943,0.7024931907653809
03f5a4505,-5.898856163024902,-4.955454349517822,-3.180656909942627,5.519289970397949,-1.88615083694458,1.0074446201324463,-4.493653297424316,-5.011770725250244,-2.2948427200317383,-4.44251823425293,-1.1934821605682373,-6.045746326446533,3.9762959480285645,-2.5890426635742188,-5.903553009033203,-2.925337314605713,-5.854904651641846,-5.648446083068848,2.6865627765655518,-3.5211191177368164,-3.48201060295105,-4.547943115234375,-0.38519707322120667,4.550621032714844
03f8931a1,-7.063527584075928,-1.9600276947021484,-6.220510005950928,2.6593129634857178,-7.022455215454102,-5.442364692687988,-0.19380658864974976,5.3466925621032715,-6.086966514587402,-3.1346421241760254,-0.7521013021469116,4.829457759857178,-5.90868616104126,-5.006651401519775,-4.636894702911377,1.4052655696868896,3.1321985721588135,-2.1112794876098633,-6.85043478012085,-0.6111320853233337,-0.3430274426937103,-7.380611419677734,-1.528146505355835,0.45625433325767517
04053cd3e,6.087762832641602,5.2329840660095215,-4.147596836090088,4.676597595214844,1.0365159511566162,-3.6474814414978027,-5.233588695526123,-1.3805254697799683,-0.6809288859367371,1.7824265956878662,-2.8150908946990967,-4.504523277282715,4.947686195373535,-1.4610745906829834,-0.03220602497458458,-0.9199810028076172,-4.420022010803223,-6.578700065612793,5.821461200714111,-5.258730888366699,-6.697516918182373,0.4466727674007416,-2.274378538131714,1.0767086744308472
040d4f0d5,-2.6570076942443848,0.9831138253211975,-4.3425517082214355,3.8015685081481934,0.7567034959793091,-1.9102392196655273,-4.024735450744629,-0.21575823426246643,-3.5585789680480957,0.35614097118377686,-2.714082717895508,-1.3699607849121094,-2.0439839363098145,-1.92522132396698,5.323370456695557,0.7594456672668457,-3.594175338745117,-2.7162742614746094,2.3257343769073486,-3.891559362411499,-3.476966381072998,1.5221879482269287,-1.3344923257827759,-0.2293820083141327
042a6c838,-5.100275993347168,2.4641034603118896,-3.0602447986602783,5.179031848907471,-0.7079771757125854,-1.9331010580062866,-4.643468856811523,-0.1843549758195877,-4.368159294128418,-2.0767886638641357,-2.6387360095977783,-2.9883408546447754,-1.9119232892990112,0.17524448037147522,-0.47288358211517334,0.8273321390151978,-0.4404255747795105,-5.2681989669799805,-1.6329196691513062,-4.463800430297852,-3.327775478363037,1.4609571695327759,-1.9486843347549438,-2.3685669898986816
044173e0d,-0.3002232611179352,-0.8274916410446167,-0.10477180033922195,0.10709211230278015,-2.15425181388855,0.41868889331817627,-1.7528632879257202,-0.615606427192688,-2.2417008876800537,-0.9331725239753723,-0.01765558123588562,-1.9285881519317627,0.27184343338012695,-2.8393266201019287,0.554925262928009,-0.17225462198257446,-2.5505053997039795,-2.317457675933838,1.8265163898468018,-0.7974584698677063,-0.312325119972229,-3.1041336059570312,-1.2101120948791504,0.19241920113563538
04496d53a,-5.05230712890625,-1.5847985744476318,-1.6388092041015625,-1.0235373973846436,-5.011999607086182,-1.803905963897705,-0.5348013639450073,2.8203697204589844,-4.934565544128418,-0.7579237222671509,-1.664021372795105,0.8189525604248047,-4.200016498565674,-3.9098825454711914,-4.130537509918213,0.17343708872795105,2.7660508155822754,-0.9237684011459351,-4.257248878479004,1.1525753736495972,1.423828125,-5.322278022766113,-2.466370105743408,-2.092341899871826
0465bce22,-6.743838787078857,-1.125163197517395,-7.775914192199707,5.082117080688477,-1.6383349895477295,-2.9665727615356445,-8.069319725036621,-1.3889641761779785,-6.287107467651367,-5.308290481567383,-3.2818217277526855,-3.7767701148986816,-5.372191905975342,-5.707942962646484,8.142912864685059,-0.26584920287132263,-8.40646743774414,-9.43095874786377,2.705747127532959,-6.304343223571777,-6.577422142028809,-0.33412811160087585,-0.9145510196685791,-1.1824369430541992
047a7c4bf,-5.569707870483398,-2.3376712799072266,-3.1601617336273193,4.504447937011719,-1.1295710802078247,2.0508856773376465,0.546759307384491,-0.6569774746894836,-4.2966837882995605,-0.39928460121154785,0.8621953129768372,1.5933445692062378,0.7669947147369385,-4.634148597717285,-2.530452251434326,-1.1859296560287476,-3.0467989444732666,-0.8962336182594299,0.05736242234706879,-1.9885257482528687,-0.1125853881239891,-4.023995399475098,-1.5785043239593506,4.982106685638428
048b0a17d,-3.348883628845215,-1.758954644203186,-1.622658133506775,4.530828952789307,0.6660870909690857,2.113971471786499,-1.7935725450515747,-1.12047278881073,-2.9403247833251953,-0.8231217861175537,-0.09749250113964081,-2.7629146575927734,1.740677833557129,-3.4202303886413574,-1.056173324584961,-2.610780715942383,-3.8455991744995117,-2.040806293487549,1.8393375873565674,-2.2747585773468018,-0.4646172523498535,-0.9594032764434814,-1.6450660228729248,5.1195902824401855
048b8700d,-3.333009719848633,-0.8155980706214905,-0.42658236622810364,0.6569380760192871,-3.397817850112915,-1.6888649463653564,1.4474680423736572,1.7817591428756714,-4.548924446105957,1.7985410690307617,0.7823610305786133,4.045947551727295,-2.615231990814209,-3.9705657958984375,-1.3870997428894043,0.9753130078315735,0.09777482599020004,1.11734938621521,-2.636178731918335,-0.4653221666812897,1.9164963960647583,-4.553627014160156,-1.177140235900879,0.2793107032775879
04997b478,-5.762699604034424,3.5290966033935547,-4.764466285705566,5.844198226928711,-3.1308436393737793,-4.982818126678467,-3.2084994316101074,-2.7667925357818604,-5.014216899871826,-1.9200834035873413,-2.5943946838378906,-2.507378101348877,-4.868175983428955,-0.4261370897293091,-4.171799659729004,-1.4213625192642212,6.284787178039551,-1.9751455783843994,-5.277338027954102,-4.421808242797852,-2.537163019180298,-2.393418550491333,-2.47843861579895,-2.685826301574707
04aa83271,-6.467778205871582,3.941488742828369,-4.576781272888184,5.751338958740234,-4.538495063781738,-5.1801676750183105,-4.884629249572754,-2.296111583709717,-7.173072338104248,-3.545360565185547,-3.443190336227417,-4.782624244689941,-6.495453834533691,-1.025733470916748,-4.622330188751221,-1.2415008544921875,5.9333014488220215,-4.541143417358398,-6.817451477050781,-5.772008895874023,-3.8477115631103516,-2.923480749130249,-2.8031370639801025,-3.974674940109253
04aef0297,-5.8766937255859375,0.5554193258285522,-6.460072994232178,4.725919246673584,0.5196160078048706,-3.40399169921875,-8.553506851196289,-2.206845283508301,-4.180939674377441,-4.523608207702637,-3.9887146949768066,-4.983538627624512,-2.5574514865875244,-4.292886734008789,7.187348365783691,-2.9405181407928467,-6.397726535797119,-8.730137825012207,3.6526472568511963,-6.009535789489746,-6.479822158813477,2.9615495204925537,-1.4997695684432983,-1.4747084379196167
04e21ba1b,-1.6609828472137451,0.1920379400253296,0.44077205657958984,0.9086713194847107,-1.6467584371566772,-0.8126048445701599,0.40362435579299927,0.3019445836544037,-2.8760340213775635,1.7157360315322876,-0.4005137085914612,0.7920075058937073,-1.1802810430526733,-2.723198890686035,-0.16213779151439667,-0.9248499870300293,0.6053440570831299,1.4171568155288696,0.20295682549476624,0.4296669065952301,1.198410153388977,-2.1269569396972656,-2.582331418991089,-0.5049181580543518
04f07f088,-2.9391818046569824,2.828298807144165,-2.0812342166900635,4.504617691040039,0.9431211352348328,-2.18105149269104,-4.588402271270752,-0.9665877819061279,-2.2607874870300293,-0.9452613592147827,-3.3018999099731445,-3.175813674926758,-0.7832428216934204,0.17614002525806427,2.0864734649658203,-0.03226540982723236,0.08975279331207275,-3.5497212409973145,0.3779696524143219,-3.2058396339416504,-3.4169116020202637,3.159113645553589,-1.5713828802108765,-2.3543248176574707
052b35029,-3.1487832069396973,-0.37421807646751404,2.7386133670806885,2.8468034267425537,-2.4111599922180176,0.5389183759689331,-1.4301908016204834,0.8191905617713928,-3.9922380447387695,-0.7768800258636475,-0.41722172498703003,-0.9831105470657349,-0.7135016322135925,-2.373828172683716,-1.8795969486236572,-0.0961972326040268,-0.2808707058429718,-1.576328158378601,-0.814988374710083,0.12549325823783875,0.5972267985343933,-2.482628345489502,-1.585381031036377,-0.9863773584365845
053f5fe34,-4.062475681304932,3.5974605083465576,-5.311478137969971,5.062911033630371,-1.125536322593689,-3.4900898933410645,-6.368836879730225,-0.5978001356124878,-5.168268203735352,-1.8901299238204956,-3.654106378555298,-3.793471097946167,-4.581030368804932,-2.8572685718536377,5.529287338256836,-0.47290289402008057,-2.749326705932617,-5.9700026512146,-0.928984522819519,-5.032680511474609,-5.783099174499512,0.699694812297821,0.12358488142490387,-1.92314612865448
059859ca1,-2.462064266204834,0.012729914858937263,-3.101177453994751,3.874298572540283,-0.23460160195827484,-0.6403316855430603,-4.05274772644043,0.023633046075701714,-3.051950454711914,-2.009690761566162,-1.323425054550171,-1.5112384557724,-1.5821434259414673,-3.139664888381958,6.020768165588379,-1.2276890277862549,-5.072807312011719,-4.797345161437988,2.900327444076538,-2.382880449295044,-2.5480432510375977,0.6117679476737976,3.9859817028045654,0.2912585139274597
05d2c9fbc,-4.427977561950684,3.3406710624694824,3.307849407196045,4.909852981567383,-3.502816677093506,0.6930287480354309,-3.638152837753296,3.3364033699035645,-5.55674409866333,0.05810483545064926,-2.434981346130371,-1.9042091369628906,-3.6135425567626953,-2.6448163986206055,-0.9208146333694458,0.3485451936721802,-2.216925621032715,-2.6798272132873535,-3.311068058013916,-0.9719493985176086,-0.6531088352203369,-1.0129368305206299,-2.1774327754974365,-4.904463291168213
06011bbad,-2.807626962661743,-0.6261969804763794,-0.4034006893634796,-1.502259612083435,-2.7807302474975586,-2.0490057468414307,0.8075689673423767,1.5732531547546387,-3.2725210189819336,0.9967913031578064,-0.4117473363876343,3.7302987575531006,-2.1509766578674316,-3.0054242610931396,-1.4924240112304688,0.4621692895889282,-0.8245469927787781,0.9402787685394287,-1.8484768867492676,-0.222822368144989,1.297217845916748,-3.4813642501831055,-0.8340690732002258,-0.868522584438324
06355ced6,-4.002683639526367,-1.0514477491378784,-0.33566778898239136,-2.0082273483276367,-4.219058513641357,-1.7147974967956543,0.9259374141693115,0.1352522224187851,-5.059095859527588,0.6736750602722168,-0.6113573908805847,0.9357270002365112,-3.18678617477417,-3.923689126968384,-2.966974973678589,-0.8776536583900452,0.8505388498306274,0.03336111083626747,-3.1071078777313232,-0.6266809701919556,1.4672900438308716,-5.36532735824585,-3.568303108215332,-0.9750545620918274
0637cd357,-1.6619677543640137,-0.3256617784500122,0.9516009092330933,-0.01935604214668274,-1.0618770122528076,3.6265206336975098,-1.2911059856414795,0.34875887632369995,-2.4174187183380127,0.12415816634893417,-0.00855495035648346,-0.39122655987739563,-0.024705233052372932,-1.825748324394226,-0.5589017271995544,0.006599746644496918,-1.165097951889038,-0.9839712381362915,0.3597660958766937,0.15656930208206177,0.43934765458106995,-2.078159809112549,-1.799667239189148,-0.991218090057373
06677c2a1,-1.0374040603637695,-3.0785927772521973,-5.406024932861328,6.291543960571289,2.1616897583007812,-0.4756459593772888,-7.521780490875244,-4.485661029815674,4.658282279968262,-4.010346412658691,-3.641148090362549,-6.380646705627441,6.962243556976318,1.5716807842254639,-1.3261327743530273,-2.879392147064209,-6.090690612792969,-7.89848518371582,6.4523420333862305,-5.59385871887207,-6.467388153076172,2.5903944969177246,0.21149152517318726,0.1659746766090393
06d3bbdd6,-0.20762068033218384,0.27096131443977356,-3.2999119758605957,4.9687581062316895,1.584719181060791,-1.4974606037139893,-6.023353576660156,-3.017115592956543,0.16977256536483765,-2.269197463989258,-3.9405624866485596,-5.047266006469727,5.877084255218506,1.5230076313018799,-1.2942296266555786,-0.10688236355781555,-4.248046398162842,-6.6413774490356445,5.676048278808594,-4.545705318450928,-5.657522201538086,1.2347631454467773,-1.0958811044692993,-0.7438429594039917
06ee4df67,-3.466414451599121,1.288703441619873,-2.607727527618408,4.140342712402344,-1.1425094604492188,-1.6519384384155273,-2.1367383003234863,2.9882519245147705,-4.2954864501953125,0.36960336565971375,-2.5124130249023438,0.22327089309692383,-1.8319541215896606,-2.648867607116699,6.356110095977783,3.2834484577178955,-3.585397958755493,-1.7974636554718018,0.14213880896568298,-2.260694980621338,-2.036081314086914,-0.05634099245071411,-1.210741400718689,-1.9970645904541016
0724b938e,-2.1120734214782715,-0.9943962693214417,-0.6013318300247192,0.48974475264549255,-0.7665635347366333,-0.07378801703453064,-0.6131458282470703,-0.4506479501724243,-3.1032931804656982,0.28218233585357666,-0.6144534945487976,-0.33529436588287354,0.9059512615203857,-3.189573049545288,-0.7034480571746826,-0.7729604244232178,-1.46989107131958,-0.8828376531600952,1.4842461347579956,-0.6516727209091187,0.24032799899578094,-2.9604063034057617,-1.7948596477508545,4.0162224769592285
0728b2d37,-5.16020393371582,-2.153547525405884,-2.8625502586364746,4.207968711853027,-1.2353914976119995,0.6539947390556335,-0.5257465243339539,-2.127237319946289,-4.400269985198975,-0.4801708161830902,0.7894139289855957,-1.7959437370300293,0.36965182423591614,-4.540986061096191,-1.9157005548477173,-1.0632318258285522,-3.3024353981018066,-1.551042079925537,0.00904063880443573,-1.9893338680267334,-0.2619585394859314,-3.9605274200439453,-1.932029128074646,5.38947057723999
0769cc41f,-5.3613996505737305,3.0206243991851807,-4.202228546142578,4.961920261383057,-3.484442710876465,-4.032729148864746,-2.2957570552825928,-2.2495369911193848,-5.44045877456665,-1.4669978618621826,-1.7611761093139648,-2.004920482635498,-5.067790508270264,2.7759242057800293,-4.433599472045898,-1.1501235961914062,7.047585964202881,-0.6721522808074951,-5.145705223083496,-2.9183053970336914,-1.761782169342041,-3.7565274238586426,-2.200057029724121,-2.248859167098999
076d267e9,-4.093528747558594,-5.605467796325684,-6.310735702514648,5.7353692054748535,-2.0089519023895264,0.1362006962299347,-6.5794291496276855,-5.077960968017578,-0.8422814607620239,-5.912496566772461,-2.5329558849334717,-7.546161651611328,4.906955718994141,-3.1897988319396973,-5.458590030670166,-3.898040771484375,-7.983785152435303,-8.076249122619629,4.728872776031494,-4.946591377258301,-5.9378132820129395,-3.9430809020996094,-0.6647051572799683,4.135488510131836
07758f213,-3.728019952774048,-0.9637775421142578,-2.5932328701019287,0.24970316886901855,-3.752795934677124,-3.216749668121338,0.8808438777923584,2.5376617908477783,-3.8955113887786865,-0.1560530960559845,0.0467873141169548,4.212899208068848,-3.2455878257751465,-3.7530903816223145,-1.7870272397994995,-0.25715088844299316,-0.4757100045681,0.222708061337471,-3.088592290878296,-1.3498085737228394,0.09156396985054016,-4.038457870483398,-1.2148723602294922,-0.5464615821838379
07d477123,-1.5745782852172852,-3.431450843811035,-3.660740375518799,6.084881782531738,1.2038486003875732,0.4914183020591736,-6.456932067871094,-3.219998359680176,4.8785810470581055,-3.8005824089050293,-2.5194718837738037,-5.1178178787231445,6.175951957702637,0.6714779734611511,-1.3966368436813354,-2.88107967376709,-6.207162857055664,-6.420685768127441,6.239286422729492,-3.938992977142334,-4.927423000335693,1.631678819656372,0.4434375762939453,0.8161129951477051
07e8a69a4,-0.8172755241394043,-0.021133478730916977,0.2974829077720642,1.473420262336731,-0.4080159366130829,5.713213920593262,-1.2681732177734375,-0.12129445374011993,-2.650726318359375,0.9005641937255859,0.23188579082489014,-0.9469325542449951,0.7298247218132019,-2.0314817428588867,0.4205770790576935,0.9392510652542114,-2.488136053085327,-0.26832225918769836,1.3704560995101929,-0.4582765996456146,1.4441546201705933,-2.3530161380767822,-1.2765028476715088,-0.013117402791976929
0882a07d2,-0.667370617389679,0.031562596559524536,-1.089158296585083,5.182136058807373,3.844947338104248,-0.2048090100288391,-4.697860240936279,-2.899681806564331,1.0157952308654785,-1.5621349811553955,-3.8329837322235107,-3.281860113143921,6.3752007484436035,5.525362491607666,-0.38982436060905457,-1.6316205263137817,-2.519709587097168,-4.241435527801514,5.721846580505371,-1.667311191558838,-3.309504985809326,2.8449759483337402,-0.768638014793396,-1.1670434474945068
08aaf51a8,3.860212802886963,4.55453634262085,-0.12113547325134277,2.799443006515503,-0.6523585915565491,-1.4245290756225586,-0.3112378716468811,0.5076776742935181,-2.9413235187530518,2.1516599655151367,0.4972659647464752,0.1652323305606842,1.5982749462127686,0.3305155038833618,0.3177935481071472,2.762751340866089,-1.6023576259613037,-1.306728720664978,3.267225980758667,0.8583147525787354,-1.3822119235992432,-1.8279285430908203,-0.6406571269035339,2.6713831424713135
08b58f0b0,-3.49452543258667,-1.5777798891067505,-1.189936876296997,3.8880646228790283,-2.0509731769561768,0.43601399660110474,-1.5023201704025269,1.3731467723846436,-3.1517751216888428,-1.4295802116394043,0.12594659626483917,-0.8748284578323364,0.32106542587280273,-2.345778226852417,-0.6946280002593994,0.5424680709838867,-2.3751027584075928,-2.471979856491089,0.9424099922180176,-1.7033482789993286,0.2569074332714081,-3.026524543762207,-0.5470611453056335,0.504941463470459
08c11ec6e,-2.198936700820923,-2.927217483520508,-2.757800579071045,5.1249542236328125,-2.093716859817505,0.4737415909767151,-5.863793849945068,-3.2137694358825684,0.2629367709159851,-4.286553382873535,-1.968522548675537,-6.06901741027832,4.964701175689697,-1.9930579662322998,-1.6703879833221436,-0.7396171689033508,-6.633541107177734,-6.4734697341918945,5.470301151275635,-3.8373355865478516,-4.359116077423096,-2.5350451469421387,0.17030227184295654,-0.38937896490097046
090d27329,-3.2606849670410156,-0.3356485962867737,-3.8170323371887207,4.031241416931152,-3.4881017208099365,-2.5594725608825684,-0.08811162412166595,4.3350114822387695,-5.546351432800293,-0.6806443929672241,0.2708374559879303,3.613023042678833,-2.0425257682800293,-5.837447166442871,-0.029023095965385437,2.740182638168335,-2.347252130508423,-1.7742195129394531,-2.296783208847046,-1.885873794555664,-0.5652573704719543,-5.28170108795166,-0.7375239133834839,4.263291358947754
0966a30a3,-3.5111095905303955,-0.6282405257225037,-0.4498025178909302,3.7358238697052,-1.5499267578125,3.809368371963501,-1.7553812265396118,3.8042068481445312,-2.883669376373291,0.20882150530815125,-1.690384030342102,0.07708572596311569,0.7444626092910767,-1.3156967163085938,-0.3352956175804138,2.009640693664551,-2.1572036743164062,-0.41677916049957275,1.3377838134765625,0.702858030796051,1.443790316581726,-2.470982551574707,0.5132030248641968,-1.8149855136871338
097c4f536,-4.09138298034668,-1.6750385761260986,-1.5847779512405396,-1.9114654064178467,-4.258404731750488,-2.3198654651641846,0.41237616539001465,1.9514241218566895,-4.35549259185791,-0.7840865254402161,-0.19286604225635529,4.158891677856445,-3.1484932899475098,-3.6986114978790283,-3.117807149887085,-0.10561127215623856,-1.7035760879516602,-0.6701730489730835,-3.1176376342773438,-0.5009024143218994,0.6639490127563477,-5.043074607849121,-0.5840891003608704,-0.6144818067550659
099b55467,-3.12361741065979,-0.17873069643974304,-2.4169232845306396,1.9554243087768555,-3.8387694358825684,-2.316248893737793,0.9481918811798096,4.192454814910889,-4.557381629943848,1.674035668373108,1.1058595180511475,3.664243698120117,-2.7527995109558105,-4.950364112854004,-0.7680646181106567,1.067860722541809,-1.712381362915039,2.1664187908172607,-2.666623830795288,-0.32190531492233276,-0.07439076900482178,-4.390995502471924,-1.4106696844100952,3.837465524673462
09cf1cd6b,-0.6355327367782593,-1.617506980895996,-1.1962811946868896,2.4070048332214355,-1.4527335166931152,-1.8262239694595337,-4.12986421585083,-1.6886353492736816,-1.6781054735183716,-1.812117576599121,-1.4660089015960693,-3.2861194610595703,0.8358467817306519,-2.8415961265563965,0.8751720786094666,-3.0716872215270996,-2.7346394062042236,-4.129428386688232,4.433697700500488,-0.42019957304000854,-2.0105433464050293,-0.7796570062637329,-2.586454153060913,-1.0020363330841064
09ffed9c0,-4.6900177001953125,-1.3739962577819824,-3.8928580284118652,2.5351552963256836,-5.512960433959961,-3.006441831588745,0.4833680987358093,4.757204532623291,-5.283857822418213,1.6837440729141235,1.0965144634246826,3.023465156555176,-3.9568581581115723,-3.404277801513672,-1.7769571542739868,1.8250492811203003,0.37211042642593384,3.1293492317199707,-3.9957571029663086,0.7169760465621948,0.9221408367156982,-5.087820053100586,-2.274742603302002,-3.0525662899017334
0a45adab2,-5.5566253662109375,-2.4610393047332764,-2.3677279949188232,-1.042165994644165,-5.683030128479004,-3.554469585418701,0.7419683933258057,5.150700569152832,-4.939988136291504,-1.4980967044830322,-0.7431885004043579,4.932386875152588,-3.9751155376434326,-5.243473052978516,-2.8435285091400146,2.3835997581481934,-0.9261783361434937,-0.9191339015960693,-4.116485118865967,0.544409990310669,0.5832207202911377,-5.736705303192139,-0.7169497609138489,-2.2725279331207275
0a64c67f8,5.033298492431641,5.404077529907227,-3.825855016708374,4.845113277435303,-0.18440282344818115,-3.5597360134124756,-1.9746626615524292,-1.5240777730941772,-3.52681827545166,3.6406521797180176,-1.2884533405303955,-1.804975986480713,4.55745792388916,-2.027343988418579,-1.7175917625427246,3.8448643684387207,-4.473057746887207,-4.42349910736084,5.142193794250488,-4.114892482757568,-4.896718978881836,-2.7355737686157227,-2.569129467010498,5.504310131072998
0a6a36fb6,-7.416500568389893,-2.5409247875213623,-6.295974254608154,2.469665765762329,-7.463478088378906,-5.904910087585449,-0.35792359709739685,5.9693603515625,-6.453454971313477,-2.8002238273620605,-1.471631407737732,5.445492267608643,-6.506032466888428,-5.859827995300293,-5.1652960777282715,1.551275372505188,2.064120292663574,-1.9843828678131104,-7.028197765350342,-0.7292799353599548,-0.7329602241516113,-7.290317535400391,-1.844304084777832,-3.1361794471740723
0a930ca0f,-2.2861506938934326,-0.6948773860931396,0.2652158737182617,1.9329725503921509,-1.7864136695861816,1.5372587442398071,-0.725959062576294,-0.4713072180747986,-2.5037386417388916,-0.9686951637268066,1.1323471069335938,-0.2491055428981781,0.32951298356056213,-1.806472659111023,-0.9960047006607056,0.2967510223388672,-1.4783573150634766,-2.112678050994873,0.29525119066238403,-0.572664737701416,0.5734221935272217,-2.961575984954834,-0.5240870714187622,-0.07462039589881897
0ae65727d,-2.815715789794922,-2.800060272216797,-0.5975726246833801,-1.6499838829040527,-3.396054267883301,-1.4977033138275146,-2.326727867126465,-1.5657873153686523,-3.736116886138916,-2.1100378036499023,-0.28540506958961487,-1.9885210990905762,-1.09086012840271,-4.699556827545166,-2.6610307693481445,-2.3027379512786865,-1.379201889038086,-4.003908157348633,0.4919354021549225,-1.254316806793213,-0.18659314513206482,-4.615926265716553,-3.1384732723236084,0.40042388439178467
0b13e273c,-7.2937541007995605,2.821835994720459,-6.921079158782959,6.072294235229492,-5.814236640930176,-3.915708303451538,-3.7292165756225586,4.455228805541992,-8.264371871948242,-4.724701881408691,-3.655693769454956,-0.6427123546600342,-7.358912467956543,-6.2606964111328125,6.4736151695251465,4.625856876373291,-3.9640278816223145,-6.795620918273926,-4.195103168487549,-4.194279670715332,-5.143665790557861,-4.596805572509766,-0.4874870479106903,-4.612794876098633
0b2d25d62,-3.9723143577575684,2.8967084884643555,-2.966341733932495,5.092772483825684,-3.045896053314209,-3.607452869415283,0.14752082526683807,-1.6401875019073486,-4.612226963043213,-0.9167709946632385,-1.570254921913147,-0.44649696350097656,-3.010303497314453,0.0363176167011261,-2.7343997955322266,2.7876834869384766,6.068747520446777,-0.8522818684577942,-3.0058794021606445,-1.1529968976974487,-1.0603795051574707,-3.222781181335449,-1.7187435626983643,-1.7031404972076416
0b3cbd762,1.5366464853286743,-3.5614686012268066,-5.558162212371826,4.977230072021484,-0.9601993560791016,-2.774829387664795,-7.24268102645874,-4.128468990325928,0.00778624415397644,-4.15018367767334,-3.0288496017456055,-7.616296768188477,5.7310791015625,-2.8981335163116455,-3.43254017829895,-3.6257448196411133,-7.6915283203125,-9.057649612426758,6.5250091552734375,-6.618749618530273,-7.587186813354492,-1.7600942850112915,-2.3795034885406494,1.3637820482254028
0b42e54ab,-1.8562343120574951,-2.5836455821990967,-1.0080993175506592,1.5327415466308594,-1.9304866790771484,-0.378792405128479,-2.5110816955566406,-1.3450148105621338,-2.9453320503234863,-1.359154462814331,-0.9636268019676208,-2.331378221511841,1.2497761249542236,-3.5520431995391846,-1.2004128694534302,-1.9245905876159668,-2.5918517112731934,-3.2922441959381104,2.9796695709228516,-1.00832998752594,-0.30298280715942383,-3.166213274002075,-1.9555115699768066,1.0728334188461304
0b7f599cf,3.258565902709961,4.643681526184082,-0.5829355716705322,3.1877853870391846,-0.6968170404434204,-1.7821269035339355,-1.5017067193984985,0.5327925086021423,-3.8091890811920166,2.6433370113372803,-0.47854477167129517,-1.1408709287643433,0.7412301898002625,-1.745816707611084,0.5268260836601257,2.319896936416626,-2.335392951965332,-1.9667810201644897,2.153717279434204,-2.3213515281677246,-2.2017829418182373,-1.546090006828308,-1.537276029586792,1.3067436218261719
0ba908079,-3.7259507179260254,-0.4252255856990814,-1.8487606048583984,0.14660748839378357,-3.60787296295166,-2.4837496280670166,1.4605917930603027,-0.16824260354042053,-4.280539512634277,0.49138909578323364,-0.5304125547409058,0.6797075271606445,-2.7603607177734375,-3.9309911727905273,-2.0761220455169678,2.720480442047119,1.9523577690124512,0.3364940881729126,-2.8987138271331787,-1.1148120164871216,0.6588345766067505,-4.36258602142334,-1.7520287036895752,-1.2506183385849
0baed3c67,-3.2790398597717285,-1.0790202617645264,-2.9570722579956055,4.597352504730225,-0.11522772908210754,0.7238072752952576,-3.210270881652832,-1.1592237949371338,-1.527174949645996,-1.2530382871627808,-1.0231270790100098,-2.5870893001556396,4.126953125,-0.8365132212638855,1.2579132318496704,-0.4300420880317688,-3.2119178771972656,-2.831137180328369,3.451676845550537,-2.8805325031280518,-2.0869412422180176,-0.34430086612701416,-0.6747159957885742,4.4816741943359375
0bcb177ea,-6.308819770812988,-3.209960460662842,-0.38860899209976196,5.477866172790527,0.36327505111694336,0.8068273663520813,-2.6342031955718994,-2.872323513031006,-3.3479926586151123,-1.9883735179901123,-0.9659355878829956,-3.8131887912750244,2.652012348175049,-3.2212271690368652,-3.074859619140625,-2.5300042629241943,-4.392786502838135,-2.3830173015594482,1.4609196186065674,-1.9912092685699463,-1.298496961593628,-2.5675854682922363,-1.3044788837432861,3.875934600830078
0bd8a0e62,-5.967522621154785,-2.1575961112976074,-5.14777946472168,4.127016067504883,-5.069906711578369,-3.481546401977539,-0.7415234446525574,6.15330696105957,-5.7955803871154785,-1.7582801580429077,-0.4161454439163208,5.313459873199463,-5.017445087432861,-5.039485454559326,-0.02291121333837509,1.333085298538208,-1.9808071851730347,-2.541588544845581,-3.5302398204803467,-1.3666183948516846,-0.718317985534668,-4.746766567230225,-0.972080409526825,-1.647154688835144
0be3a4baa,-6.812901020050049,-3.757246732711792,-3.0954437255859375,5.196756362915039,-2.5115253925323486,0.3806861639022827,-1.9140160083770752,-2.149688243865967,-5.528625011444092,-2.025104522705078,0.23310020565986633,-3.2340214252471924,-0.2463359236717224,-5.153411865234375,-3.731448173522949,-2.616055965423584,-4.073230266571045,-2.6317970752716064,-0.5742488503456116,-3.392798662185669,-0.4839613735675812,-3.9010777473449707,-2.0987987518310547,5.012317180633545
0c4d6a79e,-0.7972028851509094,2.6064090728759766,0.4928898215293884,3.406552791595459,-1.158525824546814,-1.0495052337646484,-0.7477622032165527,1.466168999671936,-3.763702392578125,2.355145215988159,-0.7806241512298584,0.07875126600265503,-0.5921943783760071,-3.1194210052490234,2.63594913482666,3.177335262298584,-2.194634437561035,1.4062089920043945,-0.171091690659523,-1.2728310823440552,-0.997180700302124,-1.4150980710983276,-0.9360907673835754,2.67592716217041
0c5143157,-3.9866509437561035,2.1661531925201416,-0.8645603060722351,5.254646301269531,-1.4571620225906372,-0.9482501745223999,-3.26206111907959,1.011399507522583,-4.054042816162109,-1.395906925201416,-1.5131852626800537,-2.2896788120269775,-1.8414007425308228,-1.0839482545852661,-0.5141797661781311,1.0911386013031006,-0.13176289200782776,-4.008975028991699,-1.9773212671279907,-2.896359443664551,-1.4188125133514404,-0.2809639275074005,-1.654413104057312,-2.458369016647339
0c7a15b50,-7.64030122756958,-1.6041884422302246,-9.00151252746582,5.483635902404785,-6.077959060668945,-5.336933135986328,-3.560652494430542,5.954041957855225,-7.5898847579956055,-5.154313087463379,-2.4698355197906494,4.4920549392700195,-7.354803562164307,-6.275041580200195,1.3825459480285645,1.6767866611480713,-2.878190517425537,-6.7065606117248535,-4.393688678741455,-4.094508647918701,-3.7183730602264404,-5.530501365661621,-1.5202304124832153,-2.946958065032959
0cbcff74d,-5.1306538581848145,-2.112290620803833,-1.879571557044983,1.611122488975525,-5.387353897094727,-1.7992531061172485,5.191871166229248,5.083420753479004,-5.355296611785889,-0.8614883422851562,0.9667227864265442,4.212959289550781,-3.860447883605957,-5.2067060470581055,-2.518028974533081,1.3220566511154175,-0.6114614009857178,-1.1759482622146606,-3.1908068656921387,1.3137131929397583,1.6222612857818604,-6.017295837402344,-0.8949567079544067,-0.12478267401456833
0cc9654d3,-2.288139581680298,-3.7451775074005127,-3.5355350971221924,4.41660213470459,-3.1913111209869385,-1.2865865230560303,-5.676048278808594,-2.014683961868286,-2.31447696685791,-4.398172855377197,-1.4315729141235352,-5.092949390411377,2.6934008598327637,-3.5856592655181885,-0.7437359690666199,-1.6249947547912598,-6.367486000061035,-6.856610298156738,4.835762023925781,-3.5436975955963135,-4.565328121185303,-3.4472734928131104,-1.7309397459030151,0.010921627283096313
0ce6c3971,-3.7770116329193115,-0.02424924075603485,-3.2866313457489014,3.653684616088867,-2.3637936115264893,-1.973508596420288,-2.172987222671509,0.08402521908283234,-5.412106037139893,-1.3133618831634521,-0.75565505027771,-0.5791172385215759,-4.062680244445801,-5.2309250831604,5.818136215209961,2.501964569091797,-4.951524257659912,-3.057051420211792,0.005252784118056297,-2.8746602535247803,-2.546365737915039,-3.1277315616607666,-0.16796626150608063,-1.5000650882720947
0cff61a28,-6.412006378173828,0.053859516978263855,-4.648642539978027,3.193443536758423,-4.683449745178223,-4.642971038818359,-0.7965425848960876,-0.11098101735115051,-5.966286659240723,-1.5082666873931885,-1.7407821416854858,-0.15406008064746857,-4.919776439666748,-2.2061147689819336,-5.631942272186279,-0.23911398649215698,4.601310729980469,-0.7944000959396362,-5.972295761108398,-1.0094722509384155,-0.0071616023778915405,-4.818247318267822,-2.8525710105895996,-2.3580539226531982
0d2419e0e,6.609742641448975,6.778550624847412,-4.0705952644348145,5.176627159118652,-0.9949057698249817,-4.372375965118408,-2.86073899269104,-1.8567575216293335,-4.063305854797363,3.6660385131835938,-1.5831952095031738,-2.9614343643188477,4.883174896240234,-1.0202666521072388,-2.442533493041992,4.181756019592285,-3.6841821670532227,-6.673836708068848,5.8888044357299805,-5.171583652496338,-6.6793012619018555,-2.8129916191101074,-2.850162982940674,2.877228021621704
0d999c656,-3.7933199405670166,-1.64198899269104,-0.8151355981826782,-2.1912832260131836,-4.173581600189209,-2.720294952392578,1.1861560344696045,0.8434653282165527,-4.6868414878845215,0.24212324619293213,0.11867570877075195,3.192617893218994,-3.1710855960845947,-4.433506965637207,-2.859281539916992,-1.3854217529296875,0.26690179109573364,-0.4619976580142975,-2.6881752014160156,-0.7431548237800598,1.460294485092163,-5.3496503829956055,-2.490135669708252,-1.2541685104370117
0da661bf4,-3.744110584259033,-3.1520276069641113,-4.597030162811279,5.813138961791992,-0.5521333813667297,1.1291158199310303,-4.566157817840576,-3.406665802001953,-2.6251301765441895,-3.354630947113037,-1.6472142934799194,-5.841826438903809,4.264335632324219,-3.403524398803711,-2.8313710689544678,-3.6663055419921875,-6.681879043579102,-5.765604496002197,3.84648060798645,-3.9107465744018555,-4.229048252105713,-2.635648727416992,-0.7634135484695435,5.08613920211792
0dc380aa8,-6.376555442810059,-1.1549361944198608,-4.002723217010498,1.850261926651001,-6.143686771392822,-3.9765100479125977,0.07554905861616135,4.286833763122559,-6.269876003265381,0.2801406681537628,-1.262926459312439,1.4192866086959839,-5.455440998077393,-3.766822338104248,-5.13227653503418,0.8986302614212036,3.5960285663604736,1.1134955883026123,-5.802729606628418,0.29831230640411377,1.14088773727417,-6.287410736083984,-2.4854583740234375,-1.9959582090377808
0dda9e6b1,4.844794273376465,-3.300325632095337,-5.417397499084473,4.0462493896484375,-2.2761151790618896,-4.413331508636475,-7.145300388336182,-3.331446409225464,1.5944572687149048,-4.396239280700684,-1.8819348812103271,-7.143189907073975,4.666508197784424,-3.564650774002075,-4.354156494140625,-3.576878070831299,-8.008157730102539,-9.659734725952148,6.761765956878662,-6.649560928344727,-7.9440460205078125,-2.5652387142181396,-2.760524272918701,0.7568448781967163
0ddf2b7a6,-7.380143165588379,-2.287428140640259,-5.412150859832764,4.113016128540039,-7.128600597381592,-4.775846481323242,0.7232048511505127,5.788878440856934,-6.301872253417969,-1.9076712131500244,-1.219380259513855,4.460378646850586,-5.574970245361328,-5.106248378753662,-2.8599114418029785,3.1040005683898926,1.789718747138977,-0.9847978949546814,-5.997796058654785,0.0892895981669426,0.6718862652778625,-6.952888011932373,-1.8924121856689453,-3.402768611907959
0def49130,-2.945408821105957,-0.2154134213924408,-0.33495092391967773,2.5236916542053223,-2.3008368015289307,-0.962043821811676,0.4989018142223358,-0.20703424513339996,-3.70753812789917,0.5082739591598511,0.06057725101709366,0.1983311027288437,-1.7409390211105347,-2.2253286838531494,-0.8975074291229248,1.1110670566558838,1.176540493965149,-0.04848156124353409,-1.8219932317733765,-1.0605323314666748,0.559253454208374,-2.0021698474884033,-1.359106421470642,0.11484791338443756
0e09adfe9,-4.146598815917969,0.46982648968696594,-3.3432576656341553,2.082214117050171,-3.167318820953369,-2.7062923908233643,0.024354755878448486,0.6836692094802856,-4.254605293273926,0.22622965276241302,-1.4906760454177856,0.04062847048044205,-3.379065990447998,-2.2212677001953125,-2.4179458618164062,0.09986806660890579,3.5376436710357666,0.6545749306678772,-3.8864336013793945,-1.4033608436584473,0.4321359097957611,-3.0889906883239746,-2.1485700607299805,0.7850374579429626
0e1fe96bd,-3.0585591793060303,-0.012743383646011353,5.93647575378418,3.8217124938964844,-2.0990850925445557,0.34793394804000854,-2.7585041522979736,-0.3969244062900543,-3.3870370388031006,-0.30365151166915894,-1.7674070596694946,-1.7969043254852295,1.0130655765533447,-2.727142333984375,-1.5720778703689575,-0.7718903422355652,-2.9704432487487793,-1.4267569780349731,0.2047366350889206,0.3148080110549927,0.18306699395179749,-2.387850761413574,-1.0758411884307861,-1.814866304397583
0e42bd11e,-6.64810848236084,3.5418577194213867,-5.392155170440674,5.395329475402832,-5.078071594238281,-5.484126091003418,-3.9265434741973877,-2.8601438999176025,-7.404250144958496,-3.4250643253326416,-3.269430637359619,-4.196407794952393,-6.856865882873535,-0.8145971894264221,-6.020553112030029,-1.3684800863265991,6.837771892547607,-3.8211936950683594,-7.47270393371582,-5.325066566467285,-3.2862751483917236,-4.385342121124268,-2.704944133758545,-3.455998659133911
0e6dadd1b,-5.0141801834106445,0.498592734336853,-6.7020721435546875,3.8972301483154297,0.3037406802177429,-2.994846820831299,-7.369220733642578,-2.045877695083618,-3.8776724338531494,-3.7439610958099365,-3.9136812686920166,-4.263086318969727,-2.8053207397460938,-3.1516494750976562,5.962366104125977,-1.3823026418685913,-5.337381362915039,-7.521659851074219,2.817842960357666,-5.662891387939453,-6.351620197296143,1.9342279434204102,-1.5346689224243164,-0.8185999393463135
0e7bdb0b3,-5.708731174468994,-2.0175728797912598,-2.840200424194336,2.058356523513794,-5.657173156738281,-2.695359468460083,0.28232067823410034,4.175335884094238,-5.647991180419922,-0.8824237585067749,-0.0751546323299408,4.10978364944458,-4.571270942687988,-4.776025295257568,-2.498420476913452,0.9500116109848022,-0.9826071858406067,-1.4827555418014526,-4.401164531707764,0.7574361562728882,2.006772994995117,-5.186908721923828,-1.2843997478485107,-1.9687483310699463
0ea504d17,-3.430609703063965,2.645289659500122,1.1725620031356812,4.984975814819336,-2.336348056793213,0.28550392389297485,-2.567701816558838,2.518862009048462,-5.462883949279785,0.6256374716758728,-1.2679083347320557,-1.272555947303772,-3.1669325828552246,-2.5644073486328125,0.311052143573761,0.4741911292076111,-2.8260631561279297,-1.9560145139694214,-1.2462276220321655,-1.994789481163025,-0.48979121446609497,-0.735984206199646,-1.6026477813720703,-0.7006710767745972
0ea77d7b7,-4.764764308929443,-2.79970645904541,-0.9006866216659546,5.115387439727783,-0.7361382246017456,0.6683549284934998,-2.3223612308502197,-2.6294443607330322,-2.356003761291504,-1.560981273651123,-0.6603301763534546,-3.545499324798584,2.994457244873047,-3.18906307220459,-2.9025752544403076,-2.3777260780334473,-4.150736331939697,-2.076470136642456,2.12003755569458,-1.86466383934021,-1.0813288688659668,-2.593325614929199,0.8284213542938232,4.0896315574646
0ec1aeda1,-0.5560619831085205,2.206442356109619,-3.25803804397583,4.216004371643066,-0.6999536156654358,-1.7245476245880127,-2.5635013580322266,1.917035460472107,-3.1246442794799805,2.4357829093933105,-1.8500547409057617,-0.28587114810943604,1.0191941261291504,-0.9609823226928711,-0.2814140319824219,0.6381242871284485,-1.7414045333862305,-1.1872096061706543,1.6608829498291016,-3.294095993041992,-2.37034010887146,-0.4513723850250244,-2.126282215118408,-0.5862018465995789
0ec3209e2,-0.11015775054693222,0.9214637875556946,-3.1922173500061035,5.085261821746826,1.2032313346862793,-1.4207645654678345,-5.712196350097656,-2.969940185546875,-0.3978601396083832,-1.3277289867401123,-3.8275208473205566,-4.904779434204102,5.160327434539795,1.5586061477661133,-1.272236943244934,0.2462652027606964,-3.494875907897949,-5.752832412719727,5.173713684082031,-4.329137802124023,-5.5660319328308105,0.6856936812400818,-1.0089385509490967,-0.47789308428764343
0ec7eb8e7,-2.0281763076782227,-3.084974765777588,-1.4702670574188232,3.977080821990967,-2.0374343395233154,-1.3267438411712646,-4.86854887008667,-2.0015625953674316,-1.9130301475524902,-3.809474468231201,-1.242270588874817,-4.180173873901367,3.410264253616333,-3.3501832485198975,0.5281659364700317,-1.7178502082824707,-5.95625114440918,-6.053104400634766,4.8389058113098145,-2.4211997985839844,-3.894068956375122,-2.2810940742492676,-1.9555339813232422,0.18760491907596588
0f0e300fb,-3.9663236141204834,-4.7317214012146,-6.024927616119385,5.506880283355713,0.341927170753479,-0.003474190831184387,-6.08791971206665,-4.929932594299316,-0.9608722925186157,-4.687315940856934,-2.4789857864379883,-6.680642127990723,4.903196334838867,-2.1775429248809814,-4.2189483642578125,-3.1705055236816406,-7.154633045196533,-7.177107810974121,4.6854400634765625,-4.512128829956055,-5.646733283996582,-2.015547037124634,-0.7280446887016296,4.405203819274902
0f435eee1,2.3019347190856934,-0.07280457019805908,-0.15185996890068054,2.6398181915283203,-1.8984224796295166,-0.15414172410964966,-1.7664768695831299,3.6965150833129883,-2.240403652191162,-0.23438581824302673,0.26256629824638367,-1.3624532222747803,-0.536475419998169,-2.665917158126831,1.0493167638778687,0.356009840965271,-2.850513219833374,-2.3180341720581055,3.124926805496216,-0.0032631903886795044,-0.6119881868362427,-2.3468756675720215,-1.4493471384048462,0.6734525561332703
0f52cfeeb,-3.9273760318756104,0.17231816053390503,-5.731658935546875,4.392731189727783,0.6654666066169739,4.512884140014648,-4.777763366699219,-0.05895651504397392,-4.72550106048584,-2.187918186187744,-1.6257383823394775,-1.6582310199737549,-3.6266651153564453,-3.3222312927246094,6.425596714019775,0.40588971972465515,-5.885410785675049,-5.629683017730713,1.7893091440200806,-3.7721574306488037,-3.575221061706543,-0.4992169141769409,-0.3776927590370178,2.0238068103790283
0f97e5ee5,-3.058274745941162,-0.1494138389825821,0.06916774809360504,4.393950462341309,0.548385500907898,5.8590521812438965,-1.5105197429656982,1.350417137145996,-1.9445980787277222,0.4450615644454956,0.03399442881345749,-0.2330673784017563,1.3650476932525635,-0.23680439591407776,0.5409383773803711,1.245654582977295,-1.9829655885696411,-0.6875605583190918,1.0666861534118652,-0.3875833749771118,1.6955065727233887,-0.7965150475502014,0.052158355712890625,-0.11485123634338379
0fa0af606,-0.6253183484077454,-2.8547403812408447,-1.8003629446029663,3.82747483253479,-2.1986730098724365,-1.2512973546981812,-4.493714332580566,-1.7181354761123657,-1.2146406173706055,-3.3241939544677734,-0.9877010583877563,-4.093940258026123,2.9896621704101562,-3.409503221511841,0.7583348751068115,-2.164200782775879,-5.664145469665527,-5.363715171813965,4.969050407409668,-2.5088937282562256,-3.853029251098633,-2.2139227390289307,-1.4696489572525024,-0.11149115115404129
0fdab4b3c,-0.7406706809997559,-1.0352461338043213,0.6551632285118103,-1.0694400072097778,-2.9371161460876465,-0.8174482583999634,-3.340630054473877,-1.3955508470535278,-1.832328200340271,-1.5479307174682617,-0.6120527982711792,-2.476426839828491,0.3363547623157501,-2.8654441833496094,-1.5250678062438965,-1.3382155895233154,-2.0332014560699463,-3.569998264312744,2.6465651988983154,-0.21850229799747467,-1.5121432542800903,-3.0053555965423584,-1.7928788661956787,-1.363648533821106
0fef36a05,3.828096389770508,0.3619171380996704,-1.1163556575775146,3.3082849979400635,-0.9233501553535461,-1.1645969152450562,-2.874048948287964,0.1287347972393036,-1.7181379795074463,-0.4349173307418823,-0.9763439297676086,-1.5965152978897095,1.316833734512329,-2.7931063175201416,3.6285393238067627,-0.671405553817749,-3.7227416038513184,-2.7992703914642334,4.923208713531494,-1.2186377048492432,-1.274812936782837,-1.197660207748413,-1.3573970794677734,0.43422430753707886
101e55d43,-4.237212181091309,-1.8098458051681519,-2.202299118041992,2.5338523387908936,-3.977786064147949,-1.9427002668380737,0.4779432713985443,4.865856170654297,-4.911190032958984,-0.750347912311554,1.1268770694732666,4.1113739013671875,-2.124798059463501,-5.004089832305908,-0.44519907236099243,2.7142577171325684,-1.7446668148040771,-1.3138599395751953,-2.377882957458496,-0.2088557332754135,0.6646823287010193,-4.65976095199585,-0.9318432807922363,1.3594205379486084
10788adbc,-4.874830722808838,3.5525593757629395,-5.706716537475586,5.064464569091797,-0.4174274206161499,-3.779386043548584,-6.9719014167785645,-0.7912053465843201,-4.711991786956787,-3.1648130416870117,-4.2898383140563965,-4.006073474884033,-4.4144062995910645,-2.5200037956237793,5.730223655700684,-0.5502783060073853,-2.6248652935028076,-6.547362804412842,-0.44004330039024353,-5.143932819366455,-6.216963768005371,1.5492751598358154,-0.33215028047561646,-2.181124210357666
109557c57,4.3346381187438965,-4.481860637664795,-5.770923614501953,4.239778518676758,-3.2231717109680176,-4.7149763107299805,-7.438571453094482,-3.6485042572021484,2.1091854572296143,-5.5495710372924805,-1.6996283531188965,-7.948877811431885,4.362740516662598,-3.7692317962646484,-5.000636100769043,-4.091641902923584,-8.199206352233887,-10.00003719329834,6.7957305908203125,-6.456472396850586,-8.38012409210205,-3.2092926502227783,-3.1560564041137695,0.5958313345909119
10b07068d,5.217547416687012,-1.0130277872085571,-0.5520684719085693,1.619275689125061,-2.6933131217956543,-1.0868102312088013,-2.1342368125915527,-0.30781033635139465,-1.1578772068023682,-2.279888153076172,0.8694318532943726,-2.48919677734375,0.2570732533931732,-3.5207040309906006,-0.15241768956184387,2.212839126586914,-4.747954368591309,-4.669210433959961,4.034929275512695,-1.42043137550354,-3.0143563747406006,-3.847038984298706,-1.0444706678390503,0.7777079939842224
10b235de1,-2.473127841949463,-4.232926368713379,-4.704946517944336,5.49753475189209,-1.6937463283538818,-0.5855922698974609,-6.825351238250732,-3.8977909088134766,2.025364398956299,-5.837762832641602,-3.2385618686676025,-6.209366798400879,5.870397567749023,-0.4811916947364807,-4.638067245483398,-1.7042204141616821,-6.029811859130859,-8.2756929397583,5.478644847869873,-4.618800163269043,-6.17331600189209,-2.2085297107696533,0.770026683807373,-0.18184882402420044
10b4e296d,-3.7847466468811035,3.3523926734924316,-3.4684956073760986,5.016709804534912,0.9330035448074341,-2.8999176025390625,-5.947101593017578,-1.6287155151367188,-2.656158447265625,-1.3259526491165161,-4.361865520477295,-4.220977306365967,-0.9479559063911438,-0.4695028066635132,1.9490430355072021,-0.7280861735343933,-0.4531799554824829,-4.550164699554443,0.13573196530342102,-4.345510005950928,-4.228998184204102,3.385300874710083,-2.3185925483703613,-3.152158737182617
10d58c6f5,-4.664412498474121,2.794715404510498,-3.5461392402648926,4.375949859619141,-3.9226489067077637,-4.196463108062744,-2.506619930267334,-1.0778237581253052,-5.498269081115723,-1.962843894958496,-1.832463264465332,-2.166771650314331,-5.453044891357422,-1.1072090864181519,-3.65879225730896,-0.8521735072135925,4.994377136230469,-2.6581368446350098,-5.3675856590271,-3.852966785430908,-2.1920788288116455,-3.19143009185791,-2.2420358657836914,-2.828810930252075
10fa28496,5.250545978546143,-0.5548715591430664,0.3714643716812134,-1.2265324592590332,-2.9076969623565674,-2.217341423034668,-1.9379534721374512,-0.33718734979629517,-1.1246803998947144,-0.6400330066680908,1.189050555229187,-1.8734774589538574,-1.1468464136123657,-3.282200813293457,-0.5872811079025269,-0.7806914448738098,-2.2636680603027344,-3.076956033706665,3.182018518447876,-0.799059271812439,-1.6318323612213135,-3.370802164077759,-1.6692696809768677,-0.1654302328824997
10fe3b80f,-0.06594284623861313,1.718575119972229,0.4476468563079834,3.6218700408935547,-1.0205049514770508,0.005093619227409363,-0.078541100025177,0.7223776578903198,-2.7046284675598145,1.1567200422286987,-0.008929315954446793,-0.3938691020011902,-0.8161838054656982,-1.9721750020980835,0.7963031530380249,0.4908325672149658,-1.1682074069976807,-0.3852158784866333,0.9021411538124084,-0.38638484477996826,0.3528088927268982,-0.7962916493415833,-1.5677136182785034,0.5215371251106262
10ffc39bc,-1.5837477445602417,-1.7788336277008057,1.7474346160888672,3.410820484161377,-1.4334275722503662,1.639159917831421,-0.7998656034469604,0.10365799814462662,-2.6732242107391357,-1.5870673656463623,1.9381740093231201,0.04125332832336426,0.10351306945085526,-2.626204252243042,-0.8546811938285828,0.27048611640930176,-3.3924005031585693,-2.591989040374756,0.4105881154537201,-0.7166754007339478,1.1490426063537598,-3.640231132507324,0.07793094217777252,2.0876944065093994
112e45fc4,5.637023448944092,4.2921342849731445,0.11341038346290588,4.187465667724609,-1.3582860231399536,-2.4216434955596924,-2.398499011993408,-0.4942701458930969,-2.0080881118774414,0.9322167038917542,0.8712455630302429,-2.673638343811035,2.680950880050659,-1.7017934322357178,-0.3284040093421936,-0.17531877756118774,-2.6534950733184814,-4.046725273132324,4.391740798950195,-1.4692542552947998,-2.692448139190674,-1.3852277994155884,-1.9916406869888306,0.3150874674320221
11306b782,-2.6471128463745117,-4.815573692321777,-5.377411365509033,5.569028854370117,-2.8600540161132812,-2.0666885375976562,-8.173920631408691,-4.428934574127197,-0.7843982577323914,-6.091899871826172,-2.9614291191101074,-7.867281913757324,5.351219177246094,-2.8259716033935547,-4.135201454162598,-2.5251989364624023,-7.7594757080078125,-9.142284393310547,6.112875938415527,-6.423302173614502,-7.145184516906738,-3.5807530879974365,-1.7877143621444702,0.5156746506690979
117d9a7c1,4.114891052246094,-3.855982780456543,-3.0788683891296387,3.766631841659546,-2.2547426223754883,-1.0024176836013794,-6.31787633895874,-2.875093460083008,1.1378594636917114,-5.012115955352783,-0.6866757869720459,-6.230942726135254,4.284491062164307,-2.8566207885742188,-3.4645256996154785,-2.532477378845215,-7.376730918884277,-8.030197143554688,6.796288967132568,-3.859004020690918,-5.441566467285156,-3.2271554470062256,-1.3064769506454468,2.4739880561828613
1202a2650,-5.326098918914795,-1.3193587064743042,-4.062753677368164,1.6364909410476685,-4.973306179046631,-3.776336908340454,0.8701052069664001,3.375596523284912,-5.186311721801758,-0.4642789959907532,-0.9114904999732971,4.210856914520264,-4.542673587799072,-4.14996862411499,-1.605014681816101,1.3380318880081177,-0.04311724752187729,-0.32912111282348633,-4.417109966278076,-0.422978937625885,-0.26119670271873474,-4.981019020080566,-1.4490206241607666,-1.987114429473877
1216bdea4,-5.755319118499756,4.093923091888428,-4.670183181762695,5.714329242706299,-4.265577793121338,-4.877089500427246,-4.069278717041016,-1.8204056024551392,-6.342618465423584,-3.1983513832092285,-3.074636936187744,-3.5548081398010254,-5.83608341217041,-0.5715959668159485,-3.9940524101257324,-0.7087078094482422,6.4827470779418945,-3.972278594970703,-6.205684661865234,-4.905502796173096,-3.2215960025787354,-2.887092113494873,-2.4892418384552,-3.838993549346924
1246e017b,-3.54378604888916,1.0450654029846191,-5.639922142028809,4.469517707824707,1.6399075984954834,-1.8868892192840576,-6.041473388671875,-1.429782748222351,-2.6235742568969727,-2.9666285514831543,-3.115931987762451,-3.5019946098327637,-1.471189260482788,1.2414528131484985,6.239969253540039,-0.149337500333786,-3.8377444744110107,-5.864265441894531,3.3922653198242188,-3.714038372039795,-5.746280670166016,2.1071889400482178,-0.6750497817993164,-0.9734706878662109
124a84f36,-4.051079750061035,-0.3288879990577698,-2.126115560531616,3.852351427078247,-3.576695442199707,-0.7669237852096558,-0.6623345613479614,4.250305652618408,-4.599061012268066,-0.6885501146316528,0.016807809472084045,1.0314195156097412,-2.5594992637634277,-3.4264674186706543,-0.8760930299758911,1.5357414484024048,-0.318121075630188,-1.463627815246582,-2.6580424308776855,-0.37599676847457886,0.7531463503837585,-3.0311622619628906,-1.666814923286438,-0.5102732181549072
12a4d9e95,-3.8351686000823975,1.69516122341156,0.38787785172462463,4.231715679168701,-2.4204845428466797,0.48463934659957886,-1.4309711456298828,0.2391587495803833,-5.009527683258057,0.6673807501792908,-0.9335191249847412,-1.406925916671753,-2.0701067447662354,-2.397078037261963,0.578450083732605,2.084916591644287,-1.700396180152893,-1.4749034643173218,-1.22469162940979,-1.6988061666488647,-0.041104335337877274,-1.239264965057373,-1.6011463403701782,-1.4009974002838135
12b81575a,-2.3113927841186523,-3.3322649002075195,-4.34721565246582,5.718301296234131,-0.39445239305496216,0.4218795597553253,-7.146601676940918,-3.8732404708862305,1.8005070686340332,-4.678915023803711,-3.6672825813293457,-6.306556224822998,5.819215297698975,0.03158566355705261,-3.812150716781616,-2.2909774780273438,-5.504007816314697,-7.301721572875977,5.84255313873291,-4.2302656173706055,-5.886691093444824,-0.5439572930335999,-0.09193609654903412,-0.3557056486606598
131a6848a,-4.307491302490234,1.377382516860962,-2.0341532230377197,2.6440272331237793,-3.258530616760254,-3.4822516441345215,-0.44461554288864136,-0.9339600801467896,-4.473552703857422,-0.24771356582641602,-1.5888909101486206,-0.319823294878006,-3.935026168823242,-1.6651058197021484,-3.415684461593628,-1.3806480169296265,4.335629463195801,0.08931377530097961,-3.8925833702087402,-1.9948394298553467,-0.054580409079790115,-3.1361684799194336,-2.3964383602142334,-1.3720057010650635
133bdbd34,-2.376819372177124,-4.202872276306152,-4.278156757354736,5.596787452697754,-2.6758689880371094,-1.3397917747497559,-6.969573497772217,-3.7144808769226074,-1.0416679382324219,-4.961709499359131,-2.6821513175964355,-6.876705169677734,4.919615268707275,-1.8776566982269287,-3.291896104812622,-1.8797260522842407,-6.599085330963135,-7.848333358764648,5.938701152801514,-5.497434139251709,-6.211539268493652,-3.478538751602173,-1.8797706365585327,0.31976449489593506
135c4d0ab,-2.8829150199890137,-0.7608453035354614,-1.620314121246338,2.3635268211364746,-3.9086248874664307,-1.9099059104919434,0.030245639383792877,5.069638252258301,-3.771113395690918,-0.6837012767791748,-0.21688702702522278,4.160632133483887,-3.176492691040039,-4.079973220825195,-0.8281083106994629,0.4198703467845917,-1.5594072341918945,-1.0216580629348755,-2.2740631103515625,-0.05141110718250275,-0.3084314465522766,-3.4214606285095215,-1.2288414239883423,-1.6687841415405273
13d9ca101,5.10821008682251,-4.064206600189209,-5.918224334716797,4.302916526794434,-2.4600303173065186,-4.152275562286377,-7.330478191375732,-3.739776134490967,1.7594176530838013,-4.837392807006836,-1.7470779418945312,-7.494810581207275,4.84580659866333,-3.8631300926208496,-5.034019947052002,-4.088006019592285,-8.410755157470703,-9.792510032653809,7.395204544067383,-6.835529804229736,-8.37679672241211,-3.0535645484924316,-2.635632038116455,1.0657410621643066
143d47752,6.406217098236084,-5.0729570388793945,-2.3896498680114746,3.5417261123657227,-4.115349292755127,-5.17183256149292,-6.326235771179199,-2.3420004844665527,2.564969062805176,-5.373342514038086,-0.5402001142501831,-5.9134345054626465,2.5199129581451416,-3.853271007537842,-5.8616509437561035,-3.493920087814331,-6.603792667388916,-8.186834335327148,7.5818986892700195,-4.268317699432373,-7.303346633911133,-4.3026957511901855,-2.9227356910705566,0.17576971650123596
14ac0cbc1,5.885900020599365,-3.178304672241211,-2.873404026031494,2.801360845565796,-3.780792713165283,-3.2350175380706787,-4.895195484161377,-1.8031368255615234,0.05575656518340111,-3.7105565071105957,0.8441530466079712,-5.071203231811523,0.25085294246673584,-4.21824836730957,-2.715161085128784,-2.3120861053466797,-6.123412609100342,-7.2891950607299805,5.989345550537109,-3.2803046703338623,-5.887073516845703,-3.884234666824341,-2.05429744720459,0.5050538778305054
1519c960b,-3.2735908031463623,-0.028000418096780777,-5.590366840362549,5.259934425354004,-1.5508573055267334,-1.1728525161743164,-4.646719455718994,1.568925142288208,-4.7232513427734375,-2.3690171241760254,-1.6152904033660889,-1.6765578985214233,-3.4424080848693848,-3.7720885276794434,6.784717559814453,2.6205151081085205,-6.063679218292236,-5.394955158233643,1.7393609285354614,-4.175563812255859,-3.9259164333343506,-0.9507399797439575,-0.46164411306381226,-0.6426241397857666
153152f1b,-5.457890033721924,1.233398675918579,-2.9156885147094727,3.303128242492676,-3.711621046066284,-3.624255895614624,-1.4152240753173828,-2.604349374771118,-5.5589985847473145,-1.4998779296875,-1.7812955379486084,-1.9030929803848267,-4.235012054443359,-1.507507562637329,-4.692666053771973,-1.5930252075195312,4.362000942230225,-1.603361964225769,-4.143509387969971,-3.037752628326416,-0.5514832735061646,-3.452004909515381,-2.917494535446167,-1.7479431629180908
154009f6f,-4.965860366821289,-0.8931226134300232,-3.038843870162964,3.5131096839904785,-3.8406567573547363,-1.5076320171356201,-0.3300175368785858,3.0804834365844727,-4.860358238220215,-0.23532110452651978,-0.37342166900634766,1.3594274520874023,-2.9014945030212402,-3.272386074066162,-2.071763038635254,1.0550862550735474,0.8715482950210571,-0.5567544102668762,-2.925311326980591,-1.0324856042861938,0.8476572036743164,-3.887662649154663,-1.7846380472183228,-0.1632503867149353
1595d8520,-4.261523246765137,-1.4958802461624146,1.4779539108276367,5.040386199951172,0.9484195113182068,-0.3033803105354309,-6.3058552742004395,-4.379307270050049,-0.7492398023605347,-2.9278364181518555,-4.916322708129883,-5.606368064880371,6.47517204284668,0.6645521521568298,-2.542144775390625,-1.8810958862304688,-4.528664588928223,-5.996574878692627,5.585327625274658,-2.5119082927703857,-3.9959969520568848,0.29110732674598694,-1.6272697448730469,-1.659868597984314
16211f6f0,-3.7618651390075684,-4.738757610321045,-4.116190433502197,5.831542015075684,-1.3817583322525024,0.8853579759597778,-7.414647579193115,-5.490257263183594,0.08276153355836868,-6.544661998748779,-3.151087999343872,-6.669078826904297,6.030547142028809,1.6571905612945557,-4.8138957023620605,-2.530546188354492,-7.068485736846924,-8.321630477905273,5.61927604675293,-4.1383233070373535,-5.7128753662109375,-3.0790300369262695,0.27119743824005127,0.6835823059082031
164419792,-2.898228645324707,-0.6297560930252075,-1.8519989252090454,2.2285866737365723,-3.2907309532165527,-1.4170764684677124,-0.4071251153945923,4.298191070556641,-4.303154468536377,1.879715919494629,0.06901508569717407,2.9330408573150635,-2.1637635231018066,-4.625713348388672,-0.1524897962808609,0.7576462030410767,-0.7544842958450317,2.8123865127563477,-1.8660070896148682,-0.6042779088020325,0.2089993953704834,-3.37164306640625,-1.2152329683303833,2.4499356746673584
1646f15f8,7.000608921051025,-4.382625579833984,-4.43806266784668,3.629943370819092,-4.467300891876221,-5.06707239151001,-5.665241241455078,-1.7455729246139526,1.8642247915267944,-4.8526811599731445,1.8802169561386108,-5.65162467956543,1.9984016418457031,-4.540111064910889,-4.8371381759643555,-3.6394941806793213,-6.753314971923828,-9.104361534118652,7.16602087020874,-5.2248077392578125,-7.054111480712891,-4.746280670166016,-2.4731791019439697,1.1402760744094849
164ed3af2,-0.06894895434379578,1.7130309343338013,1.064500093460083,2.1652891635894775,-0.7652773857116699,0.6819477081298828,1.9272606372833252,1.1967447996139526,-1.8719263076782227,2.7028651237487793,6.584234714508057,1.8672906160354614,-0.35515034198760986,-1.7463722229003906,1.3763643503189087,1.0877320766448975,-0.9745430946350098,0.8231193423271179,0.7054089307785034,0.07941527664661407,1.7896610498428345,-2.0482335090637207,1.1770894527435303,1.64847993850708
166829221,-5.045032024383545,1.955113410949707,-3.5404584407806396,4.027417182922363,-2.8731565475463867,-3.3037400245666504,-1.6289608478546143,-1.8290040493011475,-4.754127502441406,-0.26770204305648804,-1.9346814155578613,-1.8318581581115723,-4.363432884216309,-0.6826682090759277,-2.564932107925415,-0.9348995685577393,4.644095420837402,-0.03884226828813553,-4.363779067993164,-3.5474860668182373,-1.143798589706421,-2.212284803390503,-2.131781816482544,-1.8221707344055176
16ac1552e,-4.963428497314453,4.223481178283691,-4.243032932281494,5.803908348083496,-4.09665060043335,-5.1074981689453125,-4.551258563995361,-2.5762734413146973,-6.509994029998779,-3.067882537841797,-3.1839168071746826,-4.283970832824707,-4.743690013885498,1.747167706489563,-4.318840026855469,-0.4874468445777893,7.037017822265625,-3.98645281791687,-5.399599552154541,-4.7304582595825195,-3.476454257965088,-3.2323732376098633,-2.789555549621582,-3.579528570175171
16bdc9519,1.8732118606567383,-3.7697482109069824,-1.3975324630737305,2.7297863960266113,-3.3017330169677734,-1.6626960039138794,-4.208592414855957,-0.9291560649871826,-0.7862553596496582,-4.221711158752441,-0.3064028024673462,-3.983839988708496,1.1500545740127563,-3.647531509399414,-3.3251256942749023,-1.4388188123703003,-5.135196685791016,-6.886262893676758,5.210878372192383,-2.507812976837158,-4.11883544921875,-4.255333423614502,-1.534805417060852,0.5124520063400269
16ca3bfc4,-6.608352184295654,-4.39108419418335,-4.246970176696777,4.97199010848999,-1.906224012374878,1.924468994140625,-2.6469011306762695,-3.6415929794311523,-4.1165924072265625,-3.0411224365234375,0.03929091989994049,-4.49846887588501,1.8995153903961182,-4.58481502532959,-3.845740556716919,-1.7695672512054443,-5.815053939819336,-4.046582221984863,1.8657463788986206,-2.5109901428222656,-1.8804848194122314,-5.43217658996582,-0.9334810972213745,5.137509822845459
16dce03c1,-3.485481023788452,0.26681047677993774,-1.6931911706924438,2.626312732696533,-3.3614203929901123,-2.6253581047058105,0.3461528718471527,0.6998041868209839,-4.3652496337890625,4.355912208557129,-0.5857878923416138,1.132483720779419,-2.2663614749908447,-2.71823787689209,-2.1430106163024902,-0.2841459810733795,1.637730360031128,4.283862590789795,-1.8303793668746948,-1.1279178857803345,2.1550920009613037,-3.5305917263031006,-3.5954322814941406,-0.7672391533851624
16ddf4901,-2.2171952724456787,0.17992225289344788,-3.466343641281128,5.0140380859375,0.010729506611824036,-1.4383351802825928,-4.932515621185303,-2.6505441665649414,-0.4335295855998993,-2.5656089782714844,-3.891453504562378,-4.327991008758545,4.983517646789551,0.6112735271453857,-0.20601670444011688,2.71427845954895,-3.648578643798828,-6.349688529968262,4.597022533416748,-4.653194904327393,-5.233296871185303,0.9100158214569092,-1.1123183965682983,-1.1483005285263062
16e1c2483,7.128719329833984,-2.6837339401245117,-1.5541574954986572,0.8558449745178223,-4.57469367980957,-3.2617130279541016,-3.1054201126098633,-0.6468111872673035,-0.2793118953704834,-3.065925121307373,2.032226085662842,-3.4102623462677,-0.44767048954963684,-5.225047588348389,-3.3416354656219482,0.40241825580596924,-5.752796649932861,-6.54478645324707,5.57466983795166,-2.9679155349731445,-4.516069412231445,-5.929192543029785,-1.7989656925201416,0.8408515453338623
172ff2c64,-4.387721061706543,0.5317274332046509,-6.106871128082275,5.068613529205322,-1.1695520877838135,-0.9671939611434937,-4.039626121520996,1.7208631038665771,-5.009649753570557,-2.166844367980957,0.07810911536216736,-0.3439628481864929,-4.895233631134033,-3.0579755306243896,5.760441780090332,2.5715980529785156,-4.737985610961914,-5.157797336578369,0.014952674508094788,-4.234823703765869,-2.951145648956299,-0.22072266042232513,-0.5377746820449829,-0.8990075588226318
17557278d,-1.035797119140625,3.2666163444519043,-5.175373077392578,4.656258583068848,-0.37107837200164795,-2.388458490371704,-3.4268441200256348,-0.08728262782096863,-4.752325534820557,0.22977660596370697,-2.4019150733947754,-0.9645068049430847,-0.47679004073143005,-2.8999810218811035,4.579296588897705,3.126213788986206,-3.966823101043701,-4.256666660308838,0.976922333240509,-4.387336730957031,-4.58149528503418,-1.4815130233764648,-1.4345781803131104,5.221333980560303
17583f1e7,-4.378714084625244,3.04841947555542,-1.073757290840149,4.935474872589111,-1.191547155380249,-0.1614883542060852,-2.539696216583252,3.174032211303711,-4.499350547790527,-1.4222378730773926,-2.7340874671936035,-1.5627946853637695,-2.5406360626220703,-1.3094714879989624,1.3886711597442627,3.6864876747131348,-1.3858736753463745,-3.5264294147491455,-2.5272176265716553,-2.0755066871643066,-1.6709797382354736,2.250075101852417,-1.442845106124878,-2.004889726638794
176321177,-1.1756118535995483,-0.6102819442749023,-4.1726837158203125,5.600514888763428,1.4262337684631348,-1.8263697624206543,-7.529697895050049,-4.5552568435668945,0.12705735862255096,-2.5939395427703857,-4.633315563201904,-6.909738063812256,6.216359615325928,0.12257617712020874,-1.739089846611023,-1.746535062789917,-5.546504020690918,-7.870395183563232,5.994504451751709,-5.9242753982543945,-6.949162483215332,1.2739479541778564,-1.355619192123413,-0.4775843620300293
17765d8a3,-5.647077560424805,0.0017582178115844727,-2.4281835556030273,5.282864093780518,-5.021484375,-1.4717366695404053,-1.8593084812164307,4.544952392578125,-6.087649822235107,-1.0450611114501953,-1.385420560836792,-0.3439512848854065,-4.604170799255371,-3.978315591812134,-0.5057030320167542,2.392685890197754,-0.6523857116699219,-2.6937217712402344,-3.2981929779052734,-0.6378177404403687,0.9701030850410461,-3.5072953701019287,-1.8655070066452026,-2.5915799140930176
17c3e49cb,-4.86338996887207,-2.6065468788146973,-2.0968449115753174,-1.974902629852295,-5.8664445877075195,-2.8278777599334717,-0.06687764823436737,5.2815775871276855,-5.152792453765869,-1.9025001525878906,0.6693046689033508,5.326491355895996,-4.080506801605225,-4.980792999267578,-4.275965690612793,0.44122278690338135,-1.3465715646743774,-2.022735118865967,-3.912600040435791,0.3899884819984436,0.7646750807762146,-6.520845413208008,-0.6110498905181885,-2.265103340148926
17e4f7455,-5.762407302856445,3.057776689529419,-5.128700256347656,5.630600929260254,-3.6639418601989746,-4.5457048416137695,-3.4279608726501465,-3.019011974334717,-5.66901969909668,-2.0623202323913574,-2.958469867706299,-3.2899746894836426,-5.082730770111084,-0.16105186939239502,-4.415472507476807,-1.113937258720398,6.780259609222412,-2.0080623626708984,-5.757188320159912,-4.8389177322387695,-2.6634066104888916,-2.7302823066711426,-2.7139406204223633,-3.03008770942688
17ee04476,4.2353668212890625,-1.8837544918060303,-5.154698371887207,4.4463019371032715,-0.7993612289428711,-3.239457607269287,-6.439243793487549,-2.620166540145874,0.41235339641571045,-3.0343542098999023,-2.236530065536499,-6.34106969833374,5.246903419494629,-2.4697048664093018,-3.462587594985962,-2.615764617919922,-7.35145378112793,-8.282108306884766,7.078948974609375,-6.06964111328125,-7.259156703948975,-1.3518716096878052,-2.012477159500122,1.2236433029174805
180769302,-3.970479726791382,-0.9489781856536865,-1.5646584033966064,1.2151014804840088,-4.657299041748047,-2.474147081375122,1.021930456161499,1.7563282251358032,-4.872962951660156,0.09944282472133636,-0.8399876356124878,2.575148105621338,-3.6152567863464355,-3.643009662628174,-2.95479416847229,0.8037005662918091,2.4154162406921387,0.3502233922481537,-3.221606492996216,-0.6313607692718506,1.0889110565185547,-5.0328450202941895,-2.1558144092559814,-0.5025067329406738
181c24172,-2.2913053035736084,-1.2137144804000854,-0.32614266872406006,3.8253793716430664,-1.4688831567764282,0.30855658650398254,-1.858386516571045,-0.2131006121635437,-2.778764247894287,-0.9689610004425049,-0.3357729911804199,-1.463276743888855,0.07075861841440201,-2.4362266063690186,0.1252087950706482,-0.6151121258735657,-1.756812572479248,-2.5209856033325195,1.4254255294799805,-0.9465808272361755,0.2852998971939087,-1.6208807229995728,-1.132378101348877,-0.006321623921394348
18440190f,1.9073458909988403,-2.020932197570801,-4.73436975479126,5.0053839683532715,-2.00461745262146,-1.7733211517333984,-4.814571857452393,-2.940030813217163,-0.8219417333602905,-3.424724578857422,-1.4658868312835693,-5.3803019523620605,5.150450229644775,-2.1716058254241943,-3.4566328525543213,0.9928076267242432,-6.663994312286377,-7.204832077026367,6.476999282836914,-5.420973777770996,-6.00572395324707,-2.8336315155029297,-1.8522138595581055,2.741405725479126
1854a2a2b,-5.057501316070557,2.112164258956909,-3.739398956298828,3.7661848068237305,-4.069701671600342,-4.146411418914795,-1.9835330247879028,-1.478883147239685,-5.533046245574951,-2.0784943103790283,-1.5498536825180054,-1.625396966934204,-5.365752220153809,-1.617795705795288,-4.023066520690918,-0.8228143453598022,4.294295310974121,-2.6995301246643066,-5.437082290649414,-3.109013080596924,-1.4390463829040527,-3.352005958557129,-2.1875224113464355,-2.241882801055908
185cfa74c,-3.7550530433654785,-0.22799743711948395,-1.7410149574279785,2.940249443054199,-2.8410823345184326,-0.9116016626358032,0.32064583897590637,1.0293201208114624,-4.358927249908447,0.8384346961975098,0.6454681158065796,0.33051156997680664,-2.524472236633301,-3.1452534198760986,-1.2307718992233276,0.7594990730285645,0.08952243626117706,0.42718979716300964,-2.577211380004883,-0.16546259820461273,1.1355112791061401,-3.4018173217773438,-0.7789693474769592,2.188058853149414
1870355e2,6.525219917297363,-4.611560821533203,-4.496245384216309,3.1985347270965576,-4.489426612854004,-4.629607200622559,-4.794765949249268,-1.0786831378936768,1.955667495727539,-5.188277244567871,5.7440080642700195,-4.885510444641113,1.433223009109497,-4.188222408294678,-4.578662872314453,-3.0093016624450684,-5.567663192749023,-8.825313568115234,7.006958961486816,-4.764498710632324,-5.302101135253906,-4.660076141357422,-1.9077004194259644,1.1016039848327637
18f071508,-4.135818004608154,3.052649974822998,-3.5908596515655518,4.340030670166016,-2.5853018760681152,-4.244281768798828,-2.5360212326049805,-2.2136902809143066,-4.481506824493408,-1.0442332029342651,-2.603590726852417,-1.8734345436096191,-4.138165473937988,-0.3931446075439453,-2.7832729816436768,-1.1621180772781372,6.0631561279296875,-0.9290815591812134,-4.238178253173828,-3.9452614784240723,-1.8250432014465332,-1.7585957050323486,-2.5715205669403076,-2.167717456817627
18fca9b00,6.4595489501953125,5.082167625427246,0.13027149438858032,3.6834475994110107,-1.0844993591308594,-2.528453826904297,-2.066499948501587,-0.35942330956459045,-2.8031015396118164,1.6195648908615112,0.41816002130508423,-1.552259922027588,2.856901168823242,-0.9916606545448303,-0.9164273738861084,-0.22576791048049927,-1.8884943723678589,-3.6224992275238037,4.653903961181641,-0.7180129289627075,-2.405203104019165,-1.9290823936462402,-1.9388445615768433,1.2656781673431396
1920ab37b,-0.6278470754623413,-0.33531659841537476,-0.9359861612319946,3.863030195236206,-0.03093630075454712,0.7602580785751343,-3.6132099628448486,-1.2390077114105225,2.450047731399536,-1.9148098230361938,-0.8369670510292053,-3.3464701175689697,3.8586912155151367,-0.33487263321876526,0.4620927572250366,-1.0545719861984253,-3.1778969764709473,-4.053934097290039,3.924619197845459,-1.956455945968628,-2.1084775924682617,0.522572934627533,-0.6148949861526489,-0.28182247281074524
19661e5b5,-4.394304275512695,0.3710617423057556,-5.809702396392822,4.710801601409912,-1.146073341369629,-2.2091734409332275,-5.807989597320557,-0.17295554280281067,-5.704070091247559,-3.2445642948150635,-1.9075770378112793,-2.774095058441162,-4.777615547180176,-3.8377439975738525,7.365235328674316,0.35707300901412964,-6.6716227531433105,-6.547530174255371,1.855475664138794,-4.918176651000977,-4.921219825744629,-1.056430697441101,-0.39310014247894287,1.6543223857879639
19741caaf,4.247127532958984,-4.383113384246826,-5.682175636291504,4.597724437713623,-2.413600444793701,-3.391529083251953,-7.191317081451416,-3.780918836593628,1.3676936626434326,-5.399888515472412,-1.8108487129211426,-7.737050533294678,5.294341087341309,-3.6261942386627197,-5.147949695587158,-4.050502777099609,-8.81854248046875,-10.072378158569336,7.2230353355407715,-6.838758945465088,-8.171075820922852,-3.1838998794555664,-2.481071949005127,1.5968514680862427
198ebd860,-2.523339033126831,1.08950936794281,-0.11801627278327942,3.9236667156219482,-1.6670081615447998,1.172607421875,0.6737316846847534,3.0374906063079834,-3.843776226043701,0.5874572992324829,0.2344174087047577,1.982060432434082,-1.839623212814331,-2.4032328128814697,0.8816718459129333,0.41247862577438354,-2.2562031745910645,-0.9159663915634155,-0.35967302322387695,-0.4466634690761566,0.532020628452301,-1.334212064743042,-0.5469695329666138,0.08383984118700027
19919f02d,-4.933469772338867,3.2191176414489746,-5.850703716278076,4.986744403839111,-0.7192932367324829,-3.376023530960083,-6.4490814208984375,-0.8943743705749512,-4.579866409301758,-2.6589508056640625,-4.183742046356201,-3.9087867736816406,-4.6741533279418945,-1.8665452003479004,5.4258623123168945,-0.1734633445739746,-2.320194721221924,-5.5950493812561035,-0.5727341771125793,-5.304793834686279,-5.834067344665527,1.1085275411605835,-0.3893680274486542,-1.9032748937606812
1993257ef,-3.982276439666748,-2.1320252418518066,-1.4112478494644165,5.637511253356934,-0.9265601634979248,5.276787757873535,-4.918091773986816,-1.5615408420562744,-1.6256359815597534,-2.395845413208008,-2.4957032203674316,-3.9574368000030518,3.989100217819214,-1.0912230014801025,-1.1483447551727295,1.0301942825317383,-5.321597576141357,-4.650461673736572,4.5782060623168945,-2.845261812210083,-2.218268632888794,-1.781233787536621,-0.10469581931829453,-0.08616261929273605
19b06be65,-4.813451290130615,-2.229687213897705,-2.056178569793701,-2.862081527709961,-5.321596145629883,-2.4542763233184814,0.18979418277740479,3.70564866065979,-4.681665420532227,-1.550747275352478,-0.400357723236084,5.050497531890869,-3.903015613555908,-4.064686298370361,-4.193550109863281,-0.02548186480998993,-1.8051272630691528,-1.503078818321228,-3.8552703857421875,0.12123557925224304,0.6087368130683899,-6.252902030944824,0.042436182498931885,-1.9959051609039307
19ed9a1d6,-6.676433563232422,-3.7107009887695312,-3.145127296447754,5.723194122314453,-1.7275450229644775,0.7863056659698486,-1.3461287021636963,-2.6967175006866455,-4.69108247756958,-1.826680064201355,0.39303961396217346,-3.1481714248657227,0.9365053176879883,-4.159347057342529,-3.810926914215088,-2.044236898422241,-3.925377368927002,-2.8771677017211914,0.43911921977996826,-2.5555152893066406,-0.5980199575424194,-4.625424385070801,-1.68625009059906,4.859121322631836
19ee687c1,-0.4959898591041565,0.7709670066833496,1.4310543537139893,2.0554287433624268,-2.642326593399048,-1.364173412322998,-0.956281840801239,0.31872129440307617,-2.6436734199523926,0.27786123752593994,0.13545411825180054,0.38280418515205383,-1.0627403259277344,-1.6997325420379639,-2.1751465797424316,0.1919766515493393,0.11550122499465942,0.30916815996170044,-0.8368181586265564,-0.04061406850814819,0.4889524579048157,-2.6253910064697266,-1.2397619485855103,-1.036771535873413
1a38ab8f7,-4.826040744781494,-1.3992913961410522,-3.411083698272705,3.92472767829895,-3.889587163925171,-1.1358377933502197,-1.549051284790039,4.0213398933410645,-4.528505325317383,-1.196039080619812,-0.9178722500801086,0.9327703714370728,-3.0149998664855957,-3.6067614555358887,-0.6068127155303955,1.302120566368103,-1.808114767074585,-2.187171459197998,-2.0528862476348877,-0.9650596380233765,-0.08589227497577667,-3.0422492027282715,-1.7285797595977783,-0.47173699736595154
1a41bf115,-3.898322105407715,0.6823772192001343,-2.5532450675964355,2.7800545692443848,-3.0413107872009277,-2.989403009414673,0.7842464447021484,-0.9952001571655273,-4.4185638427734375,-0.025558099150657654,-0.9150775671005249,-0.058810412883758545,-3.068767547607422,-2.158372402191162,-2.5847723484039307,1.0051440000534058,4.532047271728516,0.35547935962677,-3.6616458892822266,-1.6505544185638428,-0.016180939972400665,-3.6474556922912598,-1.970956802368164,2.2121853828430176
1a6023cf7,-3.482038736343384,3.574390411376953,3.296917676925659,5.302102565765381,-0.9058718681335449,-0.1559891402721405,-4.309455871582031,2.2616326808929443,-4.107138156890869,-0.21393492817878723,-2.366382598876953,-3.178232431411743,-2.5487027168273926,-1.9442209005355835,0.5472625494003296,0.3744763433933258,-1.9706228971481323,-2.969332695007324,-1.888229250907898,-1.3275080919265747,-1.4642704725265503,2.274044990539551,-1.0284329652786255,-3.0725717544555664
1a6c0de34,-5.083047389984131,-0.5295997858047485,-3.5347402095794678,3.6930601596832275,-5.125926971435547,-2.662233352661133,-0.08062424510717392,4.72287654876709,-5.46044397354126,1.2264206409454346,-0.9020140171051025,1.8070216178894043,-3.829482316970825,-4.095419883728027,-1.0035661458969116,2.6360676288604736,0.11230684071779251,1.313382863998413,-4.032554626464844,-0.7988300323486328,0.3998807370662689,-3.8522732257843018,-2.659651041030884,-2.3425612449645996
1a7620a74,-6.0273590087890625,1.432868242263794,-4.988958835601807,4.072212219238281,-4.6494903564453125,-3.4361464977264404,-1.5610618591308594,3.265475034713745,-5.559964656829834,-1.5637356042861938,-1.732564926147461,0.3667972981929779,-4.792653560638428,-1.7467968463897705,-3.2693710327148438,0.5421521663665771,3.7731356620788574,-1.6398930549621582,-5.002505779266357,-0.9426742196083069,-0.749872088432312,-3.3929519653320312,-2.1283912658691406,-2.1284544467926025
1a863efc9,1.2020447254180908,-5.862892150878906,-4.017238140106201,4.471879005432129,-3.4539034366607666,-2.7558183670043945,-6.257145404815674,-4.021936893463135,-0.42096954584121704,-6.420093536376953,-1.5429632663726807,-7.060883522033691,4.322491645812988,-4.146795749664307,-4.835930824279785,-2.9780170917510986,-7.793222904205322,-9.520846366882324,6.836231231689453,-5.214189529418945,-6.9481048583984375,-4.653797626495361,-1.9046605825424194,1.3866721391677856
1a8e6ed24,-4.690692901611328,-0.5535666346549988,-3.9726157188415527,2.5469436645507812,-4.3414788246154785,-3.7232682704925537,1.5414509773254395,4.207658767700195,-4.86545991897583,-0.5081468820571899,-0.2891516387462616,4.481938362121582,-3.9179179668426514,-4.045591831207275,-1.0668612718582153,2.496774673461914,-0.1051463931798935,-0.3001783490180969,-3.6269001960754395,-1.335750937461853,-0.2034589946269989,-4.630632400512695,-0.9643413424491882,-0.41054028272628784
1ad017dae,2.5422534942626953,-3.1945931911468506,-5.359590530395508,4.830235004425049,-1.6025445461273193,-1.5193332433700562,-5.545076847076416,-1.8423850536346436,-0.3645596504211426,-3.8039541244506836,-1.511531949043274,-5.322942733764648,4.468327045440674,-3.2596819400787354,-4.137359142303467,-1.9855512380599976,-6.488937854766846,-7.60905122756958,6.079737663269043,-5.419405937194824,-6.358757019042969,-2.7891995906829834,-1.6114897727966309,4.758851528167725
1af859e06,-4.980599403381348,-1.1635783910751343,-3.3758301734924316,2.5217995643615723,-4.7302093505859375,-3.4701948165893555,-0.44951218366622925,5.2875823974609375,-4.576874256134033,-1.0006638765335083,-0.6178868412971497,4.025376319885254,-3.906169891357422,-4.549157619476318,-1.5555717945098877,0.5087165832519531,0.22182981669902802,-0.6866788268089294,-3.675065517425537,0.14911702275276184,0.6583461761474609,-3.6505329608917236,-1.7267847061157227,-1.4041943550109863
1b08d91c6,-4.343695640563965,1.8584026098251343,-3.145272970199585,3.630387306213379,-3.134157419204712,-3.3775854110717773,-1.2231802940368652,-1.9247103929519653,-4.707561492919922,0.08398982882499695,-1.7438340187072754,-1.525014042854309,-3.7981491088867188,-1.0398890972137451,-2.9428186416625977,-1.0291029214859009,4.853990077972412,-0.032670825719833374,-3.8787877559661865,-3.013434648513794,-0.6390251517295837,-3.1173644065856934,-2.3688032627105713,-1.4149870872497559
1b1188215,-4.576534748077393,-1.6521849632263184,-2.6337146759033203,2.208967924118042,-4.938473701477051,-2.334665060043335,0.2239149510860443,4.803243637084961,-4.712951183319092,-1.093764066696167,-0.024591602385044098,3.774998188018799,-3.5167629718780518,-4.999630451202393,-0.9460581541061401,2.237281322479248,-1.3982024192810059,-1.0257881879806519,-3.1635658740997314,0.08821578323841095,0.17753763496875763,-4.106091499328613,-1.220918893814087,-1.1581846475601196
1b171eeb9,-2.3764753341674805,0.26724371314048767,-1.0422332286834717,1.5377967357635498,-0.6856059432029724,-1.2627766132354736,-0.8674092292785645,-0.6349721550941467,-2.782872200012207,0.7140777707099915,-1.1287097930908203,-0.42691367864608765,-0.6547809839248657,-1.5464271306991577,-0.9818652868270874,-0.36505600810050964,1.585544228553772,0.19545197486877441,-0.3886462450027466,-0.8303206562995911,0.43713128566741943,-0.7204397320747375,-2.1356730461120605,-0.7510181069374084
1b97f921c,-0.18790599703788757,-0.7349042296409607,-0.48862767219543457,0.5345122218132019,-1.848707675933838,1.4511821269989014,0.17043536901474,-0.27424466609954834,-1.8906501531600952,-0.6147682666778564,0.9872389435768127,-0.4305676817893982,-0.042743172496557236,-1.8615868091583252,1.239183783531189,0.1905425488948822,-2.28195858001709,-1.701171875,2.0644869804382324,0.552581787109375,0.11835440248250961,-2.5717620849609375,-0.5829997062683105,0.38902607560157776
1b9e29ee0,-0.7514519095420837,-1.0017480850219727,-0.8119229078292847,3.201165199279785,-1.9798688888549805,-0.2705647051334381,-1.6990883350372314,1.0293307304382324,-2.193514823913574,0.13440348207950592,-0.3741545081138611,-0.5312162637710571,1.9017999172210693,-2.5345096588134766,1.1676684617996216,2.5010125637054443,-2.4175796508789062,-1.41191828250885,2.262413263320923,-0.12788930535316467,0.6838919520378113,-2.5126798152923584,-0.7250544428825378,0.33490097522735596
1c1999ed5,-3.102855682373047,-0.5224896669387817,2.026021957397461,3.0546302795410156,-1.3094916343688965,0.9798824787139893,-2.180126190185547,-0.09363187849521637,-2.219877243041992,0.1883467435836792,-1.163612961769104,-1.1437631845474243,1.5344288349151611,-0.5984436273574829,-0.860034704208374,-0.1611495316028595,-1.807703971862793,-1.0914031267166138,0.9153493642807007,-0.16871565580368042,0.8420974612236023,-1.1571085453033447,-0.7211076617240906,-0.9266984462738037
1c4bd2220,-5.031064033508301,2.5817935466766357,-3.153001546859741,4.126255035400391,-2.850532293319702,-3.476912021636963,-2.6999623775482178,-1.4397761821746826,-4.838658809661865,-1.799572467803955,-2.190150499343872,-2.5063624382019043,-4.31331205368042,-1.015986442565918,-3.058079242706299,-1.1875314712524414,5.174996376037598,-1.6178154945373535,-4.554810047149658,-2.5264170169830322,-1.8008625507354736,-1.6149530410766602,-1.796054482460022,-2.439328193664551
1c5bc7532,6.530246734619141,-4.995401859283447,-4.720123291015625,3.5502707958221436,-1.9636263847351074,-2.93827748298645,-6.457035064697266,-3.1486384868621826,4.364025592803955,-4.68693208694458,-0.4744296073913574,-6.301727771759033,3.560117721557617,-2.379777431488037,-4.1731367111206055,-3.865873336791992,-6.099609375,-8.136175155639648,7.6235222816467285,-5.088479995727539,-6.552736759185791,-2.2991209030151367,-2.5680694580078125,0.6888079643249512
1c5dd4d8c,-6.420188903808594,2.024796724319458,-6.200550556182861,5.827576160430908,-3.2927658557891846,-3.2577626705169678,-4.2532639503479,4.439082145690918,-6.955498695373535,-3.2849652767181396,-3.582153558731079,-0.8049823641777039,-6.414247989654541,-4.480080604553223,7.655637264251709,3.988718032836914,-4.507730960845947,-5.629724502563477,-1.8457729816436768,-3.2462711334228516,-4.954701900482178,-2.1245996952056885,-0.9235789775848389,-3.6010794639587402
1c6f5b86c,-4.2521443367004395,-1.3697599172592163,-3.115320920944214,4.0103983879089355,-4.048274993896484,-3.1457090377807617,-0.5144070982933044,5.681912422180176,-4.132515907287598,-0.2128598392009735,0.15886861085891724,5.130547523498535,-3.022768974304199,-5.1260857582092285,-0.2315898835659027,2.1437108516693115,-1.4843183755874634,-0.41781866550445557,-2.0658552646636963,-0.4625101387500763,1.1965646743774414,-3.4340744018554688,-1.3773658275604248,-1.949907898902893
1c80e3954,-5.521777153015137,-6.205359935760498,-6.550319671630859,5.922842979431152,-1.8418512344360352,0.5301001667976379,-6.413686752319336,-5.871021270751953,-1.5276919603347778,-5.591039180755615,-2.4756832122802734,-7.661135673522949,5.1201701164245605,-3.050682306289673,-6.602541446685791,-3.9235565662384033,-7.688137531280518,-7.689375877380371,4.6995649337768555,-4.810607433319092,-5.6214518547058105,-4.617422103881836,-0.7592161893844604,4.4982476234436035
1ca795071,-5.053371429443359,-1.2066864967346191,-1.37521231174469,-0.9335102438926697,-5.079881191253662,-2.876241683959961,-1.7402336597442627,-1.2551374435424805,-4.93205451965332,-1.561151385307312,-1.8675230741500854,-1.2352534532546997,-3.332371234893799,-2.7581992149353027,-5.101672172546387,-1.3580293655395508,2.6377999782562256,-2.461609125137329,-2.824206829071045,-0.7928197383880615,0.5594311356544495,-5.771925449371338,-3.395216941833496,-2.444645404815674
1cae43e22,-2.242783308029175,-3.896815776824951,-4.345530986785889,5.261203765869141,-0.564195990562439,1.5028010606765747,-6.747450351715088,-3.337249755859375,2.1025989055633545,-4.8337249755859375,-2.9824509620666504,-5.831132888793945,5.8866496086120605,0.18860319256782532,-3.732316493988037,-2.2018373012542725,-5.332489013671875,-6.973129749298096,5.608160972595215,-3.714069366455078,-5.04636812210083,-1.0384169816970825,-0.3359285593032837,-0.7369200587272644
1caf0abe1,-5.973025321960449,-3.940793514251709,-2.9454894065856934,5.339926242828369,-1.4782246351242065,0.5060458183288574,-2.5119779109954834,-2.7730841636657715,-3.749396324157715,-2.2859866619110107,-0.2240569293498993,-3.994408130645752,1.7971572875976562,-3.9137632846832275,-3.2293076515197754,-1.9407148361206055,-4.852932929992676,-3.313838481903076,1.1709802150726318,-3.1732635498046875,-1.2566871643066406,-3.484286069869995,-1.6493691205978394,3.9886651039123535
1ccffffde,-0.9016927480697632,-1.44826078414917,-0.15170502662658691,2.850147247314453,-2.04819655418396,-0.5529060959815979,-4.249593257904053,-0.2529224157333374,-1.9481384754180908,-2.578526735305786,-0.827935516834259,-3.302945613861084,0.9427845478057861,-2.568808078765869,1.0231565237045288,-2.0622596740722656,-4.111956596374512,-4.758125305175781,4.216597557067871,-0.48191148042678833,-2.6977672576904297,-1.5233519077301025,-1.512007474899292,-0.8837389349937439
1cdc3632e,-2.350006341934204,-4.497044563293457,-5.205486297607422,5.27042293548584,-2.8646440505981445,-2.064926862716675,-7.679862976074219,-4.188772678375244,-1.2846342325210571,-5.830296039581299,-3.165292501449585,-7.3677077293396,5.041403770446777,-2.9063963890075684,-3.208265781402588,-2.396547794342041,-7.729839324951172,-8.938499450683594,5.992568016052246,-6.264091968536377,-7.109895706176758,-3.1511120796203613,-1.7729864120483398,0.23868876695632935
1cef3807e,7.37697696685791,6.030284881591797,-4.066263675689697,5.0913591384887695,-0.18370923399925232,-5.208305358886719,-5.573641777038574,-2.74537992477417,-2.0210092067718506,1.7931509017944336,-2.344365119934082,-5.973505020141602,5.2568464279174805,-1.9649646282196045,-2.244338035583496,-1.4788475036621094,-6.0243024826049805,-9.143031120300293,6.610396862030029,-6.142537593841553,-7.9368896484375,-1.2574920654296875,-3.447985887527466,1.1063231229782104
1d1d07484,-2.2430505752563477,-4.801422119140625,-3.817518949508667,4.988315582275391,-3.945420026779175,-1.7519266605377197,-6.502223014831543,-2.9739325046539307,-1.5988889932632446,-5.589746475219727,-1.566211223602295,-6.4304375648498535,4.016617298126221,-3.8343987464904785,-2.372637987136841,-1.8610026836395264,-7.2110748291015625,-7.9767165184021,5.576503753662109,-4.475861549377441,-5.655051231384277,-4.655104160308838,-1.9018968343734741,0.22737319767475128
1d2634157,-3.2002527713775635,2.807413101196289,-2.830832004547119,3.720158338546753,-2.7798070907592773,-3.3749208450317383,-0.05953160673379898,-0.5099678635597229,-3.942159414291382,3.53875732421875,-0.6233881115913391,0.9414764642715454,-2.4692773818969727,0.4056280553340912,-1.5893652439117432,-0.029939591884613037,4.89617919921875,4.365454196929932,-2.513679027557373,-1.1300636529922485,0.75684654712677,-2.098480701446533,-2.661167860031128,-1.0892797708511353
1d2cf3d4c,-4.643876552581787,-3.0252180099487305,-3.6200671195983887,5.858856678009033,0.49839234352111816,1.6413012742996216,-4.765960693359375,-3.3628759384155273,-2.5776772499084473,-3.1631369590759277,-2.076491117477417,-5.045623779296875,4.506941318511963,-3.4669101238250732,-2.6331167221069336,-1.3489781618118286,-6.839550971984863,-5.618106365203857,4.452352523803711,-3.88543701171875,-4.5449934005737305,-1.9355977773666382,-0.5855027437210083,5.2757673263549805
1da16d6f3,-0.801062822341919,-0.11180092394351959,0.6113608479499817,3.8727126121520996,-0.5370142459869385,3.763308525085449,-1.6695352792739868,0.7196765542030334,-1.305017352104187,-0.030308231711387634,-0.4320414662361145,-1.5781981945037842,1.9685554504394531,-1.9531936645507812,1.3129669427871704,0.36089450120925903,-2.669766902923584,-1.239280104637146,2.4639031887054443,-0.15931880474090576,0.0835021436214447,-1.1134202480316162,-0.6507704257965088,0.040396541357040405
1dab35cfd,1.803472876548767,-0.13930419087409973,0.5356462001800537,1.2954789400100708,-1.3544647693634033,0.5279303193092346,0.35589975118637085,1.3236886262893677,-0.2812235355377197,0.5158379673957825,7.082967281341553,0.6433849930763245,-0.6344869136810303,-1.5564464330673218,0.9630183577537537,0.5383199453353882,-2.087388515472412,-1.0966978073120117,2.405543327331543,0.4597729742527008,0.7752111554145813,-2.226653575897217,0.04343422129750252,0.924850344657898
1dcddefff,5.859879493713379,-5.042383193969727,-4.924836158752441,4.455626487731934,-3.96757173538208,-3.7533838748931885,-7.0224289894104,-3.3915517330169678,1.900963306427002,-6.227020263671875,-0.6702844500541687,-7.600763320922852,4.52943754196167,-4.337935447692871,-5.823077201843262,-3.7277848720550537,-9.260719299316406,-10.417839050292969,7.773005485534668,-6.387306213378906,-7.927387714385986,-4.313523769378662,-2.2056169509887695,1.6852023601531982
1de9987d9,-1.6709403991699219,-0.03783619403839111,0.4695885181427002,1.5472947359085083,-1.1664555072784424,0.9647448062896729,0.2090124487876892,3.3920669555664062,-3.024672508239746,0.9524924159049988,-0.023083306849002838,1.2275177240371704,-0.7026638984680176,-2.8931572437286377,0.25038743019104004,0.8401520252227783,-1.798508644104004,-0.008928000926971436,-0.7958050966262817,0.891627848148346,1.2155638933181763,-2.0493645668029785,-1.2102763652801514,2.5990731716156006
1df388a1d,-1.6454694271087646,-3.1352498531341553,-5.0777387619018555,5.4229254722595215,-0.5985610485076904,-1.3955367803573608,-7.327563762664795,-4.104660987854004,2.2436838150024414,-4.891314506530762,-3.750235080718994,-6.622245788574219,5.834451675415039,-0.4913133382797241,-3.7699012756347656,-2.9137465953826904,-6.218415260314941,-8.159040451049805,5.979585647583008,-5.046485900878906,-6.570785999298096,-0.20444458723068237,0.7482264637947083,-0.41102972626686096
1df93a50a,-2.4706573486328125,-3.525371551513672,-1.5936444997787476,3.938628673553467,-2.4779815673828125,1.018039584159851,-5.341188907623291,-2.6433286666870117,-0.7180009484291077,-3.9415054321289062,-1.3299967050552368,-5.173521995544434,3.8800384998321533,-2.4524669647216797,-1.615971326828003,-1.6677875518798828,-6.114322185516357,-5.91763973236084,4.674891948699951,-2.3274900913238525,-3.1700713634490967,-3.260753631591797,-0.8616153597831726,-0.39939403533935547
1e0138ef6,-1.8772683143615723,-3.4997317790985107,-5.167888164520264,5.217809200286865,-0.596308708190918,-0.9220505356788635,-6.863258361816406,-4.5521135330200195,0.13270729780197144,-4.215372562408447,-3.1845130920410156,-7.079726219177246,5.764509201049805,-2.2740652561187744,-2.043041229248047,-3.997448444366455,-7.570415496826172,-7.55301570892334,5.672055244445801,-5.227061748504639,-6.163091659545898,-1.0888278484344482,-1.1558325290679932,1.910786509513855
1e0a01132,-3.917351722717285,2.072598934173584,-3.6139698028564453,3.539015531539917,-2.326463222503662,-3.3359551429748535,-1.9616581201553345,-1.9525871276855469,-4.147181510925293,-0.3118800222873688,-2.5065436363220215,-2.0914926528930664,-3.625838279724121,-0.8621352910995483,-1.5485972166061401,-1.1573024988174438,4.867035865783691,-0.16137051582336426,-3.5396673679351807,-3.683882236480713,-1.4390603303909302,-1.6645005941390991,-2.1737301349639893,-1.629935383796692
1e58a00a3,-3.5495784282684326,-1.6160829067230225,-1.213592767715454,5.056814193725586,0.30351588129997253,5.549159049987793,-2.2327561378479004,0.5861272811889648,-1.28323495388031,-1.550394058227539,0.4637177288532257,-0.7850873470306396,2.6621203422546387,-0.4332239031791687,-1.679079532623291,1.232018232345581,-4.373149871826172,-2.6656079292297363,2.6569018363952637,-2.0974767208099365,1.4159131050109863,-2.761756420135498,0.2483716905117035,2.3297176361083984
1e5c121b3,6.239361763000488,-5.692151069641113,-5.48250675201416,4.374664306640625,-2.819301128387451,-4.737802982330322,-8.038762092590332,-3.8644051551818848,3.6244332790374756,-6.397326946258545,-1.102672815322876,-8.016956329345703,4.167571067810059,-3.6285266876220703,-5.668185234069824,-4.594956874847412,-8.250575065612793,-10.975961685180664,8.319937705993652,-6.193179130554199,-8.94314956665039,-3.6223769187927246,-2.9999892711639404,0.8291321992874146
1ea169e31,-4.478130340576172,-1.2091556787490845,-0.7246519327163696,-2.651829957962036,-4.033150672912598,-1.0755596160888672,0.36850255727767944,2.7354862689971924,-4.412160873413086,0.29645201563835144,-0.2895124554634094,3.5390191078186035,-2.6229305267333984,-3.2961528301239014,-2.564279317855835,0.012098949402570724,-1.4375450611114502,-0.26070183515548706,-2.842844009399414,0.5878414511680603,1.6647140979766846,-4.655470848083496,-1.2286545038223267,-0.8869473338127136
1ea38590f,-1.2453705072402954,-1.5586884021759033,-0.4114614427089691,3.265956401824951,-1.8767704963684082,3.1444082260131836,-2.428900957107544,-0.987012505531311,-1.8383623361587524,-1.7447803020477295,-0.09166493266820908,-2.6189942359924316,1.2479206323623657,-2.345806360244751,0.18087798357009888,0.14021015167236328,-3.475062608718872,-2.846433401107788,3.024851083755493,-0.8522630929946899,-0.7540187835693359,-2.4494824409484863,-1.0870060920715332,-0.5789328813552856
1eac8b319,-0.36805254220962524,0.19941556453704834,1.0987772941589355,3.865156650543213,0.9745848178863525,0.5623053312301636,-3.381091356277466,-0.7069249153137207,1.0250170230865479,-1.2513269186019897,-1.5442404747009277,-2.4725124835968018,4.196310520172119,-0.5796493291854858,1.534003734588623,-0.7253162860870361,-4.0579447746276855,-3.498152017593384,4.123040199279785,-0.9729659557342529,-2.051717519760132,0.7728270888328552,-0.5021401643753052,-0.656309187412262
1efcccce4,6.946335792541504,6.3276824951171875,-4.465321063995361,5.711189270019531,-0.14889085292816162,-4.786547660827637,-3.846975088119507,-1.8576191663742065,-2.163809299468994,4.828423976898193,-1.919705867767334,-3.531491994857788,5.445749282836914,-1.6154780387878418,-1.5355812311172485,2.7071423530578613,-4.366234302520752,-5.824133396148682,6.324741363525391,-5.617883205413818,-6.401124954223633,-0.5539283752441406,-3.1619458198547363,0.6058760285377502
1f23d5322,2.988335132598877,4.0880842208862305,-0.6025692820549011,3.4246914386749268,-0.06773111969232559,-1.4846478700637817,-1.8963007926940918,0.12531545758247375,-3.0930800437927246,1.3070610761642456,-0.6763105392456055,-1.4224414825439453,0.8117231130599976,-1.023119568824768,0.40386244654655457,0.5477155447006226,-1.8518306016921997,-2.880850076675415,2.2658538818359375,-2.0542309284210205,-2.062260627746582,-0.8270984292030334,-1.4439104795455933,1.1003108024597168
1f23d7fbd,-0.6211645603179932,1.8395578861236572,0.24197514355182648,0.10568846017122269,-1.7434695959091187,-0.6838511824607849,0.165426567196846,-0.3537325859069824,-3.1525752544403076,0.8910041451454163,-0.7029245495796204,0.1248944029211998,-0.6005587577819824,-2.120197057723999,-0.38150015473365784,3.472975015640259,0.23790286481380463,-0.5860626697540283,0.6800955533981323,-0.41943609714508057,0.6020596623420715,-2.8154778480529785,-1.3538075685501099,0.06084205210208893
1f2f7f4b4,-6.323102951049805,4.406318187713623,-4.573176383972168,5.564650058746338,-5.245890140533447,-6.150729656219482,-5.200511455535889,-3.1829802989959717,-7.8335676193237305,-3.9747045040130615,-3.7352795600891113,-4.764730453491211,-6.3115925788879395,-0.2637568712234497,-5.347303867340088,-1.4422942399978638,6.917644500732422,-4.891348361968994,-6.717322826385498,-5.578511714935303,-3.763835906982422,-4.313058853149414,-3.287339210510254,-3.996300220489502
1f620384b,-2.8465888500213623,0.22584207355976105,4.805500030517578,3.538163900375366,-0.28658685088157654,3.668250560760498,-2.788724899291992,-1.261296272277832,-0.8631516098976135,-1.1311044692993164,-1.7976258993148804,-2.0763843059539795,4.380972862243652,0.23931784927845,-1.855666995048523,-0.13801704347133636,-2.3630123138427734,-2.842866897583008,2.691425085067749,0.388121098279953,-0.19675053656101227,-1.0155599117279053,-0.4855573773384094,-0.45190152525901794
1f677b66a,-3.0593724250793457,1.4723243713378906,3.014270305633545,3.983473300933838,-2.067556858062744,0.9574888944625854,-1.9142991304397583,2.332850217819214,-4.520004749298096,-0.0013143420219421387,-0.26020294427871704,-1.2629197835922241,-1.1847885847091675,-2.678652286529541,-1.4376976490020752,0.3530886471271515,-2.647392749786377,-1.9200787544250488,-1.497683048248291,-0.44189372658729553,0.4425261914730072,-1.3765336275100708,-1.0746562480926514,1.1464526653289795
1f6a464e3,-1.7132999897003174,-4.603440284729004,-3.601105213165283,4.876951694488525,-3.0241963863372803,-1.283738136291504,-6.335765361785889,-2.962921619415283,-1.978214144706726,-5.020026206970215,-1.7002530097961426,-5.999752998352051,3.490110158920288,-3.9067773818969727,-1.8626831769943237,-2.159121036529541,-7.124055862426758,-7.471227645874023,5.413765907287598,-3.8791682720184326,-4.771872043609619,-3.9347610473632812,-1.895942211151123,0.4751995801925659
1fbbf279a,-4.159409523010254,-1.8661375045776367,-1.5503942966461182,-2.0109009742736816,-4.74653434753418,-2.9913673400878906,0.6009451150894165,2.98009991645813,-4.259430885314941,-1.328934669494629,-0.3628387451171875,4.433361530303955,-3.3310346603393555,-4.061234474182129,-3.1226892471313477,0.7801001071929932,-1.5171456336975098,-1.1598355770111084,-3.176408529281616,-0.1829548180103302,0.5149071216583252,-5.558392524719238,-0.6072283387184143,-1.9978283643722534
1feb08603,1.9148216247558594,-0.3519236445426941,0.6979478001594543,-1.0828443765640259,-2.6149277687072754,-1.397282600402832,-1.0456558465957642,0.2013750672340393,-2.507965564727783,0.2633436918258667,0.580139696598053,-0.6349958181381226,-0.862010657787323,-3.205064296722412,-0.6316461563110352,-0.9257697463035583,-1.4692984819412231,-1.2361726760864258,2.4487698078155518,-0.10952123254537582,-0.16807933151721954,-3.1976566314697266,-2.2404916286468506,-0.4176291823387146
20230e9b1,-1.9603538513183594,-4.585995674133301,-3.9243204593658447,5.495224952697754,-3.0524051189422607,-1.251123309135437,-6.349037170410156,-2.919184923171997,-1.3107244968414307,-5.417638778686523,-1.741208791732788,-6.515714645385742,4.528881072998047,-3.440183639526367,-3.034231662750244,-2.7289350032806396,-7.0488762855529785,-8.166374206542969,5.760069847106934,-5.00493860244751,-5.851587295532227,-3.816086530685425,-1.8821823596954346,0.9800724983215332
204c8a6c3,0.7351438403129578,-4.514130592346191,-1.311964750289917,2.579869270324707,-3.4968655109405518,-2.0685248374938965,-4.523536682128906,-2.281719207763672,-0.9312714338302612,-4.3054704666137695,-0.6245994567871094,-4.414726734161377,2.5615756511688232,-4.0758891105651855,-3.377469062805176,-2.4423820972442627,-5.401466369628906,-6.583590030670166,5.629100799560547,-2.2284364700317383,-3.670044422149658,-4.47553014755249,-1.9016451835632324,0.8464372158050537
205bc47aa,-4.245607376098633,3.866696357727051,-4.727045059204102,4.634944915771484,-1.7348368167877197,-3.355315923690796,-5.261175155639648,0.4860633611679077,-5.269681930541992,-1.88381028175354,-3.5059924125671387,-3.1072094440460205,-5.666231632232666,-2.4201836585998535,4.837210655212402,-0.841183602809906,-1.5495799779891968,-4.3660736083984375,-2.083592414855957,-3.9810972213745117,-4.530979156494141,0.638087272644043,-0.24166905879974365,-2.688117504119873
2071ca51a,6.865231990814209,6.37451171875,-4.365126609802246,5.0313591957092285,0.16697199642658234,-4.298491477966309,-4.766104221343994,-1.3717458248138428,-1.848556399345398,3.694335460662842,-2.0688223838806152,-3.8413596153259277,4.9694905281066895,-2.023726224899292,-1.4355659484863281,-0.7544441223144531,-4.73586893081665,-6.576936721801758,5.995579719543457,-5.0570478439331055,-6.669181823730469,-0.8919093608856201,-0.9570983648300171,1.2366608381271362
208597b8c,-2.9045052528381348,0.44647321105003357,4.453033447265625,4.088590621948242,1.0811917781829834,-0.6316523551940918,-3.806769371032715,-2.2997243404388428,-2.157893657684326,-1.0607956647872925,-3.875797748565674,-3.1570286750793457,4.278113842010498,1.260655164718628,-1.6849318742752075,-0.9106894731521606,-2.0976369380950928,-4.0147385597229,3.746358633041382,-0.03148292005062103,-2.153477907180786,0.47484955191612244,-1.673100233078003,-2.621835470199585
20af031a5,-5.424746513366699,1.2729260921478271,-7.02531623840332,5.20928955078125,0.32174181938171387,-2.9056813716888428,-5.7005462646484375,-0.9785060882568359,-4.873865127563477,-3.704587697982788,-3.6461164951324463,-2.537444591522217,-4.976349830627441,-1.4930920600891113,7.364236831665039,1.666670799255371,-4.8631439208984375,-7.162453651428223,1.7286529541015625,-5.312630653381348,-6.002721309661865,1.7811567783355713,-0.7325507402420044,-1.5005329847335815
20f5fe372,-3.6754236221313477,1.1967214345932007,0.4356405735015869,3.968479633331299,-2.2469825744628906,1.1802483797073364,-1.9279452562332153,2.541321277618408,-4.781827926635742,0.5241460800170898,-0.5170722007751465,-1.976820707321167,-1.6086146831512451,-2.490241050720215,0.33538171648979187,0.5810443162918091,-2.5537731647491455,-1.4514683485031128,-0.6663872003555298,-1.1109164953231812,0.6131274700164795,-1.1420401334762573,-1.7964473962783813,-0.5986281037330627
212e01f98,-5.048213958740234,-0.8723764419555664,-2.7550816535949707,3.051243782043457,-4.875443935394287,-1.9809014797210693,1.0045350790023804,3.24822735786438,-5.009370803833008,1.2932835817337036,-0.012913346290588379,1.6072291135787964,-2.9939537048339844,-4.680375576019287,-0.9643495082855225,3.1718130111694336,-0.3596750795841217,1.608164668083191,-3.5876965522766113,-0.30247315764427185,1.494046926498413,-4.765186309814453,-1.7480266094207764,-0.9294402599334717
2138680f1,-0.23446184396743774,-0.1857748180627823,-4.659588813781738,6.175862789154053,4.358129501342773,-1.1091477870941162,-6.2744879722595215,-3.1401724815368652,4.905783653259277,-1.3615925312042236,-4.170594215393066,-4.739933967590332,7.199430465698242,2.5091066360473633,1.2078471183776855,-2.166189193725586,-4.4232025146484375,-5.536827087402344,6.700760841369629,-4.864016532897949,-5.032889366149902,4.956378936767578,-0.6641212105751038,-1.052361249923706
2154999b8,-3.242548704147339,-1.1051054000854492,0.6372700929641724,3.3377339839935303,-1.3837300539016724,0.7174957990646362,-1.943027377128601,-0.4408777356147766,-2.5032119750976562,-0.3779059052467346,-0.4410064220428467,-1.5023640394210815,0.9993085265159607,-0.5814460515975952,-0.5433441400527954,0.7720863223075867,-2.5940518379211426,-1.8903905153274536,1.0550789833068848,-0.968792200088501,1.0498037338256836,-1.7086646556854248,-0.02338823676109314,-0.9471970200538635
21750cfe1,0.217920184135437,-0.5863560438156128,-4.686056137084961,6.507104396820068,4.732812881469727,-1.2770743370056152,-6.748407363891602,-3.379889488220215,4.281163215637207,-1.4985740184783936,-4.535735607147217,-5.187619686126709,7.255685806274414,2.2931509017944336,0.927165687084198,-2.738856315612793,-4.477503299713135,-6.158998489379883,6.615249156951904,-5.441162109375,-5.73679256439209,5.246935844421387,-1.4943104982376099,-1.5630879402160645
218ec8afe,-3.069949150085449,1.0605744123458862,-3.6739821434020996,4.192936897277832,-1.2365126609802246,-2.0767805576324463,-2.5865044593811035,-0.0921998918056488,-4.9154863357543945,0.44024020433425903,-1.7402299642562866,-1.22606360912323,-3.8378243446350098,-3.418449640274048,6.206406116485596,2.5163893699645996,-3.958281993865967,-1.308146357536316,0.8854279518127441,-3.055424928665161,-2.4854376316070557,-1.1768488883972168,-1.049591302871704,-1.6314367055892944
2194860bd,-3.9844179153442383,-1.1127080917358398,-4.277153491973877,3.983431100845337,-0.7424948811531067,-2.4967262744903564,-8.060026168823242,-2.0759706497192383,-3.386739730834961,-4.777508735656738,-3.0288143157958984,-5.703486442565918,-0.7006937265396118,-4.752291679382324,4.712647438049316,-4.504576206207275,-7.015625,-8.409096717834473,4.232464790344238,-4.497644424438477,-5.592484951019287,1.6985002756118774,-2.3802847862243652,-0.8083668947219849
21979f709,5.718717575073242,-5.627408027648926,-5.316986083984375,4.216159343719482,-3.064133882522583,-3.9246346950531006,-7.377695560455322,-3.351762056350708,3.807934522628784,-6.247096538543701,-0.4599226713180542,-7.341936111450195,3.7870283126831055,-3.3635916709899902,-5.385429382324219,-3.7868006229400635,-8.051166534423828,-9.798480033874512,7.880675792694092,-5.972305774688721,-8.043801307678223,-3.5204243659973145,-2.397778034210205,0.8916219472885132
21c4f0060,1.9533640146255493,0.605410099029541,0.9150997996330261,0.47785240411758423,-1.3844959735870361,-0.1948716789484024,-0.9178521633148193,0.428274005651474,-0.9496043920516968,-0.39311647415161133,0.5691456198692322,0.34346938133239746,0.24672800302505493,-1.9145982265472412,-0.08062474429607391,0.08585502207279205,-1.4699406623840332,-2.0125539302825928,2.623185873031616,1.009340524673462,-0.1537051796913147,-1.7374368906021118,4.845615386962891,1.785586953163147
21cca6989,-5.967848777770996,3.047650098800659,-4.407410621643066,5.266463756561279,-3.3725409507751465,-4.540437698364258,-3.4799251556396484,-2.446877956390381,-6.087230682373047,-2.038933515548706,-3.008622169494629,-3.493068218231201,-5.65424108505249,-1.010968565940857,-3.5624146461486816,-1.5972758531570435,5.528036117553711,-2.2018423080444336,-5.722560882568359,-4.843263626098633,-2.668081283569336,-2.074702262878418,-2.3450918197631836,-2.8653430938720703
21e7dae48,-3.924126625061035,-0.03519612178206444,-2.427818536758423,2.8041067123413086,-2.682598829269409,-2.368734359741211,1.3621723651885986,0.10676936060190201,-3.6783788204193115,3.377808094024658,-0.1999719738960266,1.5332696437835693,-2.5877938270568848,-1.8754777908325195,-2.0473804473876953,1.1676089763641357,3.192387104034424,4.587250709533691,-2.922746419906616,-1.958735704421997,1.3319826126098633,-3.0990867614746094,-2.5209760665893555,0.7366065979003906
21eb2ed38,-7.203804969787598,-2.3883371353149414,-5.2568817138671875,1.6066930294036865,-7.044084548950195,-4.237754821777344,-0.22081777453422546,5.594857692718506,-6.093379020690918,-1.9663097858428955,-1.5862869024276733,5.199724197387695,-6.2415313720703125,-5.336480140686035,-5.381630897521973,0.9269781112670898,2.34977388381958,-1.4435052871704102,-6.626039981842041,0.22473911941051483,0.22513121366500854,-6.889409065246582,-2.0974602699279785,-3.4356095790863037
21ece8f8e,-2.911562919616699,-2.6777801513671875,-4.312456130981445,5.430755138397217,-1.6506927013397217,-2.1625232696533203,-7.933197975158691,-4.302975177764893,-1.0403831005096436,-4.45497989654541,-3.514586925506592,-7.731748104095459,5.600530624389648,-2.3470711708068848,-2.0528430938720703,-2.5739059448242188,-6.934459686279297,-8.525298118591309,5.944411754608154,-6.0236496925354,-6.646954536437988,-1.105940580368042,-1.9259270429611206,0.42359986901283264
22351e4b3,2.5832555294036865,3.8758959770202637,-0.4316186308860779,2.8590738773345947,-0.146036297082901,-1.3738620281219482,-0.7841798067092896,0.24728845059871674,-1.9633830785751343,2.349255323410034,-0.2590159475803375,-0.3508046269416809,0.9959971308708191,-0.8410655856132507,0.07805199921131134,1.2732402086257935,0.003983154892921448,-1.7086485624313354,1.7833642959594727,-1.5678215026855469,-1.2751288414001465,-0.9180833101272583,-0.5064813494682312,1.9150421619415283
223dd452d,-1.872096061706543,-3.899322032928467,-2.452810764312744,4.9238152503967285,-2.8103551864624023,-1.9274606704711914,-6.160609245300293,-2.9795758724212646,-1.309609293937683,-4.464355945587158,-1.7759382724761963,-5.847986221313477,4.643996715545654,-3.218174934387207,-1.4381872415542603,-2.5334815979003906,-6.545246124267578,-7.363152980804443,5.659657955169678,-3.725933074951172,-4.953537940979004,-2.9159927368164062,-2.2199926376342773,-0.1409594714641571
225c4c77e,-3.8672733306884766,3.2013607025146484,-4.5473809242248535,5.448602676391602,-2.871563673019409,-4.680109977722168,-2.9046483039855957,-1.8872132301330566,-4.748357772827148,-0.7334891557693481,-2.380826711654663,-2.024106502532959,-4.313000202178955,-0.22613054513931274,-2.741046190261841,-0.5983104705810547,6.465913772583008,-0.7729384303092957,-4.297628879547119,-3.9632456302642822,-2.257436513900757,-1.9937734603881836,-2.212040662765503,-2.758737087249756
2266f89ed,5.9309916496276855,-4.9948506355285645,-4.995111465454102,4.296844482421875,-4.034778118133545,-2.8670742511749268,-6.295748233795166,-2.2877182960510254,1.4676958322525024,-5.665166854858398,0.28703194856643677,-6.420339107513428,3.571868419647217,-4.306809425354004,-4.940861701965332,-2.92927622795105,-8.629586219787598,-9.388330459594727,7.396376609802246,-5.450326919555664,-6.9255900382995605,-4.936803817749023,-1.8327234983444214,2.4917385578155518
226daf7a4,-0.505065381526947,-0.9082884788513184,-1.1661382913589478,2.573378562927246,-3.2056527137756348,-0.4794950485229492,-0.2011539191007614,2.5045833587646484,-2.850961923599243,-0.42450886964797974,1.3156877756118774,0.0608382523059845,-1.772472858428955,-3.346615791320801,-0.31686609983444214,0.7324640154838562,-2.189955472946167,-0.8168361783027649,-0.22803470492362976,-0.4861612319946289,0.22881051898002625,-2.954185724258423,-1.4293818473815918,0.2992292642593384
226fdd52e,-1.105151891708374,-0.30599573254585266,0.14617396891117096,2.81254243850708,-1.2660325765609741,1.5259332656860352,-2.0890190601348877,0.03222350776195526,-2.169828176498413,-0.5379855036735535,-0.19096575677394867,-1.3996864557266235,1.394050121307373,-1.8667994737625122,1.0144809484481812,0.5351980924606323,-3.2379961013793945,-2.1494922637939453,3.341928720474243,0.3044377565383911,-0.1273963451385498,-2.2504966259002686,0.5401926636695862,-0.01637117564678192
228ec2e44,-1.1902477741241455,-1.0594487190246582,-0.4337443709373474,1.6995782852172852,-1.4218083620071411,0.09498097002506256,-3.1736531257629395,-0.16546307504177094,-2.5111396312713623,-0.8434209823608398,-1.221004843711853,-2.1432347297668457,1.4101333618164062,-2.0723984241485596,0.9113166332244873,-0.7753538489341736,-3.7501778602600098,-2.2857959270477295,3.254258632659912,-0.36533039808273315,-1.0967167615890503,-1.8695800304412842,-1.499344825744629,-0.6265765428543091
229445f97,-3.4269790649414062,0.5595324635505676,4.464092254638672,3.533855676651001,-2.300323963165283,0.40190833806991577,-1.6764097213745117,0.8245171308517456,-4.284136772155762,-0.01016397774219513,0.060140952467918396,-1.281755805015564,-0.7478045225143433,-3.031437873840332,-2.402752161026001,-0.49576207995414734,-2.6848840713500977,-1.689929723739624,-1.4122463464736938,-0.9480111002922058,0.22346138954162598,-2.096238613128662,-0.931024432182312,1.438434362411499
22bf34d57,-1.112267255783081,-4.046023845672607,-5.055779457092285,5.729116916656494,-1.3396300077438354,0.0470099151134491,-7.283052921295166,-3.911759853363037,2.7434237003326416,-5.262022972106934,-3.2774016857147217,-6.635918140411377,5.856849193572998,-0.46175673604011536,-3.8258731365203857,-1.47743558883667,-6.639285087585449,-8.336380004882812,5.662191390991211,-5.178380012512207,-6.193641662597656,-0.8676509857177734,-0.42060452699661255,-0.4772588312625885
231b751a6,6.384846210479736,-4.991345405578613,-1.690742015838623,3.376903533935547,-3.8448636531829834,-4.198659896850586,-6.15012264251709,-2.4306893348693848,2.6450352668762207,-5.301597595214844,-0.20732776820659637,-6.228878021240234,2.18007493019104,-3.916269302368164,-4.949728965759277,-3.582106590270996,-6.218505859375,-7.844672203063965,7.194241046905518,-2.6927170753479004,-6.552902698516846,-3.8506107330322266,-2.892618179321289,0.0010749995708465576
232fe3b6f,-1.3072787523269653,-2.7166175842285156,-0.4962829351425171,-0.5414464473724365,-3.4587302207946777,-1.9616732597351074,-2.770341634750366,-1.7537903785705566,-2.9813108444213867,-1.3076964616775513,-0.42349761724472046,-2.553656578063965,-0.11928889155387878,-4.354389190673828,-1.8533360958099365,-1.9414348602294922,-2.0901260375976562,-3.189086437225342,2.4993841648101807,-1.5858248472213745,-0.9356213212013245,-4.035096645355225,-3.223006010055542,-0.6116461753845215
2341a29ca,-1.784783959388733,2.7845795154571533,-2.7786176204681396,4.131046772003174,-0.224310964345932,-2.7270870208740234,-1.0916162729263306,-1.6506677865982056,-2.363145112991333,0.29438674449920654,-1.7104204893112183,-0.7190137505531311,-0.4148706793785095,3.683197259902954,-1.0655534267425537,1.02763032913208,5.767700672149658,0.26978933811187744,0.10541193187236786,-0.7789226770401001,-1.3242186307907104,-1.3791446685791016,-2.0125391483306885,-1.8018743991851807
235e518ce,-1.3729817867279053,-3.5431790351867676,-5.694907188415527,5.546471118927002,-1.5540187358856201,-1.844813346862793,-7.821372985839844,-4.875060081481934,1.9338679313659668,-5.445082664489746,-3.9416587352752686,-7.701797962188721,5.868198871612549,-1.0824698209762573,-4.153405666351318,-3.3313324451446533,-6.769736289978027,-8.894596099853516,6.057832717895508,-5.819619178771973,-7.083794116973877,-1.3277851343154907,-1.1599589586257935,-0.6542532444000244
23802a50e,-4.40112829208374,-0.07678626477718353,-1.1166162490844727,3.6039576530456543,-3.302985668182373,-1.4216406345367432,-0.8023278713226318,0.3681229054927826,-4.600260257720947,-1.269823431968689,0.13999751210212708,-0.8856593370437622,-2.5586421489715576,-2.8330657482147217,-3.109447956085205,0.4115687906742096,0.11874893307685852,-2.20105242729187,-2.628561019897461,-1.3424898386001587,0.9085199236869812,-3.088560104370117,-1.417175531387329,-0.24337711930274963
23bd773d5,-3.1372108459472656,-4.60998010635376,-5.156745433807373,5.769371509552002,-2.422339916229248,-1.8593988418579102,-9.01335334777832,-5.966999053955078,1.4890697002410889,-6.907050132751465,-4.1842522621154785,-8.648508071899414,6.460763454437256,-1.0721435546875,-4.5685319900512695,-3.9734575748443604,-8.513484954833984,-10.11010456085205,6.26321268081665,-6.276186943054199,-7.871232986450195,-2.3535258769989014,-0.9282360672950745,-1.0815056562423706
23f85e34a,-6.307798862457275,-5.040256977081299,-5.444475173950195,6.173604965209961,-0.13741548359394073,0.7885769605636597,-5.588085174560547,-5.413280487060547,-2.2786142826080322,-4.5395050048828125,-2.5849990844726562,-6.931526184082031,4.767087459564209,-2.363215208053589,-5.8252058029174805,-3.770702838897705,-6.865243911743164,-6.803825378417969,3.752112865447998,-4.80864953994751,-4.785006999969482,-2.8607726097106934,-0.7983965873718262,4.658476829528809
240697131,-2.307737112045288,0.19935482740402222,-3.6527936458587646,5.2431511878967285,0.6078497171401978,-1.6686203479766846,-6.561862945556641,-2.95648193359375,-1.4921451807022095,-2.093338966369629,-3.9660696983337402,-5.215190887451172,4.193294525146484,0.4460727870464325,-0.42802563309669495,-1.1225717067718506,-3.748264789581299,-6.351309776306152,4.384504318237305,-5.172196865081787,-5.593029975891113,1.4024293422698975,-2.143953561782837,-0.75310879945755
2420703df,-6.5040283203125,4.0036420822143555,-5.7545166015625,5.871878623962402,-5.191897392272949,-5.759799003601074,-4.757222652435303,-3.3328874111175537,-7.811115741729736,-3.8930671215057373,-3.5311765670776367,-4.884920120239258,-6.6535868644714355,-0.047136545181274414,-5.824044704437256,-1.2758729457855225,7.762052536010742,-4.319305419921875,-7.2456512451171875,-5.72089147567749,-3.9662139415740967,-4.618762016296387,-2.8045639991760254,-3.3308725357055664
2444fbf36,-4.769636154174805,-1.2582073211669922,-0.7277047038078308,0.6188580989837646,-4.251440048217773,-1.0372090339660645,0.2092527598142624,4.451704025268555,-4.719682216644287,0.11887909471988678,-0.19203200936317444,0.5485780835151672,-2.7178218364715576,-4.3227219581604,-1.0827040672302246,2.1692771911621094,-0.5820702910423279,0.013026216067373753,-3.181546449661255,0.6737567186355591,1.195133924484253,-4.107462406158447,-2.355186700820923,-0.8886582851409912
245efe45c,-1.5395880937576294,-3.6495587825775146,-4.88733434677124,5.157376766204834,-1.7850074768066406,-1.2883338928222656,-6.579697608947754,-3.421862840652466,-0.7860730886459351,-4.243319511413574,-2.4842827320098877,-6.719916343688965,4.660765647888184,-2.6630797386169434,-3.08323335647583,-2.2563419342041016,-6.980006217956543,-7.408409118652344,5.453838348388672,-5.331234931945801,-6.294356822967529,-2.8335747718811035,-1.9179247617721558,3.6191554069519043
24968153e,-4.174001216888428,1.8687957525253296,-2.866042137145996,4.509220600128174,-2.163137197494507,-3.35135555267334,-2.0002903938293457,-2.0824670791625977,-4.101565361022949,1.870626449584961,-2.3388357162475586,-1.6493908166885376,-2.5748960971832275,-0.7984315156936646,-2.0631117820739746,-0.7953078746795654,3.6644673347473145,1.2392528057098389,-2.4203479290008545,-3.698031425476074,-0.7426614761352539,-1.7513313293457031,-2.906324863433838,-2.103760004043579
2497b42b0,-3.6651039123535156,3.0933585166931152,6.084695339202881,4.653120994567871,-2.3458969593048096,0.07600590586662292,-4.151684761047363,3.8764004707336426,-4.596179008483887,-0.31039881706237793,-2.961578845977783,-2.7047362327575684,-1.3215912580490112,-1.932991862297058,-0.9502702951431274,0.3873405456542969,-2.1937451362609863,-2.8199479579925537,-1.914605736732483,0.456287682056427,-0.8173942565917969,0.034507960081100464,-1.8385056257247925,-2.0976340770721436
24a1c2d43,-1.5182790756225586,-0.19480425119400024,0.37559938430786133,1.4816226959228516,-0.8664339780807495,3.7661633491516113,-1.6360111236572266,2.3828742504119873,-1.388713002204895,0.13678154349327087,-0.6970888376235962,-0.0034270603209733963,1.24376380443573,-1.4605737924575806,-0.3472292423248291,-0.2054453045129776,-0.5714351534843445,-1.2732715606689453,1.1729390621185303,0.7225810885429382,0.8961131572723389,-1.643570899963379,1.3188341856002808,-0.3810182809829712
24c2dcbde,-3.727174758911133,4.056209087371826,-5.282137870788574,5.319713592529297,-1.2833088636398315,-3.073176383972168,-3.558429718017578,0.7303678393363953,-4.719237804412842,-2.178832769393921,-3.28800630569458,-1.4730697870254517,-4.878369331359863,0.48317018151283264,5.495693206787109,4.003693580627441,-1.5829365253448486,-5.032699108123779,-1.4700855016708374,-1.6793186664581299,-4.991205215454102,0.3122413456439972,0.01245863363146782,-1.8198381662368774
24d2831ba,-5.566702365875244,4.41762113571167,-4.505830764770508,5.939164161682129,-3.3973050117492676,-4.52764892578125,-3.78135085105896,-2.720158576965332,-6.386270523071289,-2.585435390472412,-2.503005027770996,-3.812560796737671,-4.739217758178711,3.7589988708496094,-3.8563902378082275,-0.0770217701792717,6.916836738586426,-2.5243561267852783,-4.844332218170166,-3.9677882194519043,-3.4526920318603516,-3.4440884590148926,-2.458312511444092,-3.4108779430389404
24e0357d3,-5.2712602615356445,1.8704712390899658,0.4445672035217285,4.346540451049805,-2.541363477706909,3.1228208541870117,-2.8259100914001465,3.8076088428497314,-5.406193733215332,-0.07860582321882248,-1.8216826915740967,-1.2445075511932373,-3.1450819969177246,-2.405379056930542,0.11547811329364777,1.3792457580566406,-2.4975101947784424,-2.1979360580444336,-2.160288095474243,-0.7957793474197388,0.20127788186073303,-1.279708981513977,-1.8211051225662231,-3.766509532928467
25031e403,3.981865167617798,-2.520336866378784,-5.239169120788574,4.260584354400635,-1.147767186164856,-3.464919090270996,-6.280406951904297,-2.4815523624420166,0.3527015447616577,-3.3659615516662598,-2.1049246788024902,-6.168023586273193,4.786412715911865,-3.118427038192749,-3.8128206729888916,-2.6402299404144287,-7.487168788909912,-8.149589538574219,6.959322929382324,-6.018845081329346,-7.182364463806152,-2.0363049507141113,-2.62538743019104,1.5331028699874878
251b20553,-1.293555736541748,0.2079152762889862,-0.7939087748527527,5.010056495666504,3.776365280151367,-0.7598024606704712,-4.589165687561035,-2.7180540561676025,0.48391926288604736,-0.806634783744812,-4.514986038208008,-3.3460922241210938,5.95125150680542,2.851374864578247,-0.6413266658782959,-1.5568504333496094,-3.2529006004333496,-4.240225791931152,5.69427490234375,-2.632266044616699,-3.42741322517395,2.873476505279541,-1.3875954151153564,-1.3021973371505737
252305b36,-3.3475422859191895,-1.951375961303711,-0.888780415058136,4.874225616455078,0.5114752054214478,7.1199049949646,-3.8802969455718994,-1.0765584707260132,-1.0468500852584839,-2.163856267929077,-1.2838366031646729,-2.798828125,4.809128761291504,-0.3891752064228058,-2.3495397567749023,0.4810806214809418,-5.652200698852539,-3.7393455505371094,4.615970611572266,-1.515357494354248,-0.4568289518356323,-3.227081775665283,0.552884578704834,4.062686920166016
2557f807f,-2.1830852031707764,3.51729679107666,-1.7761832475662231,5.001718044281006,0.8969542980194092,-1.7354998588562012,-5.45568323135376,0.1495560109615326,-2.198939561843872,-0.7140464186668396,-3.6389832496643066,-3.5299570560455322,-1.0432637929916382,-0.9342039227485657,3.020810127258301,-0.3576125204563141,-1.2026876211166382,-3.5658226013183594,0.5025755167007446,-3.248673439025879,-3.129965305328369,3.878274917602539,-1.5396301746368408,-2.414461612701416
256bbb887,3.079009532928467,1.6700122356414795,-1.5496456623077393,3.657865285873413,-1.478366732597351,-1.3613743782043457,-3.2881948947906494,-1.2302436828613281,-2.3007664680480957,-1.2071166038513184,-0.7239551544189453,-3.2060651779174805,1.9008725881576538,-1.8132976293563843,-0.2486531138420105,2.5176684856414795,-4.06351900100708,-5.833168029785156,3.8361923694610596,-3.36148738861084,-3.886061668395996,-1.8286023139953613,-1.2265427112579346,0.33268019556999207
25eea2aec,-2.9360125064849854,-0.1798153817653656,-3.947122097015381,5.301646709442139,0.8424090147018433,-1.4451707601547241,-6.011406421661377,-2.5006933212280273,-0.8523502945899963,-2.8434016704559326,-3.837214946746826,-4.72329044342041,4.331943035125732,0.45144179463386536,-0.2832469642162323,-0.5120865702629089,-3.101991891860962,-6.063058853149414,4.052466869354248,-5.171452522277832,-5.002106189727783,1.5809489488601685,-1.6820425987243652,-1.3816994428634644
26297fa42,-1.0852856636047363,-0.9216895699501038,-0.31988972425460815,2.0852837562561035,-0.23428741097450256,5.41131591796875,-1.7876038551330566,-0.4715476930141449,-1.7329859733581543,-0.006081182509660721,1.077263593673706,-1.3474416732788086,1.2796711921691895,-1.4627784490585327,-0.3356465697288513,0.9700018167495728,-3.0609335899353027,-1.9368395805358887,1.9929234981536865,-0.23957987129688263,0.0680198222398758,-2.6869540214538574,-0.5736408233642578,0.10704120248556137
264e1c5d1,-4.064754486083984,0.42169463634490967,-5.958895206451416,3.9626712799072266,0.7831206917762756,-2.191457748413086,-6.3849053382873535,-1.1778734922409058,-4.071523189544678,-2.985302209854126,-3.483919858932495,-3.475454092025757,-2.6792266368865967,-2.766080856323242,6.107589244842529,-1.2451303005218506,-5.126151084899902,-6.615481853485107,2.7344703674316406,-4.627203941345215,-5.3606953620910645,2.164268732070923,-1.4331212043762207,-0.25476759672164917
269ec93c1,-3.2013752460479736,-0.782166600227356,-1.0878558158874512,1.3857340812683105,-2.2527363300323486,-1.245064377784729,-1.3103867769241333,-0.7996332049369812,-3.6495494842529297,0.23486600816249847,-1.0267869234085083,-0.9565726518630981,-1.7741413116455078,-2.277031898498535,-2.006009340286255,-0.44544655084609985,0.39441388845443726,-0.7460451126098633,-0.6181423664093018,-1.1286258697509766,0.5801051259040833,-3.003047466278076,-2.3001794815063477,-0.7838854789733887
26de13cc2,-2.7455928325653076,2.738929033279419,-3.6687169075012207,4.6694416999816895,-2.1350510120391846,-2.870875835418701,-1.820753574371338,-1.1174542903900146,-4.059848785400391,2.249115467071533,-1.762845516204834,-0.8212853670120239,-2.4411988258361816,-0.29433339834213257,-2.0213851928710938,-0.23620112240314484,3.721381664276123,2.4947783946990967,-2.047337293624878,-3.4439282417297363,-1.064989447593689,-1.3352770805358887,-2.0481393337249756,-1.6042063236236572
26e154992,-3.3889620304107666,4.383984565734863,-5.832164764404297,5.255631446838379,-1.2919963598251343,-3.895071506500244,-6.3345441818237305,-0.06728869676589966,-5.573418140411377,-1.7017853260040283,-3.6070165634155273,-3.9055864810943604,-4.640600681304932,-2.5003180503845215,5.325124740600586,-0.3214274048805237,-2.556082248687744,-6.129168510437012,-0.7506143450737,-5.051616191864014,-5.746743202209473,0.4800611138343811,-0.25659453868865967,-1.8712573051452637
26e6c228c,5.940493583679199,-4.699382305145264,-1.188629388809204,1.6844236850738525,-4.836259365081787,-3.0187997817993164,-3.917593002319336,0.3516428470611572,0.010840564966201782,-4.3497209548950195,1.5672324895858765,-3.5138344764709473,-0.6319361925125122,-4.669597625732422,-3.8573384284973145,-1.8882803916931152,-5.172865867614746,-6.534287452697754,5.199583530426025,-2.23677659034729,-4.199153423309326,-5.370467662811279,-2.0153326988220215,0.4687712788581848
2702506a0,-2.602260112762451,0.07914399355649948,0.5833035707473755,2.1291418075561523,-3.578279972076416,-0.5502465963363647,-0.7407963275909424,4.0035576820373535,-3.827908754348755,-0.332416832447052,-0.8417468667030334,0.7991005182266235,-2.2158806324005127,-2.4275119304656982,-1.9760262966156006,0.9101277589797974,-0.6865626573562622,-1.1334177255630493,-2.2828543186187744,0.9407021999359131,1.149703025817871,-2.9140045642852783,-1.7487621307373047,-2.6583638191223145
27224a0ea,-2.2301833629608154,2.695796251296997,-0.17103886604309082,4.033651828765869,-2.502439260482788,-0.9197661876678467,-2.119445323944092,3.2014646530151367,-4.147974491119385,2.0371646881103516,-1.511573076248169,-1.0442489385604858,-2.711195468902588,-2.182647705078125,3.553062915802002,3.5762243270874023,-2.4128973484039307,0.16024813055992126,-1.7914543151855469,-0.8160172700881958,-0.8591669797897339,-1.1415764093399048,-0.8400012254714966,-2.1092474460601807
273d502c3,-3.756315231323242,-0.6591166853904724,-0.21729758381843567,-0.7130160927772522,-3.845261335372925,-0.5201587080955505,-0.7275892496109009,4.500522613525391,-4.479065895080566,0.35187870264053345,-1.8718252182006836,0.5765212774276733,-2.664987325668335,-4.290986061096191,-0.7795783281326294,0.882880449295044,-1.6434829235076904,-0.5153449773788452,-2.6396477222442627,0.8858282566070557,0.6503922939300537,-3.3790695667266846,-2.7420928478240967,-2.806664228439331
277102407,-2.2651686668395996,0.20099788904190063,-1.4866429567337036,2.2297158241271973,-1.8351482152938843,-1.5895878076553345,2.1026947498321533,1.089918613433838,-4.211658000946045,1.2866469621658325,1.2338366508483887,1.7772623300552368,-1.2507336139678955,-2.8960773944854736,0.6627170443534851,3.0325675010681152,0.5563647747039795,1.0741335153579712,-0.7585654258728027,4.612362861633301,0.9379519820213318,-3.247145175933838,-1.1087076663970947,3.671389102935791
27eb3d156,4.893832206726074,-2.600161075592041,-5.176458358764648,4.8353447914123535,-0.5595282316207886,-3.1072568893432617,-6.737914562225342,-3.4066648483276367,1.3387360572814941,-4.063992977142334,-1.9347069263458252,-6.607777118682861,5.043908596038818,-2.942932605743408,-1.9946362972259521,-2.8372488021850586,-6.50302791595459,-8.549675941467285,7.420812606811523,-5.942965507507324,-7.206191539764404,-0.9885955452919006,-2.517291307449341,0.8997138142585754
282a52a92,6.318338394165039,-3.2967591285705566,-0.5296225547790527,1.8299273252487183,-4.591879844665527,-3.455087900161743,-3.686720132827759,-0.6345720291137695,-0.008254867047071457,-3.0805912017822266,1.5284324884414673,-3.6940507888793945,-0.9395599365234375,-4.76912260055542,-2.2986900806427,-1.8694748878479004,-5.579322814941406,-5.446630954742432,5.305433750152588,-1.790698528289795,-3.5064892768859863,-4.613807201385498,-2.5475659370422363,-0.12040233612060547
284197921,-2.365140676498413,3.3197638988494873,6.863985061645508,4.437679767608643,-2.184674024581909,-0.41623345017433167,-2.745649814605713,0.30329394340515137,-4.605989933013916,0.0517515167593956,-2.287752389907837,-2.291131019592285,-1.4450488090515137,-1.434417724609375,-1.3838227987289429,0.7949264049530029,-1.4849770069122314,-2.1673245429992676,-1.4083267450332642,0.4639625549316406,-0.5991402268409729,-1.7950111627578735,-0.8410255908966064,-2.3156204223632812
2889d6cfe,8.423664093017578,-5.435730457305908,-1.2851980924606323,0.6666133999824524,-6.869342803955078,-5.3834967613220215,-4.782352924346924,-1.5416414737701416,0.5830802917480469,-5.65524435043335,2.2999672889709473,-5.125766754150391,-1.6727160215377808,-6.227311611175537,-6.112490177154541,-3.071167469024658,-5.921655654907227,-8.963232040405273,6.755438804626465,-2.930224657058716,-5.8550591468811035,-7.4379472732543945,-3.2846035957336426,-0.0551113560795784
28a4287f6,-6.166177749633789,4.329240322113037,-5.320966720581055,6.161771774291992,-4.4974446296691895,-5.268341064453125,-4.76914119720459,-3.0598134994506836,-7.171025276184082,-3.2430830001831055,-3.4654579162597656,-4.406589508056641,-6.243901252746582,0.19042208790779114,-4.9403157234191895,-0.9763192534446716,7.303160667419434,-3.680971145629883,-6.682276725769043,-5.543983459472656,-3.5683796405792236,-3.496330976486206,-2.8987550735473633,-3.9459586143493652
28b5f4e83,-3.530494451522827,3.2059690952301025,-2.8031005859375,4.917429447174072,-2.2194390296936035,-1.6769297122955322,-3.3269636631011963,-1.2150336503982544,-3.3212335109710693,-1.2509905099868774,-2.289050579071045,-3.2300472259521484,-2.541163444519043,-0.6688500642776489,-1.3708057403564453,0.17231056094169617,2.7315194606781006,-2.685495376586914,-2.8769702911376953,-3.460186719894409,-2.1752090454101562,-0.6256860494613647,0.10187812149524689,-1.6230137348175049
28d1b3eee,-4.912284851074219,-1.1867173910140991,-5.970242977142334,4.488050937652588,-0.7188833355903625,-2.6466968059539795,-7.421181678771973,-1.1166203022003174,-5.115901947021484,-4.5169806480407715,-3.1016879081726074,-3.968977451324463,-3.1586687564849854,-5.183745384216309,6.850991249084473,-2.7372376918792725,-7.525573253631592,-8.130849838256836,3.6698150634765625,-5.0766167640686035,-5.46024227142334,0.697871208190918,-1.203712821006775,-1.0719088315963745
28e374ea2,6.1834797859191895,-1.931138277053833,-3.525146722793579,4.094691276550293,-2.26011323928833,-2.918574094772339,-4.588602542877197,-1.6458736658096313,1.5353748798370361,-3.1636321544647217,-0.35281503200531006,-4.422759056091309,4.638985633850098,-3.1337532997131348,-3.086106300354004,0.4973191022872925,-7.45628547668457,-7.558138370513916,7.432541370391846,-4.745148658752441,-6.548346519470215,-3.4673209190368652,-1.6246461868286133,3.988530397415161
28f39426c,0.387134850025177,-0.40708106756210327,-4.96700382232666,6.483728885650635,4.396233558654785,-0.9284724593162537,-6.521786689758301,-3.122169017791748,5.689531326293945,-1.0584406852722168,-3.8157076835632324,-4.6451921463012695,7.794045448303223,2.8195691108703613,1.207052230834961,-2.760345220565796,-4.279077529907227,-5.841050624847412,6.890129566192627,-5.33457088470459,-5.13999605178833,5.2684645652771,-1.516897201538086,-1.7089920043945312
29066c70f,5.9400458335876465,4.436103343963623,-4.512242317199707,4.582400321960449,-0.8725016117095947,-4.120368003845215,-6.201079368591309,-3.71364426612854,-0.8521603345870972,0.7712377309799194,-2.1080830097198486,-6.119714736938477,5.723447799682617,-1.1365931034088135,-2.820615291595459,-1.0610177516937256,-5.4030938148498535,-8.957036018371582,6.32733678817749,-6.411299705505371,-7.713234901428223,-0.9501279592514038,-3.2138254642486572,1.2935974597930908
293791220,-4.315752983093262,2.4647269248962402,-3.9479708671569824,3.788924217224121,-3.7369933128356934,-4.422807693481445,-2.237541675567627,-0.7504979372024536,-4.96151065826416,-2.1564266681671143,-1.6270933151245117,-1.8018097877502441,-4.971176624298096,-0.7942967414855957,-3.5173771381378174,-0.7396427392959595,4.516114234924316,-2.5617470741271973,-4.93765115737915,-3.1543798446655273,-1.982743740081787,-2.7374815940856934,-2.057070016860962,-2.464676856994629
293c956eb,-2.87479305267334,-4.654193878173828,-4.1529765129089355,5.3085222244262695,-2.0345327854156494,0.17866507172584534,-7.1916985511779785,-4.15254545211792,1.2817740440368652,-5.7688140869140625,-3.235481023788452,-7.096459865570068,5.968198776245117,-1.3399982452392578,-4.169625282287598,-2.756520986557007,-7.161525726318359,-8.279550552368164,5.890829086303711,-4.436827659606934,-5.926062107086182,-2.518001079559326,-0.3041529655456543,0.3021051585674286
29528fd59,4.098841667175293,4.7031354904174805,-0.5356590747833252,3.948272943496704,0.4463248550891876,-1.8064305782318115,-2.305690288543701,0.5560219883918762,-2.5248494148254395,3.275709390640259,-0.8321508765220642,-1.0986078977584839,2.953928232192993,-1.5310497283935547,1.2985155582427979,-0.34733080863952637,-2.68288516998291,-1.4957420825958252,4.193284511566162,-1.6815534830093384,-2.3074066638946533,0.6155283451080322,-2.224473476409912,2.7177393436431885
298646cfe,-2.004692554473877,4.588659763336182,-2.986658811569214,4.8978352546691895,-0.834213376045227,-3.2616517543792725,-5.281239032745361,0.3264142870903015,-4.356621742248535,-0.9220936298370361,-3.6268815994262695,-3.2043449878692627,-3.3477883338928223,-1.7809863090515137,4.860584735870361,0.14446690678596497,-1.1952730417251587,-4.451208114624023,-1.081697940826416,-3.528555154800415,-4.540927886962891,1.7542052268981934,-0.4096832871437073,-2.569047212600708
2986b87b2,-1.130065679550171,-2.7763960361480713,-3.5026888847351074,5.2651047706604,-2.2138800621032715,-1.6778507232666016,-5.973418712615967,-2.785614490509033,-0.10771901905536652,-4.6727399826049805,-2.4096102714538574,-6.135412216186523,5.253105163574219,-2.338064432144165,-2.880354404449463,-2.66554856300354,-6.563446998596191,-7.5625081062316895,5.320509433746338,-5.336101531982422,-5.531668663024902,-2.1767349243164062,-1.3481853008270264,1.0610604286193848
299830376,-3.9697275161743164,2.3997559547424316,-1.3285012245178223,1.7856156826019287,-3.3964500427246094,-3.671032190322876,-3.046844720840454,-1.6281206607818604,-5.186491012573242,-2.195096969604492,-2.5837221145629883,-2.285305976867676,-3.3669815063476562,-0.1084972620010376,-4.100480556488037,-1.2924824953079224,5.15090274810791,-3.298518180847168,-3.290463447570801,-1.2884474992752075,-0.9126861691474915,-3.636467933654785,-2.9625136852264404,-3.1141250133514404
29a2a235b,-2.2842023372650146,0.7943082451820374,-2.7353930473327637,4.745604515075684,0.5190140604972839,-0.7896435856819153,-3.4200634956359863,-1.8026355504989624,-1.7666497230529785,-1.8526116609573364,-2.7208352088928223,-2.811718463897705,2.8256516456604004,4.12388801574707,-0.019881606101989746,3.101383924484253,-1.2131872177124023,-4.134763717651367,2.4826438426971436,-2.2817680835723877,-3.5009560585021973,0.6064831018447876,-0.6802431344985962,-0.7343948483467102
29be5139f,-3.1006886959075928,0.33388713002204895,-0.2978660464286804,1.8574450016021729,-2.412281036376953,-1.732551097869873,0.994818925857544,-0.6935808062553406,-3.4894633293151855,1.27919340133667,-0.8050621151924133,0.3632562756538391,-1.8114545345306396,-2.1134328842163086,-1.3397935628890991,1.7246928215026855,2.309722900390625,1.2204625606536865,-1.5866502523422241,0.4423619508743286,0.9327952265739441,-3.020484685897827,-2.2011756896972656,-0.32345134019851685
29ca01b58,3.1261942386627197,-3.8227458000183105,-2.874458074569702,3.055968761444092,-3.0210838317871094,-1.6397182941436768,-5.579875469207764,-2.6347923278808594,-0.25965332984924316,-4.5266523361206055,-0.5366309881210327,-5.372502326965332,2.906585931777954,-3.3448400497436523,-2.9397692680358887,-2.0279202461242676,-5.435555934906006,-7.392808437347412,5.8530659675598145,-3.4897871017456055,-4.014496803283691,-3.7714946269989014,-1.5963290929794312,0.8701693415641785
29caf0a0b,-5.000538349151611,2.8266797065734863,-6.029841899871826,5.7396769523620605,-2.952789306640625,-2.9948291778564453,-3.076033115386963,2.7804558277130127,-6.273049354553223,-2.5875508785247803,-0.09318280220031738,-0.8742671012878418,-5.118710041046143,-3.346789598464966,7.0548224449157715,3.953181028366089,-3.6409051418304443,-4.859057426452637,-1.7425599098205566,-3.801697015762329,-3.5566279888153076,-2.0280609130859375,-0.1580457091331482,-2.2749109268188477
2a119f08d,-4.424406051635742,-1.455012559890747,-2.6489551067352295,3.7822818756103516,-4.064755439758301,-3.089672565460205,0.1385044902563095,5.115437984466553,-4.9762091636657715,-1.0800893306732178,0.183109849691391,5.266773223876953,-3.0376510620117188,-5.028045654296875,-0.07075223326683044,1.396059274673462,-2.242490768432617,-1.5771896839141846,-2.3136634826660156,-0.18979160487651825,0.06826263666152954,-5.295622825622559,-0.4418560862541199,3.8447048664093018
2a30fef72,-1.645573616027832,-1.5785140991210938,-2.2329437732696533,5.684308052062988,2.4887523651123047,0.8408011794090271,-6.174063682556152,-3.1508331298828125,5.159161567687988,-2.8161168098449707,-2.947970151901245,-5.095251560211182,6.4270148277282715,2.1173558235168457,0.2898678183555603,-1.5290433168411255,-5.427047252655029,-5.986021995544434,6.05843448638916,-2.7226474285125732,-4.240274429321289,2.881288528442383,0.40266382694244385,-0.551837682723999
2a3f33e0d,6.234280109405518,5.190517425537109,-3.9924333095550537,4.4389424324035645,-0.9762552380561829,-3.2483181953430176,-4.062338352203369,-1.9725929498672485,-2.6373188495635986,0.9691757559776306,-1.297323226928711,-4.051523685455322,4.13136625289917,-1.0353879928588867,-2.2110323905944824,3.0065088272094727,-4.632226943969727,-7.327447414398193,5.571651458740234,-5.471676826477051,-6.739272594451904,-1.9423766136169434,-2.1874372959136963,2.370018243789673
2a625bb6f,-1.6676313877105713,-1.5390448570251465,-1.7612360715866089,2.6271257400512695,-1.561644434928894,-0.1748775839805603,-2.021688222885132,-0.10911938548088074,-1.9228715896606445,0.04868108779191971,-0.7562216520309448,-1.7090396881103516,1.9060642719268799,-2.8810296058654785,2.472877264022827,-0.4810238480567932,-3.2675089836120605,-1.3666558265686035,3.218916893005371,-1.084607481956482,0.5878880620002747,-1.9201993942260742,-1.4269781112670898,0.08049190044403076
2a6b5c6a9,-1.9046584367752075,2.3806376457214355,-0.31417566537857056,3.890382766723633,-1.8277037143707275,-1.6385095119476318,-0.5467411279678345,1.826112151145935,-4.112085342407227,2.1685752868652344,-1.74875807762146,0.36583036184310913,-1.1991015672683716,-2.650850296020508,3.795491933822632,3.623924732208252,-1.8683236837387085,1.3584495782852173,-0.1660739928483963,-1.3067231178283691,-0.9057594537734985,-1.6735196113586426,-1.1403348445892334,-1.0217816829681396
2a855c952,-1.5746004581451416,-2.6706323623657227,-1.247690200805664,1.7208415269851685,-3.0611791610717773,-1.2526769638061523,-3.473891496658325,-1.2164188623428345,-2.7166383266448975,-2.3243603706359863,-0.41266822814941406,-2.8137881755828857,0.38909780979156494,-3.51849365234375,-1.0551972389221191,-1.6483538150787354,-2.6306819915771484,-4.3291754722595215,2.6821632385253906,-0.94496089220047,-1.3062007427215576,-3.4036097526550293,-2.3318750858306885,-0.9174363613128662
2ab277090,-1.8319597244262695,-1.0469416379928589,-0.568814754486084,0.6548961997032166,-2.9567534923553467,-1.8848788738250732,5.084673881530762,2.696998357772827,-3.3213248252868652,-0.03069392591714859,2.048773765563965,4.432369709014893,-2.510955333709717,-3.345519781112671,-0.9883184432983398,1.275614857673645,-0.3749692142009735,-0.31096383929252625,-0.9920397996902466,1.945997714996338,1.5666214227676392,-4.359278202056885,-0.3960222601890564,-0.7971940040588379
2ab38cb5a,-4.628851890563965,2.600522041320801,-2.0569276809692383,5.418817520141602,0.42784225940704346,-2.199040412902832,-6.149324417114258,-1.4152944087982178,-3.2475509643554688,-1.3451118469238281,-3.850396156311035,-4.334895610809326,-1.7020797729492188,-0.8599898815155029,0.963606595993042,-1.0516353845596313,-0.7615557312965393,-4.275156497955322,-0.8794417381286621,-4.613196849822998,-3.6502275466918945,3.856313705444336,-1.9483782052993774,-2.3011269569396973
2b18a1bf6,-2.938119888305664,3.3323612213134766,6.15639066696167,4.831528663635254,-3.046066999435425,0.21905067563056946,-3.3960204124450684,2.549889326095581,-5.081212043762207,-0.2877369821071625,-1.6679646968841553,-2.7480413913726807,-2.2878623008728027,-2.6788079738616943,-1.5419400930404663,0.07388255000114441,-2.8578031063079834,-2.903764009475708,-2.5370616912841797,-0.39501458406448364,-0.5848830938339233,-1.5675009489059448,-0.43039992451667786,-2.0621187686920166
2b6ff9e79,-4.19618558883667,-5.891249656677246,-5.658720016479492,5.865856647491455,-2.2032017707824707,-0.26204827427864075,-7.036342620849609,-5.606800079345703,-0.5244055986404419,-6.376861572265625,-2.732913017272949,-7.512466907501221,5.36500358581543,-0.702865719795227,-5.941798210144043,-3.359389543533325,-7.615139007568359,-8.183945655822754,5.113663196563721,-4.5180816650390625,-6.291251182556152,-4.222249507904053,-0.4379133880138397,2.904301881790161
2b87c07e3,-1.7026793956756592,1.2530215978622437,0.5525587797164917,2.3742918968200684,-2.1226806640625,-0.19876380264759064,0.5860272645950317,1.539572834968567,-3.198140859603882,3.2381391525268555,-0.39730730652809143,1.224314570426941,-1.155045986175537,-3.0047802925109863,1.7314634323120117,2.8604419231414795,-0.14018595218658447,2.9408533573150635,-0.26755204796791077,2.2247660160064697,0.6329513192176819,-1.9262146949768066,-1.7056561708450317,-0.9214653372764587
2baf00167,-2.495783805847168,3.409270763397217,-4.139325141906738,5.080662250518799,-0.1770045906305313,-2.3267767429351807,-3.993450164794922,0.6228460669517517,-3.9623897075653076,-0.24480172991752625,-2.366093158721924,-1.9086271524429321,-2.6227924823760986,0.8708887100219727,4.587551116943359,2.2036750316619873,-1.0491719245910645,-3.268754482269287,-0.5914753079414368,-3.16762638092041,-3.5194079875946045,0.6935557723045349,-0.8845400214195251,-1.3842005729675293
2be36d5b2,-1.7739226818084717,-3.028775691986084,-4.423020362854004,5.375019550323486,-1.2550400495529175,-2.708634614944458,-7.579915523529053,-3.9381394386291504,-0.2634999752044678,-3.787942886352539,-3.7202839851379395,-7.354580402374268,5.675783634185791,-2.62212872505188,-2.3875107765197754,-3.2147037982940674,-7.352126121520996,-8.028495788574219,6.367267608642578,-6.126315116882324,-6.472769260406494,-0.9444838762283325,-2.72757625579834,-0.22063641250133514
2be90db4b,-2.532172203063965,-0.20261412858963013,-0.45736008882522583,2.443500518798828,0.6455471515655518,5.728935718536377,0.42651402950286865,1.5353230237960815,-1.8495616912841797,1.1874444484710693,0.5917949080467224,3.088003158569336,0.4390660524368286,-0.7571569681167603,-0.3166216313838959,1.790000319480896,-1.735234022140503,0.38344746828079224,0.35178908705711365,-0.14200234413146973,1.7190524339675903,-2.1212189197540283,0.06184403970837593,-0.030504416674375534
2bfd45515,6.440620422363281,6.289712429046631,-4.272350788116455,5.169321537017822,-1.0215587615966797,-4.43112325668335,-3.6072306632995605,-2.69529128074646,-3.416445016860962,2.749155282974243,-1.9215072393417358,-4.019850730895996,5.322749614715576,-1.675193190574646,-3.6066415309906006,3.483247995376587,-4.791836738586426,-7.657892227172852,5.956669330596924,-5.801884651184082,-7.4094109535217285,-2.423907995223999,-2.652573585510254,2.82346773147583
2c0b3a043,-7.6168951988220215,-1.2966206073760986,-7.904757499694824,5.5555901527404785,-5.541655540466309,-3.827467203140259,-2.589125871658325,5.464934825897217,-7.491288661956787,-2.229055881500244,-2.534904718399048,3.376330614089966,-6.8713483810424805,-5.836396217346191,1.6736834049224854,2.574040412902832,-3.057786464691162,-3.8661460876464844,-4.032541751861572,-3.3774073123931885,-2.394040822982788,-4.540369510650635,-1.9831459522247314,-2.494452476501465
2c1dd32d2,6.5027971267700195,4.753077983856201,-2.491654872894287,4.125857830047607,-1.7366548776626587,-3.113736152648926,-3.283214807510376,-0.5971446633338928,-3.0922420024871826,0.783001720905304,0.40261223912239075,-3.2424540519714355,1.4717738628387451,-2.450622081756592,-1.1094168424606323,-0.05723291635513306,-4.658920764923096,-6.288281440734863,4.510466575622559,-4.059283256530762,-4.891563415527344,-2.5365920066833496,-1.8329076766967773,1.7499589920043945
2c27e1b43,-4.350969314575195,1.017075777053833,-2.049463987350464,3.9718732833862305,-3.558664083480835,-2.414400100708008,-1.1601608991622925,-0.5039137005805969,-4.587461471557617,-0.9492515921592712,-0.38518381118774414,-1.4029405117034912,-3.2612171173095703,-1.6162145137786865,-2.9032657146453857,0.03383328765630722,2.5274810791015625,-1.6056396961212158,-3.7611656188964844,-1.6735994815826416,-0.2957780361175537,-2.6234734058380127,-1.606171727180481,-0.3319079279899597
2c92e60fd,-1.7081949710845947,-3.9230613708496094,-1.7838473320007324,-0.021923918277025223,-3.794717788696289,-2.1838972568511963,-4.297636985778809,-2.60908842086792,-2.4490246772766113,-3.6089134216308594,-1.1165263652801514,-3.975111484527588,1.4449634552001953,-4.168941020965576,-3.0611791610717773,-2.4184017181396484,-3.7320361137390137,-6.003444671630859,4.011554718017578,-2.1948165893554688,-2.61078143119812,-4.697781562805176,-2.692976474761963,-0.43564730882644653
2cdb5758f,0.5436975359916687,-4.883760929107666,-4.883878231048584,4.716883182525635,-2.7570693492889404,-1.9057344198226929,-6.748943328857422,-2.240312337875366,-0.13795222342014313,-5.470952987670898,-1.9200360774993896,-6.2272114753723145,4.6564412117004395,-3.4038889408111572,-4.222066402435303,-2.5763192176818848,-7.256751537322998,-8.159463882446289,6.735723972320557,-5.278751373291016,-6.285455703735352,-3.751263380050659,-1.8854596614837646,1.5253969430923462
2ce094326,-4.710216522216797,-0.4847767949104309,-3.69710636138916,2.8860185146331787,-4.006683826446533,-3.570063591003418,-0.017850205302238464,-0.29102233052253723,-4.596051216125488,3.0764853954315186,-0.6263065338134766,1.3541845083236694,-2.938298463821411,-2.1733875274658203,-3.5241916179656982,-0.029230348765850067,2.7519607543945312,3.549577236175537,-3.040123462677002,0.40214163064956665,1.4203970432281494,-4.556138515472412,-3.612320899963379,-0.8950276374816895
2d02cb72a,0.07123821973800659,0.6233451962471008,-4.045462131500244,5.057074069976807,-0.3223891854286194,-1.3401490449905396,-4.991176605224609,-2.8152503967285156,-1.3714356422424316,-1.8066668510437012,-2.380101203918457,-4.708768844604492,4.872557163238525,0.9977827072143555,-1.799083948135376,-0.4937552809715271,-4.182931900024414,-6.448272228240967,4.14024019241333,-4.817196369171143,-5.722955703735352,-1.1621464490890503,-0.5757371783256531,3.142641544342041
2d11dfc2f,-3.3463587760925293,-0.9709212183952332,-3.9813995361328125,3.441704750061035,-0.22859282791614532,-1.407048225402832,-4.40449857711792,-0.10406512022018433,-3.710559606552124,-3.0089409351348877,-1.5162516832351685,-0.4159137010574341,-1.199704647064209,-3.7466838359832764,5.823744297027588,2.781139373779297,-5.895933151245117,-5.3961381912231445,4.074025630950928,-3.459425687789917,-3.6572818756103516,0.4207953214645386,-0.5196141600608826,0.2293698787689209
2d46cdd0f,-3.6115963459014893,-1.378639578819275,-2.4764881134033203,-0.631959080696106,-4.742424964904785,-2.288330078125,0.35400456190109253,1.0307836532592773,-4.572124481201172,-0.8747241497039795,-0.1502346396446228,0.4193991422653198,-3.645904541015625,-3.8979830741882324,-4.348576545715332,-0.5925224423408508,2.0600037574768066,-1.3127052783966064,-3.6025454998016357,0.1233484148979187,1.4104845523834229,-5.679686546325684,-2.318411350250244,0.6971138715744019
2d5b597c9,-5.111287593841553,4.223147392272949,-4.716001033782959,5.470620632171631,-3.7299304008483887,-4.495510101318359,-4.329308986663818,-2.9138967990875244,-6.515912055969238,-3.3033640384674072,-2.369865894317627,-4.212058067321777,-4.299985885620117,3.8228044509887695,-3.9729177951812744,-0.04994549974799156,7.3463945388793945,-3.7432467937469482,-4.733264923095703,-2.876765727996826,-3.6284971237182617,-4.017722129821777,-2.444347381591797,-3.1393232345581055
2d7ac2f07,0.19234421849250793,-1.3750849962234497,-2.2438769340515137,4.147364616394043,-1.7865333557128906,-0.2083318680524826,-3.9325032234191895,0.5745710134506226,-2.3784894943237305,-2.2911458015441895,-0.8524850606918335,-3.0663256645202637,1.1176855564117432,-3.5146372318267822,1.773441195487976,-0.5727031826972961,-5.637475967407227,-5.150484085083008,4.110050201416016,-1.8346338272094727,-2.922128915786743,-2.155594825744629,-1.039405107498169,4.036994457244873
2d7d5a1af,-1.6160697937011719,-1.1721855401992798,-4.593311309814453,5.610187530517578,3.2190794944763184,3.8183906078338623,-3.7857718467712402,-1.6037142276763916,0.9473819732666016,-1.0834851264953613,2.4116404056549072,-3.1305675506591797,4.343323707580566,0.6048144102096558,-0.18274712562561035,-1.889050841331482,-5.012574195861816,-3.540248155593872,4.761083602905273,-4.068675994873047,-2.1364264488220215,1.2784541845321655,0.3325870633125305,4.610273838043213
2d83a4066,-5.762595176696777,0.6078036427497864,-2.7209537029266357,5.44308614730835,-4.687905311584473,-0.9685930013656616,-1.1539764404296875,4.4586029052734375,-5.882596969604492,-0.7475135326385498,-1.080421805381775,-0.16793319582939148,-3.4569952487945557,-4.008439540863037,-0.06092171370983124,2.4422457218170166,-1.0652453899383545,-1.51725172996521,-3.1724658012390137,-0.6147019863128662,0.613472044467926,-3.167910575866699,-2.0203464031219482,-2.305964469909668
2d89f7aaf,-0.13779690861701965,-0.8786224126815796,-1.6916728019714355,4.2702484130859375,1.0167239904403687,0.1723112165927887,-4.116423606872559,-1.8110696077346802,1.8632874488830566,-1.9153416156768799,-1.9290777444839478,-3.0048205852508545,4.364596843719482,0.253315269947052,-0.16842639446258545,-0.8893265724182129,-4.277959823608398,-4.494137763977051,5.326271057128906,-2.447396755218506,-3.1365671157836914,0.7929068803787231,0.17075443267822266,-0.4770261347293854
2d90126b8,-2.6164443492889404,-2.074305534362793,-0.12433254718780518,1.267581582069397,-2.1769509315490723,-0.44143787026405334,-2.218473434448242,0.2718329429626465,-3.3980765342712402,-0.7481523156166077,-0.9572283029556274,-1.6225249767303467,0.0940852239727974,-3.244558095932007,-1.474057674407959,-1.1255171298980713,-1.6506249904632568,-1.9303227663040161,1.158482313156128,-0.7109299898147583,0.11450189352035522,-2.6741039752960205,-2.68619441986084,-0.5833939909934998
2d961c225,-4.932253360748291,1.5960605144500732,-4.264155864715576,4.6801934242248535,-2.3537638187408447,-2.0274698734283447,-1.9204785823822021,-0.5534642338752747,-5.105434417724609,-0.4275456368923187,-1.3851667642593384,-1.5405752658843994,-3.8513846397399902,-1.6180124282836914,-1.2281943559646606,-0.26954981684684753,1.9003082513809204,-1.4003682136535645,-3.2385215759277344,-3.2565271854400635,-0.625043511390686,-1.0409489870071411,-1.5228055715560913,-1.2304846048355103
2da11ef56,-6.026642322540283,3.088449239730835,-4.832646369934082,5.500164031982422,-4.277420520782471,-4.515741348266602,-3.5417439937591553,-2.1314537525177,-6.351289749145508,-2.856372117996216,-2.247471809387207,-3.5084164142608643,-5.126152515411377,-0.5891976356506348,-4.7188286781311035,-0.9442932605743408,5.49196720123291,-3.5362770557403564,-5.987120151519775,-5.024919509887695,-2.9285950660705566,-3.050710439682007,-2.1567163467407227,-2.328235626220703
2dd3de084,-3.2190966606140137,-1.8644332885742188,-4.423513412475586,6.12320613861084,4.44257926940918,-0.8150138854980469,-5.9324541091918945,-3.4769065380096436,0.9046396017074585,-2.0415990352630615,-4.806158065795898,-5.165311813354492,5.861851215362549,1.4266437292099,-0.6874895691871643,-2.973351001739502,-5.0017781257629395,-5.345966339111328,5.0965471267700195,-4.8892741203308105,-4.976706504821777,3.395144462585449,-1.2620251178741455,1.072219967842102
2e0cc4891,-2.3657143115997314,3.2927465438842773,-2.560504913330078,5.038985252380371,1.641770362854004,-1.662700891494751,-5.199768543243408,-0.20114202797412872,-0.860803484916687,-0.4885059893131256,-3.6308722496032715,-3.53840970993042,-0.2224954217672348,-0.005361840128898621,2.7402350902557373,-0.2382320910692215,-0.8376832604408264,-3.6008806228637695,0.6179712414741516,-3.8845531940460205,-3.4263031482696533,4.347486972808838,-1.5315258502960205,-2.2389607429504395
2e1dbf36d,5.0046234130859375,-4.940639495849609,-3.595226764678955,4.224656105041504,-4.9760823249816895,-4.013812065124512,-6.709097862243652,-3.435084342956543,1.8538284301757812,-6.719595909118652,-0.3028109073638916,-7.395169258117676,4.044421672821045,-4.336632251739502,-5.847917556762695,-4.244326591491699,-8.316475868225098,-10.119245529174805,7.011131286621094,-5.623090744018555,-7.467105388641357,-5.119232177734375,-2.592085838317871,0.35729217529296875
2e3a98d20,-3.5834779739379883,0.5513489246368408,-6.170558452606201,4.076305389404297,0.6942141056060791,-2.80118465423584,-6.875859260559082,-1.5742976665496826,-3.539461612701416,-3.237330198287964,-3.666454315185547,-4.088109493255615,-2.6700143814086914,-1.334490418434143,5.977676868438721,-1.0543711185455322,-5.105813980102539,-6.945371627807617,2.8028576374053955,-4.928738594055176,-6.1869049072265625,1.9611213207244873,-1.4074013233184814,-0.7858977317810059
2e48b17d1,-0.41253411769866943,-2.7000255584716797,-5.175717353820801,4.457798480987549,-0.8640614748001099,-2.9875810146331787,-7.019230842590332,-3.9136219024658203,-0.6627840399742126,-3.6348137855529785,-3.5216479301452637,-6.803318977355957,5.017178058624268,-2.359903335571289,-2.2629895210266113,-2.828728437423706,-6.810970306396484,-8.181867599487305,5.819573879241943,-6.130393981933594,-6.884042739868164,-1.1949071884155273,-2.531775951385498,0.3143085539340973
2e54223cc,-1.1134757995605469,-2.0706264972686768,-2.2532541751861572,5.363325119018555,0.7244763374328613,-1.0295803546905518,-6.606914043426514,-3.3563649654388428,-0.31978750228881836,-3.5919837951660156,-3.5472137928009033,-6.237749099731445,5.847025394439697,-0.7691913843154907,-1.545372724533081,-3.439354419708252,-6.340704441070557,-7.134547710418701,5.67656946182251,-3.961703300476074,-5.565088748931885,0.6175389885902405,-1.7044106721878052,0.263070672750473
2e6617b78,-5.6463799476623535,2.382578134536743,-4.696059226989746,4.627274513244629,-3.457275390625,-4.188206672668457,-1.5162432193756104,-2.0188186168670654,-5.503589630126953,0.4735131859779358,-1.8768153190612793,-1.3375754356384277,-4.594302654266357,0.7959405183792114,-3.974897623062134,-0.5525789260864258,5.8157196044921875,0.4836532473564148,-5.053572654724121,-3.7739853858947754,-1.0301121473312378,-3.5755512714385986,-2.52972674369812,-1.925639033317566
2e6be4cee,-3.5986030101776123,1.504290223121643,-3.107060670852661,3.7005691528320312,-3.793478488922119,-3.1028103828430176,0.7987231016159058,0.22748123109340668,-4.219894886016846,-0.9936376810073853,-0.6914834380149841,0.3982502222061157,-3.5172057151794434,-2.021441698074341,-1.8013073205947876,2.6468892097473145,2.8445968627929688,-0.5841709971427917,-3.4753198623657227,-1.5316065549850464,-0.5411595106124878,-3.0124430656433105,-1.181128740310669,-1.2474602460861206
2e6effabb,-5.830603122711182,1.5558844804763794,-4.451545238494873,4.032930850982666,-3.9735419750213623,-3.752622127532959,-1.5593597888946533,-0.6334592700004578,-5.874993801116943,-0.7837597727775574,-2.199183940887451,-1.3188685178756714,-5.22808313369751,-1.513163447380066,-3.6855552196502686,-0.4073264002799988,4.7779693603515625,-0.47305336594581604,-5.120581150054932,-2.8835649490356445,-0.9687827229499817,-3.7309610843658447,-2.389314889907837,-2.3256163597106934
2e8768219,-4.755517482757568,-2.664092779159546,-1.6157536506652832,-2.5097248554229736,-5.349532127380371,-1.8042898178100586,-0.08348898589611053,2.647867202758789,-4.619329929351807,-1.5873970985412598,-0.004888442344963551,4.501621723175049,-3.6552720069885254,-4.39765739440918,-3.962031841278076,0.01462804526090622,-1.8961384296417236,-1.808652400970459,-3.65952730178833,0.09722372889518738,1.4316871166229248,-6.0481414794921875,-0.9028016328811646,-2.261159896850586
2e9707155,-5.640622615814209,0.5288070440292358,-5.212932586669922,5.167841911315918,-3.5285122394561768,-2.6650054454803467,-1.6045458316802979,4.540687561035156,-5.182679653167725,-2.3641786575317383,-1.8477705717086792,2.278707981109619,-4.580133438110352,-4.483619689941406,4.37001371383667,3.53135085105896,-3.0404069423675537,-3.5046496391296387,-2.063704252243042,-2.256984233856201,-2.5554466247558594,-2.171919107437134,4.125781059265137,-1.6274592876434326
2ea89e978,-1.0713059902191162,-0.193589448928833,0.6740930676460266,2.228062868118286,-1.1306965351104736,0.7737007141113281,-1.7498642206192017,-0.7938874363899231,-1.4037237167358398,-1.018262505531311,-0.3932945728302002,-1.9564522504806519,1.804046869277954,-1.1702429056167603,0.36644279956817627,0.1419859230518341,-2.322009801864624,-1.999701738357544,2.1563334465026855,-0.4485865831375122,-0.7481854557991028,-1.478711485862732,-0.8206266760826111,0.2749056816101074
2edcedcd5,-3.249298095703125,3.894441604614258,-3.7381582260131836,4.663355827331543,-1.2786259651184082,-3.0692317485809326,-4.982689380645752,0.5401418209075928,-4.789153575897217,-1.0297036170959473,-3.541072368621826,-2.6569342613220215,-4.494743824005127,-1.9465210437774658,4.802977085113525,0.5366507768630981,-1.3508249521255493,-4.095067024230957,-1.907145380973816,-3.6468238830566406,-4.4574174880981445,0.8371881246566772,-0.40011364221572876,-2.312939405441284
2edd3e42c,-7.112069606781006,-0.7648873925209045,-3.6696603298187256,1.1427236795425415,-6.298264026641846,-3.372756242752075,-1.1787625551223755,4.565051078796387,-6.254378795623779,-2.1410579681396484,-2.5361695289611816,0.7117536067962646,-4.972871780395508,-3.5837502479553223,-4.889319896697998,0.9508060812950134,3.6859118938446045,-2.5373423099517822,-6.059080123901367,0.5401937961578369,0.8781587481498718,-5.775477409362793,-2.768604278564453,-2.7033936977386475
2eea631ba,-5.234524250030518,4.509317398071289,-5.431376934051514,6.06201171875,-4.513289451599121,-5.168689727783203,-5.0708088874816895,-2.588596820831299,-6.632907867431641,-3.2084591388702393,-3.6559581756591797,-4.605064392089844,-5.795246124267578,0.03712946176528931,-4.477364540100098,-0.8512961864471436,7.650631904602051,-3.8147873878479004,-6.356074810028076,-5.2974724769592285,-3.9976632595062256,-3.5630393028259277,-2.4285264015197754,-3.591813564300537
2eff3dc94,-5.227682590484619,-0.7762340903282166,-2.726774215698242,1.9589364528656006,-4.49055290222168,-3.0711493492126465,1.1833528280258179,3.504502773284912,-5.089316368103027,0.3489973545074463,-1.0947773456573486,2.667316198348999,-3.783226728439331,-3.843902587890625,-1.872947335243225,1.9131304025650024,1.7980834245681763,0.6898353695869446,-4.159298896789551,-0.2626757025718689,0.5918533802032471,-4.6645636558532715,-1.6823532581329346,-0.8292239308357239
2f01e7532,-1.5575761795043945,1.6747639179229736,-0.9345104098320007,2.681151866912842,-2.249023914337158,-1.8598155975341797,0.43062517046928406,0.7860867977142334,-3.805178642272949,2.8393750190734863,-0.8494269847869873,0.8483974933624268,-1.5884250402450562,-2.649116277694702,2.876398801803589,3.159276008605957,-0.9500567317008972,1.7461464405059814,-0.6567968130111694,-1.2656972408294678,-0.37241706252098083,-2.222608804702759,-0.7616322040557861,-1.1889410018920898
2f33eeef8,-3.1627917289733887,-0.2195739448070526,-0.779082715511322,-1.5529370307922363,-3.2743585109710693,-2.457432508468628,1.2201032638549805,2.0819015502929688,-4.10149621963501,0.753330647945404,-0.09360271692276001,4.117541313171387,-3.1077630519866943,-3.4012134075164795,-2.0025105476379395,-0.8543369770050049,-0.10005931556224823,0.2961151897907257,-2.1749563217163086,-0.36072665452957153,1.3393051624298096,-4.348479270935059,-1.8786230087280273,-1.507209300994873
2f9b98b8e,-3.558248281478882,2.6742544174194336,-1.296930193901062,5.010368824005127,-2.565502166748047,0.19820331037044525,-1.8556915521621704,3.8209166526794434,-5.15473747253418,0.31394001841545105,-1.1672594547271729,0.7671442031860352,-3.4396209716796875,-2.0791268348693848,1.0708218812942505,1.6825584173202515,-1.538116455078125,-1.6283087730407715,-2.3602352142333984,-2.348938226699829,-0.7964320182800293,-0.37899449467658997,-1.3917685747146606,0.5656206607818604
2fa17389b,-3.254598379135132,-2.5335869789123535,-3.0000953674316406,5.7286272048950195,0.43759819865226746,-0.4431367516517639,-7.187848091125488,-4.618497371673584,0.24857184290885925,-3.7161107063293457,-4.212749004364014,-6.906144142150879,6.474458694458008,0.7226034998893738,-2.5826210975646973,-2.3557817935943604,-6.235860824584961,-7.428583145141602,6.186056613922119,-4.65655517578125,-5.72730827331543,-0.08290091156959534,-0.6504298448562622,-0.5536330938339233
2fa556c68,6.668375492095947,-3.576652765274048,-1.406594157218933,0.38071078062057495,-4.949037551879883,-3.4478187561035156,-4.151857376098633,-0.7853968739509583,-0.5172386169433594,-3.5817244052886963,1.790327548980713,-4.039130210876465,-1.2371864318847656,-5.057092189788818,-3.31080961227417,-2.118029832839966,-5.169805526733398,-6.704390525817871,4.84353494644165,-2.325772285461426,-4.064834117889404,-5.164636135101318,-2.8685953617095947,0.35390472412109375
301646fec,-3.433551549911499,-0.8659735918045044,-1.6741440296173096,2.1003258228302,-2.940450668334961,-1.398899793624878,1.0115251541137695,1.4111137390136719,-3.667358636856079,0.6872573494911194,-0.16461703181266785,0.7169110774993896,-1.9459524154663086,-2.7577271461486816,-1.5315810441970825,0.719551682472229,0.9261559247970581,0.4303538203239441,-2.407759428024292,-0.5606416463851929,0.9567174315452576,-3.2502195835113525,-2.169187068939209,0.26843202114105225
30474821d,-5.702005386352539,0.12050625681877136,-6.56101131439209,4.564141273498535,-0.012117668986320496,-2.907179355621338,-6.158658981323242,-1.3080908060073853,-4.922053813934326,-3.3637888431549072,-3.2650599479675293,-2.5994949340820312,-4.937445640563965,-4.044345855712891,7.707278728485107,1.5922951698303223,-6.388609886169434,-6.604280471801758,2.5462636947631836,-5.275251388549805,-5.813643932342529,1.1785098314285278,-0.9496825933456421,-0.9838331341743469
30568ea36,-4.654021739959717,-0.1924566626548767,-2.143606424331665,2.0114564895629883,-4.508260726928711,-1.86466646194458,1.54329252243042,4.102231025695801,-4.975906848907471,0.6301760673522949,-0.8749698996543884,2.7696707248687744,-3.784736394882202,-4.041285037994385,-1.129665493965149,2.8074827194213867,0.6506844162940979,0.4424689710140228,-3.6264824867248535,0.7645314931869507,0.6797317862510681,-4.171581745147705,-1.4859936237335205,-2.2446107864379883
308d57471,-2.1321663856506348,2.9953150749206543,-4.854090690612793,4.046776294708252,-0.2463095784187317,-2.812270402908325,-4.726494789123535,-0.6308930516242981,-2.892326831817627,-0.7528375387191772,-3.291139602661133,-2.806401252746582,-2.122783660888672,0.20415109395980835,4.171065330505371,0.21268527209758759,-1.4326051473617554,-3.4791319370269775,0.15169954299926758,-3.978306770324707,-4.711323261260986,1.0977253913879395,-0.6294298768043518,-0.7764712572097778
309d08488,-4.246659755706787,2.194917678833008,-3.043463706970215,3.2761993408203125,-2.699763536453247,-4.147266387939453,-2.202294111251831,-2.0342044830322266,-4.278018474578857,-0.9593409299850464,-2.4368882179260254,-1.9211490154266357,-3.8657803535461426,-1.5844621658325195,-2.6171250343322754,-2.0341196060180664,4.8535542488098145,-0.8865736722946167,-3.6693015098571777,-2.5836269855499268,-1.168783187866211,-1.8126815557479858,-2.508577346801758,-2.36562442779541
30cdaa74f,0.3572464883327484,0.01158316433429718,-4.381903648376465,6.1732330322265625,4.722446918487549,-0.9272533655166626,-5.74993371963501,-2.736945390701294,4.81254768371582,-0.8647871613502502,-4.010608673095703,-4.24006462097168,7.026785373687744,2.32722806930542,1.223301649093628,-2.2275924682617188,-3.997037172317505,-5.08685302734375,6.446296215057373,-4.774015426635742,-4.863580703735352,5.063025951385498,-0.7073943614959717,-1.0736360549926758
30dac2698,-3.5072216987609863,-0.3792630434036255,0.11160817742347717,-0.6763622164726257,-3.6182968616485596,-0.4199022650718689,1.5459840297698975,0.8846084475517273,-4.508504390716553,1.8785406351089478,-0.5695984959602356,2.616666555404663,-2.7963974475860596,-3.8390369415283203,-1.920276403427124,0.027933470904827118,0.1333472579717636,1.1934502124786377,-2.540940284729004,-0.06089852750301361,1.5908864736557007,-4.698988437652588,-3.1354899406433105,-1.6654534339904785
30e10a4c1,-6.812561988830566,-3.3731601238250732,-3.112412929534912,4.2082719802856445,-0.8364105820655823,5.107589244842529,-1.0649685859680176,-3.1123769283294678,-4.095489501953125,-0.8936731815338135,0.6000511050224304,-2.9902007579803467,1.2158452272415161,-3.8941378593444824,-3.860325336456299,-1.5166029930114746,-4.08428955078125,-1.369432806968689,0.45280975103378296,-1.4413797855377197,0.43574947118759155,-4.77260684967041,-1.7292643785476685,4.551045894622803
3149b42ae,-0.20011530816555023,0.5410240888595581,-4.108418941497803,5.634858131408691,2.182920455932617,-2.1775755882263184,-7.246901035308838,-2.8349483013153076,0.2674434185028076,-1.9695255756378174,-4.939792633056641,-6.218670845031738,6.032817840576172,-0.5580520629882812,0.9935076832771301,-2.8942956924438477,-5.893350601196289,-7.181748390197754,6.0993170738220215,-5.291089057922363,-6.450852394104004,3.2939250469207764,-2.2499330043792725,-1.231756567955017
316cc9c2e,0.6746851205825806,2.522230625152588,0.7034123539924622,3.038269281387329,-0.3159162402153015,-0.20888793468475342,-1.2599587440490723,2.960907220840454,-2.8471953868865967,1.5719845294952393,-0.9083350300788879,-0.6359545588493347,0.352850079536438,-1.2989636659622192,1.1050935983657837,0.7166235446929932,-1.6292556524276733,-0.20601803064346313,2.177090644836426,-0.26788395643234253,-0.38456836342811584,-0.35116034746170044,-1.9384992122650146,0.49854642152786255
31ea1deb5,-4.097164630889893,-1.7045425176620483,-1.9148881435394287,4.253166198730469,-1.0620379447937012,0.5893411636352539,-0.4924054741859436,-0.9489668011665344,-2.665062189102173,-0.4475947916507721,0.30884096026420593,-0.767126739025116,0.293475866317749,-3.4657516479492188,-1.6546531915664673,-1.2363760471343994,-2.1056010723114014,-0.7582713961601257,0.12240361422300339,-0.9128875136375427,0.3381810784339905,-2.978670120239258,2.5740580558776855,4.745604515075684
3223c5339,-0.3081994354724884,-1.8893842697143555,-3.860576629638672,4.483616828918457,-0.5777605175971985,0.3529917597770691,-4.502927780151367,-1.1550836563110352,-1.5112011432647705,-2.291487216949463,-1.7990260124206543,-3.256235361099243,4.682254314422607,-3.5329689979553223,-2.546994686126709,-1.1179310083389282,-7.0024824142456055,-5.770975112915039,5.110938549041748,-4.0274200439453125,-4.726912498474121,-3.395206928253174,-0.8769651055335999,5.537464141845703
3245e0ed5,2.201848268508911,1.771750569343567,0.6568192839622498,-0.12294214218854904,-2.3777754306793213,-1.2783668041229248,-1.9947621822357178,-0.391313374042511,-2.9401559829711914,-0.09441505372524261,0.6033037900924683,-0.984027087688446,-1.2103657722473145,-1.5182161331176758,-1.3798701763153076,-0.3973718583583832,0.17883776128292084,-2.290587902069092,0.7352683544158936,-0.5624779462814331,-0.4581369161605835,-2.860607147216797,-1.9292628765106201,-0.6347352862358093
327225a72,-5.737552642822266,4.261894226074219,-4.677395820617676,6.007029056549072,-3.257739543914795,-4.540607929229736,-4.572510719299316,-2.3273253440856934,-6.539897441864014,-2.1859681606292725,-3.295650005340576,-4.209743499755859,-5.456483840942383,-0.05755925178527832,-2.4247474670410156,-0.9372812509536743,7.008159637451172,-3.262788772583008,-5.655790328979492,-5.13871955871582,-3.2883248329162598,-1.7518484592437744,-2.3824615478515625,-3.325812816619873
329d536c1,-4.174459934234619,3.302006244659424,-4.99729061126709,4.713207244873047,-0.2397845983505249,-2.8725554943084717,-5.092374324798584,-0.9293670654296875,-4.097145080566406,-2.4708962440490723,-3.2578492164611816,-2.9008891582489014,-3.965658187866211,1.0884729623794556,5.70760440826416,0.45485612750053406,-1.774731159210205,-4.334161281585693,-0.21508103609085083,-2.6418824195861816,-5.141609191894531,0.9830700755119324,0.004613030701875687,-1.5435240268707275
32d052d69,-2.5048067569732666,0.48071134090423584,5.225818634033203,2.5168702602386475,-1.9798192977905273,-0.14643046259880066,-1.9456539154052734,-0.34064996242523193,-3.3553919792175293,-0.10153868794441223,-1.0652787685394287,-0.41353368759155273,0.4704546332359314,-2.023052930831909,-0.6786856055259705,0.6028091907501221,-1.9592881202697754,-1.45327889919281,-0.18230193853378296,1.4049025774002075,1.0802922248840332,-2.473858594894409,-0.6174403429031372,-1.2758357524871826
332f279cf,-5.97175407409668,-0.2255977988243103,-4.251672267913818,3.8946034908294678,-4.338158130645752,-0.5892072319984436,-0.30507656931877136,4.302036285400391,-5.477622985839844,-1.0651652812957764,-1.3873554468154907,0.7677659392356873,-3.701791286468506,-3.130401611328125,-1.2875614166259766,1.7862766981124878,0.8788259625434875,-1.0160142183303833,-4.192415237426758,-1.2256532907485962,-0.09446339309215546,-2.9218664169311523,-1.6683905124664307,-1.4586530923843384
3332312c7,-2.353302240371704,-0.059259235858917236,0.5038626194000244,2.3483684062957764,-0.6120570302009583,4.490914821624756,0.7838249206542969,1.9095869064331055,-2.0043349266052246,0.7538052797317505,0.9946913123130798,3.9103686809539795,-0.9480590224266052,-1.4645625352859497,-0.19779953360557556,0.5402741432189941,-1.6298233270645142,0.3777719736099243,-0.44507327675819397,-0.22052890062332153,1.3164150714874268,-2.132394790649414,2.880326271057129,0.7873108983039856
335ffc957,-1.587705135345459,-3.769780158996582,-4.861177444458008,5.192010402679443,-1.1603317260742188,-1.6995275020599365,-6.970585346221924,-3.5669093132019043,-0.27849912643432617,-4.943227767944336,-3.4669735431671143,-6.979580879211426,5.449801445007324,-2.4492640495300293,-2.7274186611175537,-3.170064926147461,-7.543615341186523,-8.339818954467773,5.804234027862549,-6.055896759033203,-6.3907928466796875,-1.6077617406845093,-1.8026156425476074,0.6026904582977295
336e16949,-6.054859638214111,-1.6749186515808105,-5.631307601928711,3.330467700958252,-6.06241512298584,-5.258739948272705,-1.5240020751953125,5.798060417175293,-5.254125595092773,-1.5992051362991333,-1.0901403427124023,5.364912033081055,-5.4636030197143555,-4.700423240661621,-2.9725661277770996,1.1451939344406128,1.3707079887390137,-0.8126401305198669,-5.165772438049316,-1.0608720779418945,-0.7707663178443909,-5.00351619720459,-2.119105577468872,-3.0559027194976807
33740750f,-2.888482093811035,-3.2789273262023926,-1.6080955266952515,0.2488628625869751,-2.8792190551757812,-2.0458180904388428,-3.1555705070495605,-2.20855712890625,-3.2117128372192383,-2.456045389175415,-1.1064332723617554,-2.847165107727051,-0.49241286516189575,-4.297798156738281,-3.2624998092651367,-1.8879460096359253,-2.1999282836914062,-4.57017183303833,1.8283087015151978,-1.9524599313735962,-0.9373599290847778,-4.2093305587768555,-3.1308717727661133,-0.6594204902648926
339a579f7,-4.759075164794922,2.633277177810669,-3.511831283569336,5.190566539764404,-2.115868091583252,-1.9523160457611084,-3.141207218170166,-0.9992399215698242,-5.000685214996338,-1.2547729015350342,-1.819981575012207,-3.18951416015625,-3.5210161209106445,-1.2132413387298584,-1.163550853729248,-0.4880077838897705,2.3724305629730225,-2.8011574745178223,-3.211026430130005,-4.026165008544922,-1.491999626159668,-0.1289721429347992,-1.5695017576217651,-1.523957371711731
3425d49b4,-6.725070953369141,-0.6993292570114136,-4.748571872711182,3.9690263271331787,-5.857148170471191,-3.590017557144165,0.42577797174453735,4.318299293518066,-6.045132637023926,0.41777855157852173,-1.8622081279754639,1.7802331447601318,-4.432458877563477,-5.003214359283447,-0.8856044411659241,2.9689464569091797,0.6980530619621277,0.6883620619773865,-4.5820794105529785,-0.709519624710083,0.20529805123806,-5.171236038208008,-2.0062859058380127,-3.1891026496887207
349b05171,-3.9909303188323975,0.451689749956131,-2.411266803741455,2.9848597049713135,-3.5193047523498535,-2.091736316680908,0.40189141035079956,2.578920841217041,-4.397310256958008,0.26933375000953674,-1.068882942199707,0.4787549674510956,-3.4696359634399414,-2.2677581310272217,-2.5175657272338867,0.4588151276111603,2.9361467361450195,0.6076844334602356,-3.466604709625244,-0.5256819725036621,0.8111306428909302,-3.410759449005127,-2.160292148590088,-0.6423842906951904
34de5e276,-3.2482564449310303,3.1083099842071533,-0.10024607181549072,5.349332809448242,-1.3877699375152588,1.9389561414718628,-3.8305296897888184,4.247160911560059,-3.2169394493103027,-0.0650511234998703,-2.308223247528076,-1.7642817497253418,-1.8920818567276,-1.4791841506958008,3.345388412475586,0.8693766593933105,-2.298924446105957,-2.424464464187622,-0.9727405905723572,-1.130113959312439,-1.5079954862594604,0.8887849450111389,1.9672150611877441,-2.4176385402679443
34e1119d9,-3.164501190185547,-5.368487358093262,-5.754133701324463,5.643589973449707,-2.844754457473755,-2.572596549987793,-8.69154167175293,-5.4447150230407715,-0.5469915270805359,-6.759833335876465,-4.09702205657959,-8.70492172241211,6.156339168548584,-2.4853076934814453,-5.020552635192871,-3.4091906547546387,-8.56743049621582,-10.178988456726074,6.396182537078857,-7.105487823486328,-7.937623977661133,-3.5376334190368652,-2.144789218902588,0.028656572103500366
34ea20a63,-6.725392818450928,-2.935835361480713,-6.455895900726318,4.474201679229736,-5.63606595993042,-3.786602258682251,-1.2518302202224731,5.604340553283691,-6.280787944793701,-3.7754602432250977,-0.9095497131347656,5.039195537567139,-5.65495491027832,-6.043970108032227,-1.540741205215454,0.8756445646286011,-2.630253791809082,-3.6771955490112305,-4.136861324310303,-3.0213074684143066,-1.5893323421478271,-5.3144211769104,-1.230112075805664,-1.0889902114868164
353a9b393,-5.50344705581665,-3.715733528137207,-3.0459375381469727,5.593349933624268,0.7350946068763733,0.746490478515625,-2.371919631958008,-3.397725820541382,-2.114504098892212,-2.149646043777466,-0.38872283697128296,-4.121394634246826,2.8460445404052734,-2.817072629928589,-3.578514337539673,-3.145874500274658,-5.028748989105225,-2.998591661453247,1.8414511680603027,-3.1371357440948486,-1.6393208503723145,-2.415576934814453,-1.4433351755142212,4.628086566925049
3541a0ecc,-6.389378547668457,-3.2861361503601074,-1.827710747718811,2.9200313091278076,-2.860527515411377,-0.6258167028427124,-1.1159186363220215,-2.806187868118286,-4.647468090057373,-1.1402194499969482,-0.07502976059913635,-2.5723326206207275,-0.1726762056350708,-4.127427101135254,-4.074141502380371,-1.598745346069336,-1.7197952270507812,-2.0191426277160645,-0.9054158926010132,-1.4072422981262207,0.30526232719421387,-4.993983268737793,-2.420854091644287,3.6904327869415283
358b64913,-4.812622547149658,2.648932456970215,-5.903602123260498,5.508379936218262,-1.5363785028457642,-2.704251289367676,-3.4058139324188232,3.7143619060516357,-5.5941362380981445,-2.7978122234344482,-2.2042675018310547,-0.06972160935401917,-4.389650821685791,-3.416874408721924,6.232616424560547,3.8861844539642334,-3.8467888832092285,-4.841387748718262,-1.424468755722046,-4.11297082901001,-4.48956298828125,-0.891555666923523,0.1173885315656662,1.2068345546722412
35b362a5f,-2.4360201358795166,2.2058944702148438,0.9322689771652222,3.8123416900634766,-2.968656063079834,-1.6813526153564453,1.8966779708862305,0.23560312390327454,-4.2968292236328125,-0.487375944852829,0.2180275321006775,-0.05913993716239929,-3.4907073974609375,-1.1669772863388062,-2.1545403003692627,0.27738460898399353,3.7626376152038574,-1.3156607151031494,-2.1815168857574463,-0.21061566472053528,0.07514163106679916,-2.7922613620758057,-1.3982670307159424,-1.2621992826461792
35b507e5c,-3.745539665222168,-1.1111626625061035,-1.7804981470108032,0.7243781089782715,-3.6994199752807617,-2.5774502754211426,1.5285588502883911,2.2639498710632324,-3.940565586090088,1.379270315170288,0.15955279767513275,3.761500597000122,-3.029653549194336,-3.899869203567505,-1.731663465499878,0.6441612243652344,-0.24598579108715057,1.9503989219665527,-3.0509700775146484,0.134561225771904,0.9959651231765747,-4.0406670570373535,-1.2563612461090088,-0.4794939160346985
3603e6777,-4.2652177810668945,-2.131046772003174,-1.1834107637405396,5.044149875640869,0.8300532698631287,7.581831932067871,-4.784478187561035,-2.5559420585632324,-1.0854105949401855,-2.310720205307007,-1.5989819765090942,-3.736433267593384,4.900923728942871,0.5315389037132263,-2.1222939491271973,0.6094852685928345,-4.945786476135254,-3.8397483825683594,4.478333473205566,-2.0317447185516357,-0.4916277825832367,-2.2664055824279785,0.391607403755188,-0.45506614446640015
361e62010,-1.443432331085205,0.19893455505371094,4.2291951179504395,3.9350826740264893,1.5285707712173462,3.7830355167388916,-2.0604724884033203,-1.3642158508300781,-1.6968474388122559,-1.4375146627426147,-2.069296360015869,-2.544891119003296,3.9433958530426025,0.07258528470993042,-1.8987809419631958,-0.9843560457229614,-2.659881114959717,-3.385692596435547,3.553664207458496,0.6403390765190125,-0.5245068669319153,-0.6013858318328857,-0.8723675012588501,1.1596715450286865
366f22f5c,-2.4646222591400146,-0.3455033302307129,-0.4838941693305969,-0.5790042877197266,-3.475783586502075,-1.333961844444275,0.4616655707359314,1.7019951343536377,-3.831345558166504,0.12291615456342697,-0.26461753249168396,2.186260223388672,-2.3827016353607178,-2.8362479209899902,-2.5775318145751953,0.7516900897026062,0.8306004405021667,-0.826175332069397,-1.7371561527252197,0.18136192858219147,0.6905200481414795,-3.8326401710510254,-1.8336623907089233,-1.233719825744629
36a115147,-3.5517568588256836,-1.3924673795700073,-2.412804126739502,1.4743051528930664,-4.63171911239624,-2.6359496116638184,1.457554578781128,4.841575622558594,-3.8386340141296387,0.6911334991455078,3.9839425086975098,4.4979376792907715,-4.148264408111572,-5.1897196769714355,-1.7519922256469727,0.7282516956329346,-0.6850597858428955,2.639594078063965,-3.246680736541748,-0.30437085032463074,0.7766282558441162,-4.48516321182251,-0.7866638898849487,-0.6454792022705078
36a636992,-2.737694263458252,-4.812893867492676,-3.824333667755127,4.865365982055664,-3.6268601417541504,-1.897324562072754,-7.119623184204102,-4.063501358032227,-0.6429076194763184,-5.873592853546143,-2.630253791809082,-7.3951568603515625,5.015448570251465,-2.949004650115967,-3.87947416305542,-2.79020094871521,-7.164978981018066,-8.216079711914062,5.285699844360352,-5.422613143920898,-5.866783618927002,-3.78247332572937,-1.6465036869049072,-0.2972550094127655
36ca25530,6.243801116943359,6.093899726867676,-4.575009822845459,5.37506103515625,1.0824071168899536,-5.449981689453125,-5.126348495483398,-2.174846887588501,-2.126483678817749,5.272768020629883,-3.4330315589904785,-4.760212421417236,5.619890213012695,-2.0435612201690674,-0.7105449438095093,-2.0860581398010254,-4.43886661529541,-5.826897621154785,6.5132598876953125,-5.27159309387207,-6.33036470413208,0.8078938722610474,-4.884579181671143,-0.9128783941268921
36f81df3d,-4.554515838623047,2.869481086730957,-3.197822332382202,5.268730640411377,-1.9615966081619263,-2.4605400562286377,-3.7121353149414062,-1.416548490524292,-4.985380172729492,-1.0996575355529785,-2.1951184272766113,-3.58662486076355,-3.4971282482147217,-0.9924008250236511,-0.824012041091919,-0.7964337468147278,2.2756597995758057,-2.7386250495910645,-3.0605132579803467,-4.503151893615723,-2.2991490364074707,0.1519516110420227,-1.619373083114624,-1.8411778211593628
36fad96f1,-1.2927017211914062,-3.7685437202453613,-3.763180732727051,5.365272521972656,-3.164395332336426,-1.6965361833572388,-6.8795294761657715,-3.3807289600372314,-0.5009933114051819,-5.157536506652832,-2.5534822940826416,-7.244695663452148,4.9640936851501465,-3.008415937423706,-3.7403907775878906,-2.5292258262634277,-6.794516563415527,-8.231080055236816,5.473502159118652,-5.468071460723877,-6.028462886810303,-3.4941298961639404,-1.7489932775497437,0.20084168016910553
372c61a91,-3.589139461517334,-0.8054113388061523,-2.4028820991516113,1.4193133115768433,-4.187355995178223,-2.7535433769226074,1.3151309490203857,4.845852375030518,-4.928747653961182,1.4013667106628418,1.0042673349380493,4.850630283355713,-2.6894969940185547,-4.717279434204102,-1.1047413349151611,0.7710152864456177,-0.5519552230834961,2.916041851043701,-2.8666491508483887,-0.30528682470321655,0.202145054936409,-4.925360202789307,-0.965723991394043,2.059112071990967
374589151,7.431182861328125,6.34649658203125,-4.494187355041504,5.214613437652588,0.9354581236839294,-5.25071907043457,-5.305325508117676,-2.550703525543213,-2.1161468029022217,3.4190447330474854,-2.685839891433716,-5.465910911560059,5.728591442108154,-1.7286710739135742,-0.9510979652404785,-0.43952739238739014,-5.354956150054932,-8.150901794433594,6.490304946899414,-6.282664775848389,-7.598697662353516,0.10563987493515015,-4.0047454833984375,1.7066079378128052
3779d8e9a,2.2778427600860596,-0.3390740156173706,-0.6540271043777466,2.5638585090637207,-1.004645824432373,1.2338253259658813,-3.4278385639190674,-0.3463769853115082,-1.31425142288208,-1.1916868686676025,-0.6411350965499878,-3.1836018562316895,2.494828701019287,-2.3784613609313965,-0.3586181402206421,-0.5602022409439087,-4.835533142089844,-4.141551971435547,4.8222575187683105,-1.2982220649719238,-2.504697799682617,-2.374680519104004,-0.9323797225952148,3.9335079193115234
37995e38e,-5.346427917480469,3.4688820838928223,-2.7978806495666504,5.223612308502197,-0.9137493371963501,-2.72670316696167,-5.615805625915527,-1.7834889888763428,-4.84072208404541,-1.766971468925476,-3.7746522426605225,-4.326284408569336,-3.465397834777832,-0.6817334890365601,-0.07717123627662659,-0.8728522062301636,1.0476486682891846,-4.180893898010254,-2.944704532623291,-4.858402252197266,-3.4508423805236816,2.4802908897399902,-1.7721844911575317,-2.8176567554473877
37c587efe,-2.731513023376465,0.05951381102204323,-0.9264901876449585,3.659682273864746,-2.1543376445770264,0.35844242572784424,-0.5009602904319763,4.184569358825684,-2.9084112644195557,0.8061477541923523,-0.10166025161743164,0.6871923804283142,-1.7655658721923828,-2.189005136489868,-0.7621443271636963,1.2613105773925781,-0.24233245849609375,-0.3617420792579651,-1.9152452945709229,-0.20077231526374817,1.3766950368881226,-1.7801421880722046,-1.6147801876068115,-1.2277653217315674
381df8140,-0.6996722221374512,-1.1889421939849854,-1.437117576599121,4.590373992919922,-0.08389954268932343,0.46320366859436035,-4.927481174468994,-1.6466052532196045,2.215987205505371,-3.014573574066162,-2.1271233558654785,-4.028079032897949,4.985879421234131,-0.6044076681137085,0.10912206768989563,-1.7539862394332886,-5.159113883972168,-5.718995571136475,5.158110618591309,-2.84912371635437,-4.096023082733154,0.178239643573761,0.5706872940063477,-0.2947339117527008
38495ba18,-3.2235605716705322,-0.19096173346042633,-5.265324115753174,3.986876964569092,-0.7640263438224792,-1.4507580995559692,-5.854955673217773,-0.5929803848266602,-4.5568766593933105,-3.223673105239868,-2.3286285400390625,-2.9251723289489746,-2.686253309249878,-3.8803608417510986,5.051191329956055,-0.9981755018234253,-6.144360065460205,-6.720770835876465,3.348381996154785,-4.400315761566162,-4.855566501617432,0.0008676520083099604,-0.4986182749271393,0.6444357633590698
38a144172,-4.849288463592529,1.4493216276168823,-6.551049709320068,4.750240325927734,0.5786959528923035,-2.4654595851898193,-6.838933944702148,-1.0389045476913452,-4.005493640899658,-3.0683305263519287,-3.8239214420318604,-3.6448278427124023,-4.510934829711914,-1.0960510969161987,6.980355739593506,-0.24892579019069672,-5.13791561126709,-6.618206024169922,1.9818685054779053,-5.040096759796143,-6.302152633666992,1.7372536659240723,-0.7384873628616333,-1.516850471496582
38ae4301f,-1.4671242237091064,-3.5965185165405273,-4.594760417938232,4.5911993980407715,-2.0295357704162598,-3.3737759590148926,-8.668124198913574,-5.0359039306640625,-0.7252931594848633,-5.273300647735596,-4.119743347167969,-8.307900428771973,5.774894714355469,-2.4638423919677734,-3.6018402576446533,-4.022859573364258,-7.8555145263671875,-9.682448387145996,6.6888628005981445,-6.382308483123779,-7.55185604095459,-2.078582286834717,-2.9950711727142334,-0.6643356680870056
38b70ff91,-1.2853448390960693,1.9293832778930664,1.6415410041809082,2.8067948818206787,-1.0822348594665527,0.38574570417404175,-1.3156988620758057,3.8089680671691895,-2.43080472946167,1.2508294582366943,-1.665080189704895,-0.19520699977874756,-0.6666180491447449,-1.6373257637023926,3.015716314315796,1.4807686805725098,-1.9201712608337402,-0.04637375473976135,0.6036636829376221,0.5819746255874634,-0.3645811676979065,0.24223637580871582,-1.7646293640136719,-2.496422290802002
38befb816,3.017199993133545,4.2560930252075195,-1.4528902769088745,4.076517581939697,0.12080207467079163,-2.505589246749878,-5.2246527671813965,-2.39725661277771,-1.1902414560317993,0.6518237590789795,-2.338192939758301,-4.603833198547363,4.932474136352539,0.12951160967350006,-1.2740246057510376,-1.1641755104064941,-3.024346351623535,-5.8521575927734375,5.230983257293701,-2.5587215423583984,-4.915482521057129,0.4184122681617737,-2.6097500324249268,-1.4953137636184692
38c1a5827,-0.09568364918231964,-3.0187785625457764,-1.7017691135406494,4.694571495056152,-2.9625775814056396,-1.4087707996368408,-4.107943058013916,-1.623753547668457,-0.5618780851364136,-3.950294017791748,-0.6060134172439575,-3.6517200469970703,3.5668795108795166,-3.4640512466430664,-1.1361101865768433,-1.9792560338974,-4.866186618804932,-5.975560188293457,5.0689849853515625,-2.1258506774902344,-3.997501850128174,-3.141043186187744,1.758088231086731,0.7376507520675659
38e3be52f,-1.7904000282287598,-0.34972190856933594,-0.4076647162437439,0.9194411039352417,-3.1730728149414062,-2.1429264545440674,0.9222551584243774,0.8256077766418457,-3.2807981967926025,2.2672765254974365,0.3445020318031311,1.3532299995422363,-2.136242151260376,-3.6368393898010254,-1.352112054824829,1.03542959690094,-0.14675238728523254,2.695739984512329,-1.4803955554962158,0.14429345726966858,1.7476532459259033,-3.1780314445495605,-2.526200532913208,-0.6142927408218384
38ecaadea,-2.8576126098632812,-0.42941176891326904,0.42711615562438965,2.71968936920166,-1.7093327045440674,-0.28918856382369995,-1.7884647846221924,2.8003222942352295,-3.3316776752471924,0.26915475726127625,-0.3696247935295105,-0.12314245104789734,-0.7119574546813965,-3.222805976867676,1.159737229347229,1.1817166805267334,-2.003392219543457,-1.5431448221206665,0.1596222221851349,-0.41261449456214905,-0.07990485429763794,-1.519458532333374,-1.6266189813613892,-1.5353935956954956
39229863e,-2.4709668159484863,-3.545649290084839,-4.921334743499756,5.602348804473877,-0.4960751533508301,-0.583393931388855,-7.671675205230713,-4.798054218292236,2.456024408340454,-5.02950382232666,-3.0486996173858643,-6.782923698425293,5.77505350112915,0.5551915168762207,-4.016094207763672,-2.547771453857422,-5.531810760498047,-7.966411590576172,5.767428874969482,-5.075160503387451,-6.209344863891602,-0.5672021508216858,0.7393010854721069,-0.31554654240608215
394f61bca,-5.261321067810059,-1.4898614883422852,-4.046484470367432,2.9139790534973145,-4.47338342666626,-2.6482112407684326,-0.5382850766181946,4.825528144836426,-4.913741111755371,-1.8850317001342773,-0.3243215084075928,4.2253098487854,-4.599303245544434,-4.196687698364258,-1.5679317712783813,0.2351406216621399,-1.2818267345428467,-2.3009958267211914,-3.336345672607422,-1.6161106824874878,-0.47866129875183105,-4.053820610046387,-1.1094462871551514,-1.8780238628387451
397570ea1,-4.2380690574646,1.4150524139404297,-3.6142141819000244,4.294705867767334,-1.652294397354126,-1.6446539163589478,-3.7114651203155518,2.855659246444702,-5.0013604164123535,-0.36674371361732483,-2.789968729019165,-1.4880383014678955,-4.143346786499023,-3.0677661895751953,4.818000316619873,0.6889082193374634,-3.46329665184021,-2.3673038482666016,-1.1543171405792236,-2.692629098892212,-2.4775307178497314,-0.19075258076190948,-1.0705928802490234,-1.0943337678909302
398230aad,-5.803105354309082,-1.3903594017028809,-3.963665246963501,3.593648672103882,-4.690319538116455,-0.06226907670497894,-0.24462509155273438,2.896470069885254,-5.443836212158203,0.648504912853241,-0.3929894268512726,1.844521164894104,-3.6808409690856934,-3.9663548469543457,-0.4408099353313446,2.743481397628784,-1.125015377998352,-0.5941464304924011,-3.3012609481811523,-0.7310769557952881,3.7160496711730957,-4.425743579864502,-1.9745478630065918,-1.5202134847640991
39d659bfb,-3.0608904361724854,2.5184948444366455,-3.1144237518310547,4.970101833343506,-0.5426467657089233,-2.238806962966919,-4.3924560546875,-0.6541706323623657,-3.132161855697632,-0.7161545753479004,-2.6641478538513184,-3.2806644439697266,-1.0954426527023315,-0.6391512155532837,0.21498560905456543,0.06789862364530563,-0.42626699805259705,-4.180962562561035,-0.7138980627059937,-4.188923358917236,-3.03056001663208,1.550851821899414,-1.5550907850265503,-1.9746569395065308
3a16e46fd,6.008384704589844,-4.802229404449463,-2.473137617111206,3.4794962406158447,-5.230584621429443,-3.404672622680664,-5.108070373535156,-2.262908935546875,0.7795252799987793,-6.0399980545043945,0.89342200756073,-5.762450218200684,1.9623595476150513,-4.438187122344971,-5.134622573852539,-1.424083948135376,-7.630239009857178,-9.109492301940918,7.172281265258789,-4.452922344207764,-6.30493688583374,-5.944487571716309,-1.973731279373169,0.9517109394073486
3a19029d7,-7.184439659118652,-1.4438927173614502,-3.9781877994537354,2.3568954467773438,-7.342904090881348,-5.436121940612793,-0.1703232377767563,4.795841693878174,-6.416848182678223,-1.971573829650879,-1.6789703369140625,3.7810957431793213,-5.87668514251709,-4.554476737976074,-6.0229387283325195,2.0447211265563965,4.044029235839844,-1.218741774559021,-6.36503267288208,0.5050985813140869,0.8684221506118774,-7.228569984436035,-2.3885316848754883,-3.8016161918640137
3a3c5c9c6,-2.873340606689453,-3.7707509994506836,-4.384643077850342,5.3973774909973145,-3.0352725982666016,-1.244060754776001,-3.628340482711792,-2.401273012161255,-1.482256293296814,-4.748979568481445,-2.0022547245025635,-3.7362260818481445,4.304396629333496,-3.1651594638824463,-2.145650625228882,3.7070767879486084,-5.129195213317871,-5.732080459594727,5.3084611892700195,-4.368282794952393,-3.961564064025879,-3.45231032371521,-0.7034675478935242,0.7209339737892151
3a5568ef6,3.555130958557129,-3.9158775806427,-1.8868480920791626,1.7559103965759277,-3.8603596687316895,-2.372401714324951,-2.657135486602783,0.40809452533721924,-0.17164243757724762,-3.3032279014587402,3.9796929359436035,-2.2283096313476562,1.3599350452423096,-4.0356645584106445,-3.683279275894165,-1.6206295490264893,-3.880469560623169,-5.654486179351807,5.37514066696167,-1.8422293663024902,-2.6518123149871826,-4.750254154205322,-1.7079914808273315,0.38228583335876465
3a793c210,-3.0656955242156982,2.733607292175293,-3.575212001800537,4.3832597732543945,-2.3690884113311768,-3.1863858699798584,-2.4567368030548096,-1.6014834642410278,-4.580416679382324,-1.1066579818725586,-1.8448150157928467,-2.313483715057373,-2.9327642917633057,-0.5381196737289429,-2.591142416000366,-0.06173831969499588,3.5449156761169434,-1.9652347564697266,-3.058528184890747,-3.4713006019592285,-1.9830851554870605,-1.8768551349639893,-1.6851022243499756,-1.2062742710113525
3a94108ae,-0.21764469146728516,-2.4424326419830322,-0.7991797924041748,1.478124737739563,-2.695927381515503,-0.5371060371398926,-4.403935432434082,-1.7463923692703247,-1.6278595924377441,-3.2565648555755615,-0.8875912427902222,-3.6679792404174805,1.3293285369873047,-2.5395750999450684,-0.4835054874420166,-1.622532844543457,-3.5582075119018555,-4.907799243927002,4.060986042022705,-1.5447477102279663,-2.417530059814453,-3.110907554626465,-1.573272705078125,-0.9373425841331482
3a9c9e770,-2.1743080615997314,0.08742266148328781,-1.1615817546844482,0.011528238654136658,-1.6903109550476074,-1.0764025449752808,-1.4046034812927246,0.22091254591941833,-3.823187828063965,0.6507983803749084,-0.9964066743850708,-0.48377662897109985,-2.5275866985321045,-3.9245340824127197,3.764082431793213,1.153546690940857,-2.980908155441284,-1.0958073139190674,-0.1442958116531372,-1.098815679550171,-0.5668712258338928,-1.856268048286438,-1.438927173614502,-1.2721405029296875
3aa9f305e,-0.5782921314239502,0.2284027338027954,-0.802116870880127,3.9143025875091553,0.6798935532569885,-1.4670478105545044,-4.4827399253845215,-1.5137650966644287,-0.9398581981658936,-0.4531964957714081,-3.3612942695617676,-3.9141602516174316,4.897824287414551,-1.5480320453643799,0.051099590957164764,-2.6561121940612793,-3.155599355697632,-3.510204315185547,5.365597724914551,-2.47568941116333,-2.99762225151062,1.3236103057861328,-2.848628520965576,-0.8781492710113525
3aabef20f,-7.172135353088379,-0.6593009829521179,-4.494651794433594,3.8537988662719727,-6.214670658111572,-4.05657958984375,-0.293774276971817,5.44639778137207,-5.714033603668213,-0.8710372447967529,-2.6150636672973633,1.543096661567688,-4.345306873321533,-3.296062469482422,-3.7624921798706055,3.323472023010254,3.9418859481811523,-1.023469090461731,-5.6036529541015625,0.7441710233688354,1.037599802017212,-5.15218448638916,-2.567899227142334,-3.546950101852417
3ac0902fb,-0.2082829475402832,-1.9053590297698975,-4.673825740814209,6.013038158416748,2.8438777923583984,0.25806355476379395,-6.83475399017334,-3.378154754638672,5.3920207023620605,-2.5913875102996826,-3.240549087524414,-5.3122968673706055,7.218860626220703,2.1309337615966797,-0.04781642556190491,-2.60856032371521,-5.327682018280029,-6.608085632324219,6.527036190032959,-4.698121547698975,-5.413096904754639,3.568666458129883,0.14111953973770142,-0.7371044754981995
3ad586fd9,-0.4849845767021179,-2.3611900806427,-3.314180850982666,5.281245231628418,-2.0445549488067627,-0.8845404386520386,-4.5665740966796875,-2.300664186477661,-1.3350626230239868,-3.162044048309326,-1.1326124668121338,-4.999359607696533,4.515951156616211,-3.22537899017334,-2.3574955463409424,-1.787245512008667,-6.502220153808594,-6.669989585876465,5.210833549499512,-4.4857072830200195,-5.09902286529541,-3.391561508178711,-1.410048007965088,4.279764652252197
3aed2f517,6.987710952758789,-3.2546517848968506,-2.1072616577148438,3.3910300731658936,-4.660207748413086,-3.5843944549560547,-5.095193386077881,-1.164756417274475,0.006698340177536011,-4.8658318519592285,1.5696804523468018,-5.221309185028076,1.1287214756011963,-4.984066486358643,-3.228945016860962,-1.676641583442688,-6.8941240310668945,-8.337897300720215,6.503695011138916,-3.6009063720703125,-5.427976608276367,-5.1658525466918945,-2.1486051082611084,1.9800115823745728
3afe39615,0.8325164914131165,2.4136674404144287,-0.6265286803245544,3.515367031097412,-0.2258037030696869,2.917238712310791,-1.642610788345337,3.0889689922332764,-2.463515281677246,1.7117756605148315,-1.0880720615386963,-0.5834033489227295,0.48613888025283813,0.28830477595329285,1.785247564315796,2.547788619995117,-2.1574442386627197,-0.4067240357398987,2.579314708709717,-0.6089244484901428,-1.1378915309906006,-0.248291015625,-1.1965187788009644,1.7569295167922974
3b42a21c2,4.510198593139648,-5.414651870727539,-5.157960891723633,4.886861801147461,-3.987466812133789,-2.6063032150268555,-7.529636383056641,-3.916135549545288,1.5843145847320557,-6.661301136016846,-1.1531708240509033,-8.277692794799805,5.660861015319824,-3.6249399185180664,-5.693620681762695,-3.631115436553955,-9.113029479980469,-10.576324462890625,7.60032844543457,-6.3028459548950195,-7.8288984298706055,-4.615280628204346,-1.8601938486099243,1.1874165534973145
3b4bd5f20,-2.4737350940704346,1.9549806118011475,-0.42193925380706787,3.056946277618408,-2.4599790573120117,-1.257448434829712,-0.941617488861084,0.7268165349960327,-3.8895249366760254,1.276017665863037,-1.278234839439392,-0.7315231561660767,-1.9961190223693848,-3.3381123542785645,3.980802059173584,2.702754020690918,-2.1858954429626465,0.7060181498527527,-1.0926352739334106,-1.4260722398757935,-0.3582077622413635,-2.276615858078003,-0.6787624955177307,-1.2869831323623657
3b62ed484,-4.071688652038574,-5.3144989013671875,-4.654869556427002,5.989051342010498,-2.084195137023926,0.23481039702892303,-6.87213134765625,-5.130882263183594,-1.1584528684616089,-6.230544567108154,-2.4225502014160156,-8.174623489379883,5.112406253814697,-3.997163772583008,-4.624205589294434,-6.560378551483154,-8.365836143493652,-8.323060035705566,4.9779863357543945,-4.705506324768066,-5.721831321716309,-2.979093551635742,-1.0458388328552246,4.415287017822266
3b76bbc91,-7.427030086517334,3.737680435180664,-5.427896499633789,5.891191482543945,-5.349831581115723,-5.638593673706055,-4.511722564697266,-2.6914186477661133,-7.883293151855469,-3.825526237487793,-3.410444736480713,-4.595670700073242,-6.90585994720459,-0.7143767476081848,-6.0078535079956055,-1.1797151565551758,6.842090606689453,-4.250295639038086,-7.699780464172363,-5.75286340713501,-3.7576613426208496,-4.383520126342773,-3.0959625244140625,-3.5712780952453613
3b928f30b,5.621368885040283,-3.8909618854522705,-4.801938533782959,4.454329967498779,-3.301699638366699,-3.3983216285705566,-6.894554138183594,-3.3716495037078857,2.170999050140381,-5.142763614654541,-0.9785823822021484,-6.754631996154785,4.601944446563721,-4.144109725952148,-5.3215227127075195,-3.913980484008789,-8.709230422973633,-9.525328636169434,7.5785417556762695,-6.4851884841918945,-7.810381889343262,-4.1479034423828125,-2.5057549476623535,3.4831771850585938
3b933198e,-5.576316833496094,-1.6131963729858398,-3.344334840774536,1.129748821258545,-5.778465270996094,-3.4234766960144043,0.9295205473899841,4.474815368652344,-5.505374431610107,-0.7608857154846191,-1.3009605407714844,3.042922258377075,-4.818577766418457,-3.9508376121520996,-3.8167457580566406,1.976426362991333,2.8288395404815674,-0.8735705614089966,-4.9691667556762695,0.7151022553443909,1.2887319326400757,-5.735870361328125,-2.0487866401672363,-1.740546703338623
3ba2bdb06,-3.460078716278076,-1.9601458311080933,3.3562769889831543,3.9244437217712402,-0.1583787053823471,2.2315149307250977,-3.5601277351379395,-1.938172698020935,-2.0083096027374268,-2.5575857162475586,-2.0449020862579346,-3.0406503677368164,4.377099990844727,-0.8573622703552246,-2.4832379817962646,-0.583718478679657,-4.21693229675293,-4.30954647064209,3.202836036682129,-0.48736509680747986,-0.8725924491882324,-2.4296493530273438,0.6061797142028809,3.0152034759521484
3ba4edeba,-4.3102264404296875,-1.109065055847168,-1.4943920373916626,0.5057677030563354,-4.058608055114746,-2.319047212600708,-0.28255483508110046,3.908486843109131,-4.275786876678467,-0.11326167732477188,-1.3195799589157104,1.3432343006134033,-3.2311017513275146,-3.8249621391296387,-2.7560975551605225,-0.015093743801116943,3.2853705883026123,-0.818306565284729,-3.258364200592041,1.147564172744751,1.5689401626586914,-3.3407723903656006,-2.2354073524475098,-1.4459526538848877
3bd259456,-0.5608054399490356,-2.7946174144744873,-5.092893600463867,5.603020191192627,-0.23514807224273682,-1.98587965965271,-7.749692440032959,-4.353133678436279,2.393968105316162,-4.420257568359375,-4.028030872344971,-7.086235046386719,6.16545295715332,-0.7171539664268494,-3.1262364387512207,-3.499514579772949,-6.675299644470215,-8.627301216125488,6.032809257507324,-5.3738274574279785,-6.912691593170166,-0.11914825439453125,-0.49587735533714294,-0.722991406917572
3bdf2e2f3,-5.653443813323975,3.2416188716888428,-4.157688617706299,4.804806232452393,-3.5092227458953857,-4.242361068725586,-3.0971248149871826,-2.046846389770508,-6.048231601715088,-2.0858242511749268,-2.7126517295837402,-3.0585176944732666,-5.410002708435059,-0.5186334848403931,-4.063565254211426,-1.2184501886367798,6.221846580505371,-2.2524056434631348,-5.808707237243652,-4.783444404602051,-2.4003798961639404,-2.746654510498047,-2.179377317428589,-2.389711856842041
3be052546,-2.3510141372680664,-2.7071752548217773,-4.205808162689209,5.354534149169922,0.0384598970413208,2.202582359313965,-6.4091339111328125,-3.3696699142456055,2.003859519958496,-4.320892333984375,-3.101527690887451,-5.469231128692627,5.9770965576171875,1.1538203954696655,-3.3195555210113525,-1.6272966861724854,-5.334771633148193,-6.473504543304443,5.565385341644287,-4.1103949546813965,-4.603958606719971,-0.18435510993003845,0.5314730405807495,-0.531100332736969
3be35b503,-4.0428924560546875,-0.6704875230789185,-0.6667404770851135,0.2710643708705902,-3.5049872398376465,-1.3774304389953613,-0.7410284876823425,3.9993374347686768,-4.405009746551514,0.8401670455932617,-1.8561532497406006,0.3286091983318329,-2.3547210693359375,-3.5344948768615723,-2.218075752258301,-0.1431073248386383,0.9744234085083008,-0.36809977889060974,-1.9389288425445557,0.8465139269828796,1.6300809383392334,-3.3245480060577393,-3.2277798652648926,-2.1145291328430176
3bf293ad6,-1.5559004545211792,-0.19297929108142853,0.9760321378707886,1.5424799919128418,-1.364799976348877,-0.2109299898147583,-2.4184188842773438,0.6189937591552734,-2.4317116737365723,-0.19341744482517242,-0.6388183832168579,-0.9863916039466858,-0.8584087491035461,-2.2851603031158447,1.4413138628005981,-1.2590439319610596,-2.0183756351470947,-1.4712932109832764,1.366455316543579,0.05607496201992035,-0.13162244856357574,-0.8080410957336426,-1.5558154582977295,-0.45662856101989746
3c03b2503,-3.63214111328125,-0.37256044149398804,-2.4061145782470703,1.5594547986984253,-3.2537314891815186,-2.4639060497283936,1.8576631546020508,0.5161681771278381,-3.895303726196289,0.45444387197494507,-0.2392130196094513,1.7075556516647339,-2.815948963165283,-2.7209763526916504,-0.9055765271186829,2.2992820739746094,1.443239450454712,0.9629501104354858,-2.9264066219329834,-1.0639971494674683,0.2984800338745117,-3.4475955963134766,-1.2658092975616455,-0.28797802329063416
3c5257721,-5.353395938873291,1.8981401920318604,-3.296527147293091,4.773995399475098,-2.550779104232788,-2.497187852859497,-2.190229892730713,-1.5570733547210693,-5.131178855895996,-0.7988905310630798,-1.662916898727417,-2.043961524963379,-3.451425075531006,-1.4679577350616455,-1.96802818775177,-0.629016637802124,2.213648796081543,-1.6253880262374878,-3.1825125217437744,-3.612328290939331,-0.9257050156593323,-1.2385261058807373,-2.020313024520874,-1.3989813327789307
3cb7b0132,4.273425102233887,-1.1264408826828003,-0.08897940814495087,-0.4460134208202362,-2.5493059158325195,-1.083967924118042,-2.7217752933502197,-0.9421972632408142,-2.284079074859619,-1.491288423538208,0.834219217300415,-2.7600462436676025,-0.6434757709503174,-3.022313356399536,-0.2333666831254959,-1.4816328287124634,-3.219595432281494,-3.9904956817626953,3.5356903076171875,-0.4730459153652191,-1.5962940454483032,-2.997525453567505,-2.047947883605957,0.6433185338973999
3d259c6a2,-2.3535091876983643,-1.1093332767486572,-1.9473085403442383,3.293914794921875,-1.5810339450836182,0.2210843563079834,-3.675668478012085,1.2639259099960327,-2.6882810592651367,-2.55747127532959,-1.1908327341079712,-2.3829009532928467,0.14698341488838196,-2.4587557315826416,2.7287063598632812,1.7046557664871216,-4.994489669799805,-4.786597728729248,3.2464234828948975,-1.6592140197753906,-2.9393081665039062,-0.4340798258781433,-1.1765855550765991,-0.814360499382019
3d461e965,3.5643396377563477,4.4376091957092285,0.24696850776672363,3.5738377571105957,-0.6165319681167603,-1.390784502029419,-0.9925463199615479,0.34867480397224426,-3.0053415298461914,1.5850483179092407,0.2671898901462555,-0.899712085723877,-0.010169465094804764,-1.4103392362594604,0.17516720294952393,0.772405743598938,-2.0827369689941406,-3.00065016746521,2.2762033939361572,-1.2764708995819092,-1.7470046281814575,-0.9459054470062256,-1.2225298881530762,1.2182857990264893
3d60d5b03,5.052014350891113,4.28573751449585,-4.221076965332031,4.91102409362793,1.289325475692749,-3.7167506217956543,-5.963292598724365,-2.5487442016601562,0.277010053396225,0.9086880683898926,-3.53652286529541,-5.3474321365356445,5.4782819747924805,-0.58964604139328,0.04303424060344696,-2.046799659729004,-4.885536193847656,-7.137098789215088,6.083985805511475,-5.261751174926758,-6.821173191070557,1.650342345237732,-3.382615566253662,-0.5070220232009888
3d7d6dadb,6.860304832458496,5.545168876647949,0.7084044218063354,4.046295642852783,-0.8364270329475403,-3.9322516918182373,-1.4209272861480713,-0.5816507339477539,-2.1766316890716553,2.285233974456787,-0.2633513808250427,-1.9858444929122925,3.226431369781494,-1.4396321773529053,-1.8734748363494873,-0.061937227845191956,-3.0975430011749268,-5.365331172943115,5.0002522468566895,-2.332517385482788,-4.225795745849609,-1.7272915840148926,-2.6696882247924805,-0.28227007389068604
3d7f62c79,5.752731800079346,-4.148554801940918,-2.8713595867156982,3.188246250152588,-3.7723655700683594,-1.9937268495559692,-5.86739444732666,-2.3319435119628906,0.7629626989364624,-5.074057102203369,0.4590497612953186,-6.264749050140381,2.3483269214630127,-4.292842864990234,-2.497114419937134,-2.7359840869903564,-7.094262599945068,-8.398087501525879,7.141422748565674,-3.910094738006592,-5.230537414550781,-4.210876941680908,-2.263491153717041,1.056463360786438
3d89d5571,-2.9392025470733643,3.032618522644043,0.16721172630786896,4.233428478240967,-2.349231004714966,0.8148927092552185,-2.92209792137146,3.9226574897766113,-4.662827968597412,-0.06959018111228943,-2.0030715465545654,-1.058232307434082,-2.6621203422546387,-2.195716381072998,3.8426413536071777,3.611647129058838,-2.7225453853607178,-2.453537940979004,-1.3346855640411377,-1.2102566957473755,-1.1166877746582031,-1.0320899486541748,-1.0877569913864136,-2.517855405807495
3d8ed3eed,-4.452735900878906,-1.354353666305542,-3.7481062412261963,3.7484850883483887,-3.3128867149353027,-2.55047869682312,0.13746918737888336,4.869239330291748,-4.793920040130615,-0.8975794315338135,-0.18381033837795258,5.405086040496826,-3.482025384902954,-4.675864219665527,-0.2931322753429413,1.202772617340088,-1.7354129552841187,-1.8785209655761719,-2.259070634841919,-1.5232661962509155,-0.6288937330245972,-3.7568185329437256,-1.0683766603469849,0.6193313002586365
3d8fbaf50,-1.7678158283233643,-1.8615772724151611,-0.9156364798545837,1.964854121208191,-1.8267735242843628,1.435178279876709,-3.536679267883301,-1.6482707262039185,-1.016621708869934,-2.2583000659942627,-0.6085433959960938,-3.188898801803589,1.7940847873687744,-2.3292808532714844,-0.15632924437522888,-0.6013628244400024,-4.13016939163208,-3.561326265335083,3.024343490600586,-1.188525676727295,-1.434525966644287,-2.510958433151245,0.03634825348854065,0.2762703597545624
3d93af672,-1.0753753185272217,-0.5341836810112,0.13239267468452454,0.13141077756881714,-2.238658905029297,0.9588831067085266,-0.08724148571491241,0.8774940967559814,-2.0630064010620117,0.5864350199699402,4.742150783538818,0.8512507081031799,-0.6658097505569458,-2.1668426990509033,-0.07891659438610077,0.8300737142562866,-2.1621785163879395,-0.29911571741104126,0.12395679950714111,-0.40979453921318054,1.4724271297454834,-3.1035361289978027,-1.0025972127914429,-0.5211341381072998
3dabe2366,-4.355314254760742,-3.099501609802246,1.4951037168502808,4.476047515869141,-0.6536523103713989,1.6158418655395508,-2.668454885482788,-0.5602657794952393,-2.4212515354156494,-2.6459927558898926,-0.6187137365341187,-2.669407606124878,2.9097023010253906,-3.531768321990967,-2.281811237335205,-3.590430736541748,-3.856581687927246,-3.3218750953674316,2.607672929763794,-0.3607496917247772,-0.6984042525291443,-2.4422125816345215,-0.924999475479126,2.3994007110595703
3db0b6ad6,-6.022126197814941,3.9045581817626953,-4.491836071014404,5.384586811065674,-4.975722312927246,-4.2952985763549805,-3.143418312072754,0.06111644208431244,-6.5902276039123535,-2.6389572620391846,-3.038132667541504,-2.990691661834717,-5.504575252532959,0.2506009638309479,-4.3396830558776855,0.8139989376068115,6.228693008422852,-3.068845272064209,-6.197443008422852,-3.537203788757324,-2.0726215839385986,-4.143191814422607,-2.246267795562744,-3.6511425971984863
3dc375aec,-0.7086034417152405,-2.0405161380767822,-2.449132204055786,3.8918886184692383,-1.5719432830810547,-0.272371768951416,-4.498103618621826,-1.7990657091140747,-0.9469029903411865,-3.292342185974121,-1.3618881702423096,-4.605309963226318,2.543686866760254,-1.964791178703308,0.4668126106262207,-0.839299201965332,-4.972519397735596,-5.649935722351074,3.8270394802093506,-2.901742458343506,-3.7658283710479736,-1.6805613040924072,-0.8241170644760132,0.4551459550857544
3de11e9f6,-2.866515874862671,-2.8855671882629395,-4.651264190673828,6.360669136047363,2.0304927825927734,-0.26431384682655334,-6.4665961265563965,-3.920541524887085,0.06339949369430542,-3.404733180999756,-2.9039368629455566,-6.9565229415893555,6.27761173248291,-1.1645301580429077,-1.679029941558838,-3.707998752593994,-6.791094779968262,-6.831694602966309,5.612371444702148,-4.7769927978515625,-5.431757926940918,1.1666791439056396,-0.8453634977340698,2.9948954582214355
3de2e5efc,0.35459405183792114,-1.0792043209075928,-2.295016288757324,4.01212739944458,0.3758050203323364,1.1860138177871704,-4.709725379943848,-1.606452465057373,2.768761157989502,-2.2050423622131348,-1.2585593461990356,-4.075497627258301,3.6230363845825195,-0.061974748969078064,0.687731146812439,-0.653388500213623,-4.7016425132751465,-4.540245056152344,4.5799970626831055,-2.0649096965789795,-3.3806371688842773,0.48276400566101074,-0.2157471925020218,-0.3922919034957886
3de404cd1,-5.542141437530518,1.2592287063598633,-5.488142013549805,4.696527004241943,-3.73555326461792,-2.604719877243042,-1.6915817260742188,4.42141056060791,-6.239570617675781,-1.548047661781311,-2.3798022270202637,2.3657877445220947,-4.777533531188965,-4.266788482666016,4.96449613571167,3.7412261962890625,-3.5232458114624023,-3.2739059925079346,-2.6608195304870605,-2.770343780517578,-2.6637187004089355,-2.6672251224517822,-1.2372243404388428,-3.242602825164795
3de82b52b,-4.205178260803223,2.7028634548187256,-4.414505481719971,4.951382160186768,-2.5933401584625244,-3.2420554161071777,-3.215715169906616,-1.7194664478302002,-4.957252502441406,-1.4707733392715454,-2.2343177795410156,-2.593942165374756,-3.477109432220459,-0.5465153455734253,-2.509626626968384,-0.1462598592042923,3.5933377742767334,-2.6475906372070312,-3.4478352069854736,-4.021388530731201,-2.3670694828033447,-1.8136637210845947,-1.7803202867507935,-1.6767034530639648
3e214fe98,-1.2888834476470947,-2.677734375,-1.0399715900421143,3.5022952556610107,-2.2653849124908447,0.8718088865280151,-2.989145278930664,-0.9659519791603088,-1.4718272686004639,-2.491759777069092,0.1919930875301361,-3.0982863903045654,1.7215256690979004,-2.6525044441223145,-0.560495913028717,0.7706253528594971,-4.824571132659912,-4.055366516113281,3.8771402835845947,-1.4149889945983887,-1.62872314453125,-3.3416059017181396,-0.3914492428302765,1.1180227994918823
3e4114fad,-5.694423675537109,-1.9034475088119507,-1.2820173501968384,4.293987274169922,0.5567841529846191,5.288715362548828,-0.7770147323608398,-1.5499138832092285,-3.028620481491089,-0.059753239154815674,0.7815462350845337,-2.4221763610839844,1.0905485153198242,-2.8284778594970703,-1.8094245195388794,-1.078466773033142,-3.2426843643188477,-0.9363028407096863,0.2397502064704895,-1.3004875183105469,0.5244947671890259,-2.2675766944885254,-1.6477923393249512,4.837351322174072
3e46d90e7,-2.9263346195220947,-0.7308916449546814,-1.858564853668213,1.4945313930511475,-2.2196950912475586,-0.3131650686264038,0.06431007385253906,4.311460018157959,-3.8694961071014404,0.6648256778717041,0.5268673300743103,2.452512502670288,-1.0242156982421875,-4.946499347686768,0.00722859799861908,1.386130928993225,-1.720374584197998,-0.07364226877689362,-1.4648513793945312,0.6891198754310608,0.9285221695899963,-3.560500383377075,-0.9658840298652649,2.8130133152008057
3e693e956,-3.0500738620758057,1.7274951934814453,-2.6989798545837402,4.219901084899902,-1.6659213304519653,-1.5858490467071533,-4.207183361053467,0.9806091785430908,-4.460011959075928,-0.7579172849655151,-1.5532222986221313,-2.1123173236846924,-3.227919340133667,-2.827265739440918,5.587056636810303,0.1293019950389862,-3.6623756885528564,-3.343595504760742,-0.15686702728271484,-2.600713014602661,-3.0805633068084717,-0.6669384241104126,-0.07512740790843964,-1.8682242631912231
3e79a8489,6.299003601074219,5.3126349449157715,-2.5264811515808105,4.409162521362305,-0.3233785033226013,-3.520235061645508,-4.091486930847168,-1.4059584140777588,-1.9562586545944214,1.5428659915924072,-1.0832459926605225,-4.1747026443481445,3.929208278656006,-1.5586432218551636,-1.6413886547088623,-0.5185244083404541,-4.10246467590332,-7.138221263885498,5.0779643058776855,-4.565139293670654,-6.038520812988281,-0.9380246996879578,-2.0177767276763916,1.8146594762802124
3e8e64622,6.957942008972168,6.834200859069824,-2.9525885581970215,5.473293781280518,-0.25415241718292236,-3.9423298835754395,-3.2112908363342285,-0.6381482481956482,-3.2859323024749756,4.03317928314209,-1.133937954902649,-2.9793293476104736,3.7355005741119385,-1.2121810913085938,-1.230710506439209,2.851118564605713,-4.458493232727051,-5.565361022949219,5.360076427459717,-4.749556541442871,-5.216061592102051,-1.1677415370941162,-2.560926914215088,0.9877614974975586
3ea29035a,-6.970287322998047,4.18798303604126,-5.574804306030273,5.905533313751221,-5.823699474334717,-5.598500728607178,-4.889932155609131,-2.0551090240478516,-8.312844276428223,-3.914367198944092,-3.4660983085632324,-4.89451789855957,-7.798544406890869,-0.979725182056427,-5.51711368560791,-1.0785729885101318,6.148497581481934,-4.959891319274902,-7.954868316650391,-5.937828540802002,-3.998075246810913,-4.445143222808838,-2.961165189743042,-4.34709358215332
3ec54ea51,-2.1835572719573975,-0.2769809067249298,-0.06994310021400452,4.4817705154418945,-0.5091148018836975,3.8807601928710938,-2.405426263809204,1.317772626876831,-1.921501874923706,-1.4264856576919556,0.19082577526569366,-1.0314522981643677,2.9600515365600586,-0.739056408405304,-0.9051611423492432,0.6020431518554688,-3.479393482208252,-3.358876943588257,2.656934976577759,-2.0554001331329346,-0.38162413239479065,-1.194664716720581,-0.19792620837688446,0.9735796451568604
3ef8f39f8,-6.550746917724609,-1.6695162057876587,-3.17179536819458,1.2140238285064697,-6.857589244842529,-2.920192241668701,-0.6146901845932007,4.779406547546387,-5.964133262634277,-1.512323021888733,-1.9798264503479004,2.5325927734375,-5.467674255371094,-4.289381980895996,-5.344558238983154,1.0269477367401123,3.9619739055633545,-1.9343780279159546,-5.895867347717285,1.515697956085205,1.6626615524291992,-6.478954792022705,-2.666868209838867,-3.518956184387207
3f052aa50,-2.310396909713745,-3.3862199783325195,-4.008604049682617,5.142446041107178,-2.3444230556488037,-2.36653470993042,-7.683742523193359,-4.383654594421387,-0.28289324045181274,-5.30021858215332,-3.4277379512786865,-7.891873359680176,5.3324480056762695,-2.5983948707580566,-2.8171184062957764,-3.1618900299072266,-7.4226484298706055,-8.893385887145996,5.855895519256592,-6.088589191436768,-6.9626874923706055,-1.9640147686004639,-2.0906426906585693,0.06902365386486053
3f16bf597,-4.3602705001831055,1.7799590826034546,-1.9476834535598755,3.0462491512298584,-5.182184219360352,-3.366816520690918,-0.7655290961265564,0.03447294235229492,-6.05817174911499,-1.3980389833450317,-1.4411319494247437,-0.21460431814193726,-4.849674701690674,-1.8763772249221802,-4.762603282928467,-0.6044231653213501,4.588042736053467,-2.153855800628662,-4.469424724578857,-0.6300148963928223,0.4622589945793152,-4.839829921722412,-2.403757095336914,-1.8172054290771484
3f4297971,-2.102829933166504,0.6525794863700867,5.801776885986328,1.593017578125,-2.159353017807007,-0.33000582456588745,-1.3415274620056152,-0.34533169865608215,-3.262268304824829,0.06346780061721802,-1.2778797149658203,-0.6763216853141785,0.011264629662036896,-1.8230071067810059,-1.4882922172546387,0.028730496764183044,-0.9618650674819946,-0.821473240852356,-0.6808099746704102,1.639665961265564,0.7950752377510071,-2.3927314281463623,-0.4375412166118622,-0.724153459072113
3f6fe7d19,-3.4810357093811035,-1.6169523000717163,-1.8653138875961304,4.826264381408691,-2.2923147678375244,1.1500236988067627,-2.266326904296875,0.883264422416687,-2.84206223487854,-1.4032843112945557,0.3169262111186981,-0.4136964976787567,0.4625561833381653,-1.8717706203460693,-0.05101422220468521,1.355600357055664,-3.5762205123901367,-3.1014418601989746,1.3357635736465454,-1.6014364957809448,0.2822437882423401,-3.1895604133605957,1.1189656257629395,0.01703215390443802
3f75c5715,-3.0157673358917236,-0.20196479558944702,-0.578911542892456,0.8525049090385437,-2.5540523529052734,-1.3595631122589111,0.4755706787109375,1.240218997001648,-3.204583168029785,0.6473685503005981,0.0026653558015823364,3.156569719314575,-1.7517070770263672,-2.439683437347412,-1.866228461265564,-0.035934753715991974,0.2523185908794403,-0.09637898206710815,-1.3237351179122925,-0.11890643835067749,0.8934260606765747,-3.1022703647613525,-1.4524576663970947,-0.6953137516975403
3f9a8ba65,-0.9178196787834167,0.031438931822776794,-1.0957856178283691,5.080660820007324,3.431666374206543,-1.1637094020843506,-5.100589275360107,-3.044914722442627,0.6995259523391724,-1.781211495399475,-4.653717041015625,-4.200785160064697,5.951665878295898,2.6780567169189453,-0.704741358757019,-1.3804844617843628,-3.5617332458496094,-5.359353542327881,5.8082051277160645,-2.917255401611328,-4.251687526702881,2.6602537631988525,-1.8619085550308228,-1.9911922216415405
3fc5a5df4,6.392358303070068,5.247182369232178,-4.71646785736084,4.7477521896362305,-0.3572166860103607,-4.828710556030273,-6.208047389984131,-3.59981369972229,-1.9156501293182373,1.2784441709518433,-2.349545955657959,-5.8089985847473145,5.4750213623046875,0.8333083391189575,-3.3099145889282227,-0.5078470706939697,-5.184718132019043,-8.830743789672852,6.275785446166992,-6.157713890075684,-8.263016700744629,-1.5571298599243164,-3.4069318771362305,1.0906100273132324
3fcc38f27,-3.3667757511138916,-0.014675430953502655,-0.29051971435546875,-0.6695331931114197,-3.2647793292999268,-1.620680570602417,0.3097413182258606,1.044288158416748,-4.474112510681152,1.865246057510376,-0.5210294127464294,0.9873305559158325,-3.1183481216430664,-2.8429007530212402,-2.4437344074249268,-0.5566419959068298,1.884620189666748,2.4335522651672363,-2.756671667098999,-0.060331374406814575,1.6715779304504395,-3.6730198860168457,-3.1155431270599365,-0.7972398400306702
3fdcfc43e,7.749671459197998,-5.494322776794434,-2.9337472915649414,1.7926946878433228,-4.287771224975586,-3.7763397693634033,-5.422105312347412,-1.994316816329956,2.8123209476470947,-5.270351886749268,1.907263159751892,-5.267421245574951,0.023737341165542603,-4.072460174560547,-5.523499488830566,-3.680863857269287,-5.615365982055664,-7.633752822875977,6.842790603637695,-3.8169500827789307,-6.042278289794922,-4.966733932495117,-3.0902457237243652,0.4712217450141907
3fe42e809,6.262936115264893,-5.806818962097168,-5.020936012268066,3.6712913513183594,-3.8134894371032715,-4.664637565612793,-7.172369480133057,-3.111431121826172,3.2240123748779297,-6.530306816101074,-0.2239760011434555,-7.214524269104004,2.9026200771331787,-3.9664337635040283,-5.787359237670898,-4.261806011199951,-7.895862579345703,-10.384102821350098,7.657703876495361,-5.661813735961914,-8.406694412231445,-4.539822578430176,-2.586073875427246,0.9872063398361206
3fe8034aa,0.35083162784576416,-0.4799022674560547,-0.7223986387252808,3.2698140144348145,-0.6792552471160889,-0.152133971452713,-4.440134048461914,-1.6005849838256836,0.7535511255264282,-2.2746195793151855,-1.425428867340088,-4.105106353759766,2.723761558532715,-0.9940872192382812,0.40108275413513184,-1.307299017906189,-4.120345115661621,-4.814704895019531,4.14781379699707,-1.8167173862457275,-3.2858567237854004,-0.7029412984848022,-0.8938881158828735,-0.43941715359687805
4006b60ad,-2.661087989807129,-2.0157032012939453,-5.579458236694336,5.1896772384643555,0.7735266089439392,-0.675326406955719,-5.855240821838379,-3.860440731048584,-1.9522508382797241,-2.907792329788208,-2.7561495304107666,-6.032742023468018,4.295355796813965,-2.1393446922302246,-1.9382107257843018,-2.964397668838501,-6.104514122009277,-6.588703155517578,4.1324687004089355,-4.775590419769287,-5.517754077911377,-0.6036369204521179,-1.2645026445388794,3.5547053813934326
402313292,-3.144829273223877,-0.22813917696475983,-0.7354409694671631,1.0911798477172852,-3.0916659832000732,-0.48679786920547485,1.0617930889129639,2.540234327316284,-3.5283913612365723,0.3720755875110626,0.06689196825027466,1.10459303855896,-2.6707000732421875,-1.9860597848892212,-2.471902847290039,0.5648159980773926,1.2774670124053955,0.21465575695037842,-2.7494137287139893,0.5273851156234741,1.3264014720916748,-2.9120969772338867,-1.7297921180725098,-0.5103273391723633
403dde5a6,0.20860829949378967,-2.870539903640747,-0.13808341324329376,0.903558611869812,-3.0892069339752197,-1.912224531173706,-3.665229320526123,-1.2087918519973755,-2.627317190170288,-2.730273723602295,-0.8111684322357178,-3.2248692512512207,0.1304653137922287,-4.366164207458496,-1.1843467950820923,-1.8226196765899658,-4.471975326538086,-5.311249732971191,3.9250330924987793,-1.4150439500808716,-2.6552159786224365,-3.698024034500122,-2.119784355163574,-0.3262823522090912
40508a6ab,-5.752264022827148,-1.672569990158081,-3.34720778465271,2.907057285308838,-5.697365760803223,-2.895904541015625,-0.28727173805236816,5.495129585266113,-6.031949996948242,-1.4198098182678223,0.6067861914634705,3.4822700023651123,-4.496095180511475,-4.701900959014893,-0.6149883270263672,1.6383169889450073,-1.3683393001556396,-2.524632215499878,-3.68510365486145,-0.09197793900966644,-0.05004112422466278,-4.985374927520752,-1.736967921257019,-2.0425608158111572
40a1a33b7,-5.701667785644531,-3.2382233142852783,-2.262483596801758,4.721020698547363,-1.9672399759292603,0.6838343143463135,-0.6938337683677673,-2.0098607540130615,-4.348700523376465,-1.3218581676483154,0.8523290753364563,-2.5871200561523438,-0.12400850653648376,-4.482338905334473,-3.22288179397583,-1.9920828342437744,-2.097727060317993,-1.7909538745880127,-0.4004634916782379,-1.7615022659301758,-0.020231571048498154,-4.09536600112915,-1.8908300399780273,4.923990726470947
40b0e1e5e,-2.010019063949585,-1.413640022277832,-0.0011419206857681274,1.5952972173690796,-2.1299359798431396,1.1132292747497559,-2.0390071868896484,-0.5371714234352112,-2.106405735015869,-0.7822160720825195,-0.5866103172302246,-1.9516620635986328,1.4437192678451538,-2.141230583190918,-0.63370680809021,0.16931770741939545,-2.9789326190948486,-1.792995810508728,1.9787590503692627,-0.539594292640686,0.09983374178409576,-2.9624526500701904,-1.5713109970092773,-0.8624105453491211
410190cfc,-4.151495933532715,2.716264247894287,-3.7176589965820312,5.402922630310059,-2.3407955169677734,-2.7169573307037354,-3.0052926540374756,-1.5909998416900635,-4.939046859741211,-1.5161279439926147,-1.963902235031128,-2.700259208679199,-3.2951948642730713,-0.7337697148323059,-1.7860667705535889,-0.25387802720069885,3.04062557220459,-2.98018479347229,-3.0983853340148926,-3.8086557388305664,-2.113079071044922,-1.2108548879623413,-1.4651129245758057,-1.3679100275039673
410fb8cc1,-2.5262155532836914,2.0802102088928223,6.66519832611084,3.819610118865967,-2.294265031814575,0.4870228171348572,-2.086219549179077,1.5978021621704102,-3.681663990020752,1.416425347328186,-2.009793519973755,-0.35979485511779785,-0.2747076451778412,-2.5364878177642822,-1.2810473442077637,-0.49244534969329834,-1.0605244636535645,-0.27541789412498474,-0.7107437252998352,1.1228103637695312,0.7956818342208862,-1.471423625946045,-0.9402481913566589,-1.2961305379867554
413b41f30,-4.101646900177002,-0.7081555724143982,-2.910398006439209,1.622666358947754,-3.8165693283081055,-2.8523924350738525,1.9282927513122559,1.5057148933410645,-4.706636428833008,0.2977716624736786,0.1701403111219406,3.795947313308716,-3.5894269943237305,-4.230688571929932,-1.357581615447998,0.73224937915802,-0.23226213455200195,0.5988344550132751,-3.412606954574585,-1.5241284370422363,0.41798460483551025,-4.308510780334473,-1.1828678846359253,-0.5639221668243408
41402125e,4.609306812286377,-3.052180767059326,0.03824087977409363,1.393067717552185,-4.2748308181762695,-2.1152658462524414,-3.091369152069092,2.5877912044525146,-0.5735948085784912,-2.847226858139038,0.4539507031440735,-1.9738661050796509,-0.8978081345558167,-4.219554424285889,-2.7633392810821533,-0.9280739426612854,-3.1613688468933105,-4.987695693969727,4.242213249206543,0.08221966028213501,-2.6085758209228516,-4.396365642547607,-2.2979986667633057,-1.3138740062713623
4143bb919,-4.842325687408447,2.550887107849121,-3.521912097930908,4.850064277648926,-3.6768269538879395,-2.65635347366333,-1.9491515159606934,-1.8449218273162842,-5.669005393981934,0.2998758852481842,-2.234482765197754,-2.224858045578003,-3.4832563400268555,-0.9745135307312012,-2.5962369441986084,2.2746875286102295,4.413078784942627,-0.5147676467895508,-4.001011848449707,-3.4939825534820557,-1.0573418140411377,-2.999758243560791,-1.990262508392334,-2.1125309467315674
416ece2aa,0.8599913120269775,2.48207688331604,1.052800178527832,0.8184396028518677,-1.032508134841919,-0.1494411677122116,0.224066823720932,0.6748583316802979,-3.327399492263794,2.2802822589874268,0.3015173077583313,0.4516313076019287,-0.6933830380439758,-1.738378643989563,0.2866783142089844,1.453989028930664,-0.7757678627967834,0.10303862392902374,0.9546098113059998,-0.10541321337223053,0.327117383480072,-2.1075873374938965,-1.7196062803268433,0.8246172070503235
41732ffe5,-3.48250412940979,-0.3157319724559784,-1.4351810216903687,2.3445355892181396,-2.937685012817383,-0.6726070642471313,1.3428068161010742,2.3496780395507812,-3.902406930923462,1.1073601245880127,-0.2081419825553894,1.630070447921753,-2.015212297439575,-2.6533544063568115,-0.9813017249107361,1.9118568897247314,0.07395485788583755,0.7405596375465393,-2.0794596672058105,0.2192627191543579,1.3797119855880737,-3.4270806312561035,-1.586622953414917,-0.6315470337867737
41862ce19,-2.8703019618988037,-2.2179858684539795,-2.0930864810943604,4.767646789550781,0.34734833240509033,0.03817053511738777,-3.579253673553467,-2.947497844696045,-1.859271764755249,-2.2805685997009277,-1.8204467296600342,-4.660970211029053,4.036531448364258,-2.0422396659851074,-2.5070204734802246,-3.395404577255249,-4.828913688659668,-3.9900596141815186,2.951672315597534,-3.147637367248535,-3.313300132751465,-0.9416238069534302,-1.0381009578704834,3.923579216003418
419c8ebfa,-0.9550291895866394,-1.9682806730270386,-2.90024733543396,5.6102375984191895,2.375370502471924,-0.45434868335723877,-7.062309741973877,-3.2790985107421875,4.973552227020264,-2.613154649734497,-3.7102670669555664,-5.179749011993408,6.177657127380371,1.4851980209350586,0.5061296224594116,-2.9692623615264893,-4.7705912590026855,-5.995209693908691,6.354858875274658,-3.9414589405059814,-5.112131118774414,3.031538963317871,-0.9621927738189697,-1.5807738304138184
41b9efd30,-2.1767706871032715,2.017932415008545,6.23963737487793,3.9122467041015625,-1.348900318145752,-0.006990108639001846,-2.5560858249664307,1.7850568294525146,-3.248880386352539,-0.2171878218650818,-2.334152936935425,-1.6553016901016235,2.223361015319824,-0.5502474904060364,-1.4508874416351318,0.5779497623443604,-0.9774281978607178,-2.0164682865142822,1.425431728363037,0.9386886358261108,-0.4281340539455414,-1.345397710800171,-1.2010242938995361,-2.316868782043457
41f6da863,-5.302052021026611,-0.4111097753047943,-3.4158222675323486,3.8207855224609375,-3.9897801876068115,-2.3837366104125977,0.3627814054489136,5.315523147583008,-4.842306137084961,0.4593881666660309,-0.022543102502822876,2.2578964233398438,-3.087162494659424,-3.1466188430786133,-0.9299021363258362,3.4890363216400146,0.48824381828308105,-0.10149591416120529,-3.8887345790863037,-0.16336223483085632,-0.02364072948694229,-3.7014217376708984,-1.6255455017089844,-0.017173796892166138
422d116ec,-3.4516525268554688,-0.021997392177581787,5.549832820892334,3.965965747833252,-1.6280409097671509,0.7198272943496704,-2.2731916904449463,-1.2547829151153564,-3.527228355407715,-1.2972530126571655,-1.6461520195007324,-1.9336071014404297,2.383146047592163,-1.6999086141586304,-2.5139403343200684,-0.24255117774009705,-2.468560218811035,-2.7519350051879883,1.159441590309143,0.20073352754116058,-0.10886530578136444,-2.3484315872192383,-0.4620979130268097,-1.1532690525054932
423b07fc7,-6.27741813659668,0.06999966502189636,-6.073083877563477,3.9934237003326416,0.08819779753684998,-2.997894287109375,-6.407127380371094,-1.6583034992218018,-4.7824177742004395,-4.163058280944824,-2.3712265491485596,-2.909350872039795,-5.247866153717041,-4.176258563995361,7.324336051940918,-1.0223829746246338,-5.094073295593262,-6.973137855529785,2.468838691711426,-5.071437358856201,-5.097023963928223,1.5206462144851685,-0.7679088115692139,-1.1583261489868164
424f23229,-4.301560878753662,-0.4312637746334076,-0.4560243785381317,0.9448910355567932,-3.502397298812866,-0.464199423789978,0.0065094903111457825,2.888315439224243,-4.906047821044922,2.0253798961639404,-0.8180830478668213,0.5150107145309448,-2.9130043983459473,-3.6421399116516113,-1.59321129322052,0.3770982027053833,-0.05352216213941574,1.5314117670059204,-2.8290674686431885,0.2233451008796692,2.293943405151367,-3.614903688430786,-2.8844356536865234,-1.519363522529602
426e6b200,-3.1870551109313965,-0.7038084864616394,3.5774106979370117,3.6484761238098145,-0.4825705885887146,2.418288230895996,-3.602238893508911,-1.675795555114746,-2.154524326324463,-1.8223857879638672,-1.3691166639328003,-3.167745351791382,3.8676254749298096,-1.3647054433822632,-2.182854175567627,-0.3218916356563568,-4.9567131996154785,-3.6800880432128906,2.112771987915039,-1.155964970588684,-0.748761773109436,-2.872706890106201,-0.25573933124542236,3.2754106521606445
42788ca70,-4.292270660400391,-0.03195381164550781,-0.05623282492160797,1.0562663078308105,-3.5933609008789062,0.1808520406484604,-0.20133116841316223,3.8093154430389404,-4.222814559936523,1.109157681465149,-1.7830744981765747,0.8292461633682251,-2.8712520599365234,-2.562026262283325,-2.550675868988037,1.0186820030212402,1.3186793327331543,0.4187625050544739,-3.0379576683044434,1.246772050857544,1.9385392665863037,-3.961684465408325,-2.65777850151062,-2.4732754230499268
428b2868b,-1.6132454872131348,3.8039822578430176,1.0685486793518066,4.711061477661133,-1.3436648845672607,-0.6739454865455627,-2.461726665496826,1.933880090713501,-3.2754507064819336,0.3078363239765167,-1.2191286087036133,-1.4896730184555054,-0.7703303098678589,-1.5595499277114868,3.9820432662963867,2.1847658157348633,-1.7224605083465576,-2.0156097412109375,0.015890873968601227,-0.7048439979553223,-0.8651851415634155,-0.9148398637771606,-0.5728028416633606,0.2696110010147095
42959f4b0,0.9094306826591492,-3.918802499771118,-2.5168724060058594,3.819873809814453,-3.1576948165893555,-0.5551187992095947,-4.752323150634766,-0.17765942215919495,-0.6727727651596069,-4.501040458679199,-1.1228578090667725,-4.113277912139893,2.6888632774353027,-3.5461225509643555,-3.222334384918213,-0.6718394160270691,-6.2289204597473145,-6.346221446990967,5.902345180511475,-3.3396830558776855,-3.982173204421997,-4.207540512084961,-1.583424687385559,2.844261884689331
429818de1,-7.582827568054199,-2.5176944732666016,-5.4591064453125,1.9978883266448975,-7.4885430335998535,-5.589085578918457,-0.11338625848293304,5.710362434387207,-6.30421257019043,-1.119901180267334,-1.6511560678482056,4.867276191711426,-6.0055012702941895,-5.248361110687256,-5.245163440704346,1.2826249599456787,2.997791290283203,-0.49204134941101074,-6.934002876281738,0.580338716506958,0.9153880476951599,-6.893157005310059,-2.4325497150421143,-4.186911582946777
42997fe35,-3.3295681476593018,-3.2481439113616943,-4.368181228637695,5.174790382385254,-2.6357779502868652,-2.567420482635498,-8.502603530883789,-4.233449935913086,-1.0275307893753052,-5.297436714172363,-3.616589069366455,-7.887145042419434,4.886436462402344,-2.815030097961426,-2.5646016597747803,-3.04520845413208,-7.295995712280273,-9.066986083984375,5.530796051025391,-6.38575553894043,-6.842949867248535,-2.2301409244537354,-2.5020320415496826,-0.652252733707428
42a1872b5,1.6581435203552246,-2.342949390411377,0.46985292434692383,2.938386917114258,-2.4032435417175293,-2.249147415161133,-4.105044841766357,-1.3817898035049438,-1.6198413372039795,-2.610625743865967,-0.7047682404518127,-3.7541379928588867,1.4257768392562866,-3.49704647064209,-1.3881163597106934,-1.3394973278045654,-4.65647554397583,-5.543318748474121,5.484011650085449,-1.9981276988983154,-3.113086462020874,-3.1091668605804443,-1.683508038520813,0.307903528213501
42c309ad6,-2.693901538848877,0.5968948602676392,3.504153251647949,3.290036201477051,-2.1965830326080322,0.0308569073677063,-0.14672738313674927,2.0221126079559326,-3.695807456970215,0.18300364911556244,0.1690821647644043,-0.8791963458061218,-0.7814699411392212,-2.993952512741089,-1.3697816133499146,1.1127201318740845,-1.5521910190582275,-1.2463912963867188,-0.7046931982040405,-0.030113890767097473,0.8542978763580322,-2.121912717819214,-1.2143882513046265,0.32333943247795105
42d145a7c,-2.517148971557617,-3.9245409965515137,-4.955716133117676,5.208171844482422,-1.592638373374939,-2.367257833480835,-7.530365943908691,-4.1996355056762695,-0.6701654195785522,-4.977502822875977,-3.809174060821533,-7.526654243469238,5.249829292297363,-2.8148183822631836,-3.0060555934906006,-3.572981357574463,-7.5682759284973145,-8.650379180908203,5.5151166915893555,-6.476170539855957,-6.67045259475708,-1.6790745258331299,-2.280510187149048,0.4740830063819885
42fc1746e,-1.424910545349121,-3.4713149070739746,-0.18738128244876862,-1.1205896139144897,-4.759716033935547,-3.7840428352355957,-5.027413368225098,-2.8155317306518555,-3.0631983280181885,-3.440426826477051,-1.1071228981018066,-4.289783000946045,-0.12847715616226196,-5.000662326812744,-3.2730767726898193,-2.7544898986816406,-3.502930164337158,-5.936316967010498,3.3836467266082764,-2.3903369903564453,-2.585771083831787,-5.201641082763672,-3.7084672451019287,-1.5062987804412842
4350e1e1a,-3.0579617023468018,0.7675954103469849,-3.227734088897705,4.4942402839660645,-2.928591728210449,-1.444851040840149,0.7957156896591187,2.044755458831787,-5.239741802215576,2.327251434326172,0.13694269955158234,0.891282320022583,-1.0540436506271362,-4.678086280822754,0.11814383417367935,3.700751304626465,-1.7167770862579346,-0.2120322287082672,-1.2634187936782837,-2.0419769287109375,0.12258069217205048,-4.2624311447143555,-0.6045562624931335,4.1959452629089355
4370a00a3,-3.7238752841949463,0.288349986076355,-0.6842558979988098,1.9673482179641724,-2.4021339416503906,1.7158292531967163,-0.08324803411960602,3.5719263553619385,-3.6735098361968994,1.7634233236312866,-0.7989178895950317,0.6580792665481567,-1.153847098350525,-2.8012521266937256,0.43066373467445374,3.0219383239746094,0.06615428626537323,1.1975207328796387,-1.5205668210983276,0.050173208117485046,1.5380895137786865,-2.542375326156616,-2.0242631435394287,-2.083284854888916
437ce0f6c,0.38433074951171875,0.48900654911994934,1.12337064743042,3.8344125747680664,-0.8466120958328247,0.09436383843421936,-2.4843173027038574,-0.586904764175415,-0.8846487998962402,-1.0349206924438477,-0.34966954588890076,-2.2704923152923584,2.6089131832122803,-1.2246323823928833,0.47456350922584534,-0.08866158872842789,-2.808835506439209,-2.731130599975586,2.906487464904785,-0.897914469242096,-1.2676551342010498,-1.267286777496338,-0.3023684620857239,-0.16257131099700928
4396bcf4b,-5.404008865356445,1.6639211177825928,-5.020864009857178,5.597643852233887,-2.656656503677368,-1.716984510421753,-4.1419782638549805,3.7338175773620605,-6.026920318603516,-2.030437707901001,-2.3079354763031006,-0.3694118857383728,-5.239660263061523,-3.7782673835754395,7.415710926055908,3.8508336544036865,-4.278322219848633,-4.793586254119873,-1.3716654777526855,-3.3060953617095947,-3.5158770084381104,-0.589353084564209,-0.49161460995674133,-3.1828999519348145
43a6746f3,-1.8452210426330566,-4.25543737411499,-3.333540678024292,4.611993789672852,-3.2391574382781982,-1.889202356338501,-6.2126359939575195,-2.8249154090881348,-1.489221453666687,-5.177688121795654,-1.6235791444778442,-6.2291483879089355,3.719940185546875,-3.958730697631836,-1.334693193435669,-2.5852696895599365,-7.213292121887207,-7.862826824188232,5.3452911376953125,-4.398138999938965,-5.6807146072387695,-3.645994186401367,-2.1450157165527344,0.09609615802764893
43c27fde5,-1.5518568754196167,1.9254567623138428,1.9253369569778442,3.475971221923828,-0.9749107360839844,-0.3383583724498749,-2.827436923980713,0.29858529567718506,-3.0387887954711914,1.0425764322280884,-1.7090861797332764,-1.8447904586791992,-0.3152708113193512,-1.7686309814453125,1.4562827348709106,-0.26665979623794556,-1.5572364330291748,-0.7814962267875671,0.50472491979599,-0.8537531495094299,-0.30148017406463623,-0.1378050446510315,-2.0424141883850098,-1.4907442331314087
43f2a4343,-5.936328887939453,-2.717752456665039,-3.3638811111450195,2.9203014373779297,-2.1381566524505615,0.5000348091125488,-0.21809005737304688,-2.1414215564727783,-5.145699977874756,-0.45399558544158936,0.9136776924133301,-2.18265438079834,-0.5395612120628357,-5.0610456466674805,-2.6466224193573,-0.9755768179893494,-3.2274980545043945,-1.4863877296447754,-0.9313771724700928,-2.197765350341797,0.23224225640296936,-4.969614028930664,-2.1095378398895264,5.387357234954834
44594169f,-0.6511238813400269,-3.516925096511841,-3.038555860519409,3.2561604976654053,-2.62532901763916,-1.5775657892227173,-5.202227592468262,-1.9780665636062622,-1.7757079601287842,-3.862473964691162,-0.9980838298797607,-4.759312152862549,2.640312671661377,-3.6605286598205566,-0.37167787551879883,-0.5863410830497742,-6.004628658294678,-6.4790239334106445,5.02992057800293,-2.822505235671997,-4.346447467803955,-2.8113906383514404,-1.8518826961517334,0.12215743958950043
446ffa381,-3.024569272994995,-0.8363931179046631,-1.9976445436477661,2.409233570098877,-3.6288352012634277,-1.569001317024231,1.9601011276245117,3.7462058067321777,-3.7064852714538574,0.3040224313735962,1.3558263778686523,3.205836296081543,-2.899606227874756,-3.6757588386535645,-0.8227207064628601,1.5392704010009766,-0.9220219850540161,-0.10699231922626495,-2.366638660430908,0.23430439829826355,1.3817331790924072,-3.7366061210632324,-0.9457507133483887,-0.7187550663948059
44826e880,4.421013832092285,-1.896457552909851,0.25203001499176025,-1.4734294414520264,-3.399963617324829,-2.03122878074646,-2.3478407859802246,-1.2803608179092407,-1.54996657371521,-2.3569345474243164,0.8474422693252563,-2.269387722015381,-1.352907419204712,-4.100238800048828,-1.0065622329711914,-1.8604950904846191,-3.196040630340576,-4.461616516113281,4.071925640106201,-0.7210503220558167,-1.4188628196716309,-3.955770254135132,-1.9872920513153076,-0.014727885834872723
449490cb5,0.1709170937538147,-1.9383323192596436,-4.563899993896484,5.844709396362305,2.3419456481933594,-1.368361234664917,-6.752928733825684,-3.3868188858032227,3.874619722366333,-3.0162346363067627,-4.188162803649902,-5.8394341468811035,7.3246588706970215,0.9889993667602539,-1.5866140127182007,-3.1104233264923096,-5.760678768157959,-7.319274425506592,6.796443939208984,-5.00636625289917,-6.076860427856445,2.571383476257324,0.12702003121376038,-0.07122144103050232
449612fa1,-3.3461601734161377,-0.8701745867729187,-0.22857671976089478,4.865572452545166,-0.7411272525787354,2.84273624420166,-2.5252583026885986,3.3412415981292725,-1.41778564453125,-1.3456345796585083,-1.8052793741226196,-1.2158957719802856,3.1981022357940674,-1.350145697593689,-0.5395537614822388,1.9708586931228638,-4.2113871574401855,-2.924203395843506,3.7385847568511963,-0.5229273438453674,-1.0758131742477417,-2.391030788421631,0.2634839713573456,1.1249048709869385
44b5cbd50,-3.0591094493865967,-1.3201854228973389,-1.0497345924377441,-1.5041460990905762,-3.228283405303955,-2.3003926277160645,0.24607953429222107,2.5132040977478027,-4.160669803619385,-0.9017680883407593,0.44271326065063477,3.9240269660949707,-1.6938999891281128,-3.9993653297424316,-1.8452357053756714,0.3375585377216339,-1.7366019487380981,-1.4087111949920654,-2.096994400024414,0.20014895498752594,0.6139281988143921,-5.076269626617432,-0.2017902135848999,3.24985408782959
44faab195,-7.075817584991455,-3.942775011062622,-2.023289680480957,4.785858154296875,-3.2822463512420654,0.22525256872177124,-0.4334753453731537,-2.6910624504089355,-5.528400421142578,-1.5277179479599,0.6332415342330933,-2.3289499282836914,-1.194041132926941,-5.38473653793335,-3.852308750152588,-2.314908266067505,-1.9387695789337158,-2.19683575630188,-1.6825411319732666,-1.5438189506530762,0.5874321460723877,-5.490329742431641,-2.295440196990967,4.61458683013916
45035fceb,-4.0840301513671875,0.2385711371898651,-2.0658607482910156,1.9773845672607422,-3.802522659301758,-2.512531280517578,0.871738076210022,0.3087802529335022,-4.898894309997559,0.6693651676177979,-0.5473316311836243,0.8297465443611145,-4.003292083740234,-2.577319622039795,-2.975572109222412,-0.19794631004333496,3.058506965637207,0.9243064522743225,-3.8361942768096924,-1.501996636390686,0.46146440505981445,-4.249420166015625,-1.9838359355926514,0.11249667406082153
45879ff68,-5.756255149841309,3.3706326484680176,-4.942995548248291,4.964349269866943,-5.24397087097168,-4.855543613433838,-2.7046685218811035,-1.7095621824264526,-7.162593841552734,-2.7095346450805664,-2.164983034133911,-2.819118022918701,-6.100212097167969,-0.914395809173584,-5.340655326843262,-0.9344021081924438,6.730639934539795,-2.978532314300537,-6.99193000793457,-4.299223899841309,-1.899458408355713,-4.796740531921387,-2.3096492290496826,-1.2892189025878906
45a3f2528,2.747788906097412,-4.2950286865234375,-5.99798059463501,5.1352667808532715,-1.9155381917953491,-3.0780513286590576,-7.379997253417969,-3.873478651046753,0.5559500455856323,-4.9148054122924805,-2.2620508670806885,-7.577528953552246,5.483986854553223,-3.0871410369873047,-4.85208797454834,-3.3159937858581543,-7.912957668304443,-9.262666702270508,6.908655166625977,-6.853549957275391,-7.957657814025879,-2.9001896381378174,-2.1824121475219727,1.809309959411621
45d52d166,-2.307096481323242,-5.191170692443848,-5.653402805328369,5.731133460998535,-2.8286240100860596,-2.051792860031128,-7.78126335144043,-4.079727649688721,-0.587334156036377,-6.1782941818237305,-3.0123982429504395,-7.80606746673584,5.736680030822754,-2.945051908493042,-4.510242462158203,-2.6050708293914795,-8.17720890045166,-9.482126235961914,6.165122032165527,-6.521717071533203,-7.233107566833496,-3.805016040802002,-1.7402071952819824,0.765306293964386
45e17759f,-1.8256525993347168,-3.2397096157073975,-1.4856950044631958,-0.36692169308662415,-3.709707260131836,-1.4091795682907104,-3.114504814147949,-1.8070557117462158,-3.8166189193725586,-2.580677032470703,-0.2773451805114746,-2.349055290222168,-0.8484587669372559,-4.628462791442871,-1.8580554723739624,-1.8190115690231323,-2.0276293754577637,-4.5766825675964355,1.917751669883728,-1.9182909727096558,-0.7124829292297363,-4.815731525421143,-2.4318575859069824,0.0485752671957016
45ed62fd0,-2.296337842941284,2.2255895137786865,-3.347984790802002,4.118235111236572,-0.8080532550811768,-1.9750018119812012,-1.562204360961914,-1.7384496927261353,-3.3219821453094482,-0.28890109062194824,-0.7867417931556702,-1.380704641342163,-0.5858675241470337,4.242128372192383,-1.6102062463760376,0.20860262215137482,4.348188400268555,-0.32779642939567566,-0.9319106936454773,-0.8028073310852051,-1.4445804357528687,-1.7950596809387207,-1.706064224243164,-0.672885537147522
4617e268b,-5.485316276550293,2.972038984298706,-4.647463321685791,4.763876914978027,-3.4824938774108887,-4.562207221984863,-2.42596435546875,-2.397714853286743,-5.778065204620361,-1.1748520135879517,-2.6363282203674316,-2.138612747192383,-4.815745830535889,-0.7828018665313721,-3.8944616317749023,-1.2819626331329346,5.327115058898926,-1.2059926986694336,-5.373832702636719,-4.563682556152344,-1.9642364978790283,-3.0624477863311768,-2.686359167098999,-2.1555368900299072
4622e761d,-5.077606201171875,-2.4884486198425293,-2.9941000938415527,1.7559133768081665,-5.341782093048096,-3.356992483139038,-0.13775688409805298,4.757771968841553,-4.881045818328857,-1.111133337020874,0.3051089644432068,4.282304286956787,-4.082927703857422,-5.390131950378418,-2.2762181758880615,0.9554617404937744,-1.644909143447876,-0.6173380613327026,-4.1841959953308105,-0.2590433657169342,1.0385432243347168,-5.00358247756958,-1.2970633506774902,-0.3550117313861847
46387adc8,-6.602318286895752,-5.8892107009887695,-5.710408687591553,6.161340713500977,-1.1398138999938965,3.8828465938568115,-5.364877700805664,-5.6853485107421875,-1.4695132970809937,-5.294299602508545,-1.5011463165283203,-7.093277454376221,4.561771392822266,-2.91325044631958,-6.566206932067871,-3.7281432151794434,-7.493247985839844,-6.3274054527282715,3.872577428817749,-3.8509485721588135,-4.237497329711914,-4.786330223083496,-0.36046671867370605,4.91435432434082
464790631,-3.5244016647338867,1.6573035717010498,-2.678514003753662,4.849630355834961,-1.8952685594558716,-1.8173964023590088,-4.162052631378174,-0.4655519425868988,-3.611556053161621,-2.2690253257751465,-1.7801846265792847,-3.191718578338623,-1.7685003280639648,-1.1310205459594727,-1.027219533920288,0.4187312126159668,-0.21494309604167938,-4.9817891120910645,-1.34393310546875,-3.983938217163086,-2.866244316101074,-0.535597562789917,-1.8867666721343994,-2.297532558441162
46568db5b,-6.083240032196045,-1.881534457206726,-2.641540050506592,0.23778924345970154,-5.688271999359131,-3.6812798976898193,0.3638133108615875,4.2701849937438965,-5.804475784301758,1.0722566843032837,-0.6360675692558289,2.0662710666656494,-4.3129754066467285,-4.590706825256348,-4.0319976806640625,1.1661174297332764,2.589646816253662,-0.22280481457710266,-5.268740653991699,0.9683326482772827,6.195972442626953,-6.134469985961914,-3.0634384155273438,-2.4635658264160156
465af2eae,-5.972984790802002,-4.126338958740234,-3.537165403366089,6.008405685424805,-1.492342472076416,0.7046626806259155,-2.4377360343933105,-3.0887441635131836,-3.6668665409088135,-2.298492431640625,0.12786997854709625,-4.143146514892578,2.6707801818847656,-4.8161468505859375,-3.8918747901916504,-3.0086238384246826,-5.887512683868408,-3.6742968559265137,1.5328128337860107,-3.446861505508423,-1.7885226011276245,-4.305511951446533,-1.4765830039978027,5.673375129699707
465f1aa89,6.89487886428833,-5.26191520690918,-3.297260284423828,3.6732265949249268,-4.690027236938477,-5.024992942810059,-6.118013381958008,-2.196275234222412,1.9174041748046875,-5.5270538330078125,0.3891546428203583,-6.042572975158691,1.5194108486175537,-4.680417537689209,-5.904799938201904,-3.590230703353882,-7.158124923706055,-8.871567726135254,7.26603889465332,-4.51046895980835,-7.2025675773620605,-4.935736656188965,-3.2438249588012695,0.4828351140022278
46c30cdc6,-3.784797430038452,-2.5316591262817383,-0.6626355051994324,4.347910404205322,-1.5197771787643433,1.5257314443588257,-4.529256820678711,-2.362269639968872,-1.6891674995422363,-3.5348243713378906,-1.6780972480773926,-4.321017265319824,4.516537189483643,-0.6896092891693115,-2.259115219116211,-0.9058544635772705,-4.793355464935303,-5.176991939544678,4.156801700592041,-2.711897373199463,-2.4787862300872803,-2.457960844039917,-0.0763886496424675,0.02702251449227333
46c79837c,1.037562370300293,-4.790158748626709,-5.36152458190918,4.9719438552856445,-2.387575626373291,-2.5908310413360596,-7.8126020431518555,-4.614659309387207,0.4265272617340088,-5.721184253692627,-2.6978824138641357,-8.048108100891113,5.574288845062256,-2.862966775894165,-5.252847671508789,-3.3416337966918945,-7.946498394012451,-9.51923656463623,6.933159828186035,-6.672430515289307,-7.973985195159912,-3.3708925247192383,-1.9469258785247803,1.251684308052063
472ed54cf,-4.672206878662109,-2.0314133167266846,-2.7640786170959473,1.498126745223999,-4.075300693511963,-0.6188913583755493,0.3770671486854553,4.544658660888672,-4.415372371673584,-0.3933466672897339,1.0286481380462646,4.690982341766357,-3.0753300189971924,-4.578280448913574,-1.148566484451294,3.323976755142212,-1.5952568054199219,-0.687835693359375,-2.746232509613037,-0.06043463200330734,0.0993596613407135,-4.59412145614624,-0.5223323106765747,1.5416454076766968
4756c6ca9,-0.4991886615753174,-4.03120756149292,-2.6466896533966064,4.312529563903809,-2.8957393169403076,-1.59645414352417,-5.156099319458008,-2.817136764526367,-1.69950532913208,-3.894009828567505,-1.3423478603363037,-4.6347503662109375,3.638246536254883,-3.6027441024780273,-2.5592918395996094,-2.0533432960510254,-4.18428897857666,-6.465676307678223,5.696113586425781,-2.7308902740478516,-2.8934667110443115,-3.6046643257141113,-1.8661400079727173,0.42551952600479126
475f0d0b2,-5.214750289916992,-1.7731260061264038,-4.043029308319092,4.743077754974365,-3.7868902683258057,-1.5747268199920654,0.5678303837776184,3.940852403640747,-5.2243170738220215,-2.347792148590088,-0.1440485417842865,4.192346572875977,-3.760334014892578,-4.670433044433594,0.2584688663482666,2.168147563934326,-1.6086572408676147,-2.652156114578247,-1.6574451923370361,-0.6173581480979919,-0.17883476614952087,-3.6461234092712402,-1.1917364597320557,-0.7370046377182007
47b44e368,-3.339092254638672,-0.8301753401756287,-0.5670639276504517,4.6440606117248535,-1.061021327972412,0.9494590759277344,-1.3996329307556152,0.8441638946533203,-2.3328990936279297,-0.07771286368370056,1.102216362953186,0.10466077923774719,0.03814604505896568,-1.1148910522460938,0.43765392899513245,0.9268105030059814,-2.5958194732666016,-1.3909491300582886,1.133638620376587,-1.3920555114746094,0.44020193815231323,-1.6219568252563477,0.4650357961654663,0.1359509378671646
47b84e8d7,-3.496737003326416,-1.351084589958191,-1.5320358276367188,1.286034107208252,-4.157309532165527,-1.228663444519043,0.8555704355239868,3.5686557292938232,-4.369822025299072,0.580089271068573,3.8954429626464844,2.739936113357544,-3.2793359756469727,-4.304722309112549,-0.5157846808433533,2.4600071907043457,-1.4831042289733887,0.3422371745109558,-2.5786080360412598,0.7685242295265198,2.2499449253082275,-4.415765285491943,-1.8060226440429688,-1.110525369644165
47bfff5de,-1.9962706565856934,-4.874990463256836,-5.643996715545654,5.771977424621582,-2.1798226833343506,-1.2162234783172607,-7.941176891326904,-4.5946550369262695,2.559354782104492,-6.292351245880127,-3.637937068939209,-7.511105060577393,6.106443405151367,-1.1371192932128906,-5.2409467697143555,-3.403388023376465,-7.194239139556885,-9.097925186157227,5.93678092956543,-5.5792741775512695,-7.085172653198242,-2.1756930351257324,-0.04169580340385437,-0.17038600146770477
47d3c2851,-3.460395574569702,-0.855952262878418,-1.5609374046325684,3.382479190826416,-2.9900643825531006,0.11357948184013367,0.44648849964141846,1.071873664855957,-4.0351338386535645,-0.5161511301994324,0.5555242896080017,0.2247161567211151,-1.1691974401474,-2.2450947761535645,-0.6860291957855225,3.5345757007598877,-0.9318497180938721,-1.4721083641052246,-1.1909799575805664,-1.1388392448425293,0.9819536209106445,-3.494868040084839,-0.9365453124046326,0.1387530267238617
47e931bf1,-6.879185199737549,-3.109464645385742,-6.9124603271484375,4.008148193359375,-7.021144390106201,-5.032616138458252,-2.5182924270629883,6.382826805114746,-6.332314491271973,-4.514012336730957,-1.4272819757461548,5.603893280029297,-6.743317604064941,-6.241255760192871,-2.6776199340820312,0.7825244665145874,-1.2603280544281006,-4.274801254272461,-5.335826396942139,-2.738070249557495,-2.1417124271392822,-6.200091361999512,-1.7011079788208008,-2.8993754386901855
47f301ecc,0.7681416869163513,1.0040016174316406,0.858686089515686,3.451545238494873,-0.059608690440654755,-0.15043191611766815,0.029836073517799377,-0.2308509796857834,-1.3884327411651611,0.42067980766296387,-0.09673452377319336,-0.12281500548124313,1.0522509813308716,-0.9192427396774292,0.4883602261543274,0.26835885643959045,-1.137657642364502,-0.797320544719696,1.81184720993042,-0.3068051040172577,-0.2521660327911377,-0.7175368666648865,-0.5380757451057434,0.11232505738735199
47f5519af,-1.9999358654022217,-3.3843042850494385,-3.9982688426971436,5.635017395019531,-0.6796200275421143,3.5814738273620605,-6.988619804382324,-2.9339962005615234,3.0454304218292236,-4.912661075592041,-2.534296989440918,-5.910706043243408,6.1058759689331055,0.8599969744682312,-3.9167420864105225,-1.3671690225601196,-5.3353095054626465,-6.666049003601074,5.522476673126221,-3.825275421142578,-4.444124221801758,-1.7369499206542969,0.7243770956993103,-1.3361728191375732
47fff70ec,-2.8584747314453125,3.931762933731079,-5.034252166748047,4.787615776062012,-0.030463308095932007,-2.258248805999756,-3.882166862487793,0.29306575655937195,-3.721369504928589,-1.368216872215271,-2.9649181365966797,-2.086864709854126,-2.9844608306884766,1.710512399673462,4.655454158782959,3.332289934158325,-1.5563042163848877,-4.053581714630127,0.20039689540863037,-2.95786190032959,-5.036263942718506,0.8184776902198792,-0.24317318201065063,-1.2955598831176758
48285e818,-3.285759449005127,1.0591366291046143,-1.2776026725769043,5.296451091766357,-2.8747758865356445,-0.4843967854976654,-1.1184285879135132,3.868067741394043,-2.6629714965820312,-1.1207350492477417,-0.461149126291275,1.1350302696228027,-2.009718418121338,-2.0065038204193115,-0.18973883986473083,1.2191133499145508,-0.08243289589881897,-2.426140308380127,-1.7207157611846924,-0.9125398397445679,0.4126289188861847,-1.7092211246490479,4.564675331115723,-0.20815490186214447
483cd95f6,-3.0369067192077637,3.0916504859924316,6.164410591125488,5.732451438903809,-2.6231696605682373,-0.15410591661930084,-3.2271523475646973,0.11936655640602112,-4.294800281524658,-0.4745926260948181,-1.436096429824829,-2.215137243270874,-1.7658345699310303,-2.403269052505493,-2.0253868103027344,-0.42018672823905945,-1.6051506996154785,-2.7892799377441406,-1.9746438264846802,-0.45194628834724426,-0.7503882050514221,-1.047869324684143,3.44907283782959,-1.1339269876480103
487fe1a0a,-0.8433281183242798,-2.6255557537078857,-4.111997127532959,5.310881614685059,-1.8591253757476807,-2.0465638637542725,-6.4485392570495605,-2.873380422592163,-0.5122420191764832,-4.267148494720459,-2.132523536682129,-6.354386806488037,4.373010158538818,-2.881319046020508,-1.6786013841629028,-2.4721341133117676,-6.732568740844727,-7.730965614318848,5.621718406677246,-5.589620113372803,-5.843070030212402,-1.3886756896972656,-1.5825483798980713,0.7745645642280579
488ce42a4,-0.9859043955802917,0.4817190170288086,1.593712568283081,1.755047082901001,-0.38945096731185913,-0.742409884929657,-2.2938499450683594,0.11881532520055771,-1.7301028966903687,1.051334023475647,-1.7413691282272339,-1.0047680139541626,1.6498775482177734,-1.9343374967575073,-0.4144784212112427,-2.196058511734009,-0.751326322555542,-0.8241360187530518,1.8544834852218628,0.019515693187713623,-0.17750252783298492,-0.35359740257263184,-2.346414804458618,-0.5911768674850464
48a94a63f,-4.3205108642578125,-2.2602319717407227,-2.914515972137451,5.0511980056762695,-0.10604062676429749,0.4738340377807617,-2.0584044456481934,-2.42461895942688,-2.904456615447998,-1.09523606300354,-0.12801538407802582,-3.076423168182373,3.072006940841675,-3.759215831756592,-2.036637783050537,-2.1187758445739746,-4.269168853759766,-2.3250083923339844,2.3841640949249268,-2.673586845397949,-0.741115927696228,-2.5780954360961914,-0.898284912109375,5.670351982116699
48b151826,-0.7063052654266357,-1.4030354022979736,-1.578781008720398,4.389251708984375,2.7634694576263428,1.2368181943893433,-4.8240180015563965,-2.4008731842041016,4.255268573760986,-2.1985650062561035,-2.1905341148376465,-3.943599224090576,5.585680961608887,1.499862790107727,0.509346604347229,-1.723008632659912,-4.556587219238281,-4.822071552276611,5.433735370635986,-2.390158176422119,-3.4831089973449707,2.2959423065185547,0.006282299757003784,0.07649558782577515
48cd2fc52,-5.136708736419678,2.0163588523864746,-3.3955538272857666,3.023625135421753,-4.624995231628418,-3.207042932510376,-0.5895602107048035,0.9074898958206177,-5.315028190612793,-1.0088022947311401,-1.6835510730743408,0.023313771933317184,-4.1465253829956055,-1.5273208618164062,-4.107846260070801,1.483630657196045,5.186238765716553,-0.6145769953727722,-4.745747089385986,-0.888833224773407,-0.07276041060686111,-4.841619968414307,-1.821521520614624,-2.0040106773376465
48d668602,-3.896608352661133,3.177212953567505,-3.782602548599243,5.328658103942871,-1.1387956142425537,-3.326185703277588,-6.841120719909668,-0.9014713764190674,-4.508742809295654,-2.5429232120513916,-3.5520148277282715,-4.54929780960083,-3.4781250953674316,-2.6472911834716797,5.205358505249023,-1.0970211029052734,-2.825946092605591,-6.072592735290527,-0.25374835729599,-4.263767719268799,-5.042445182800293,0.9111717939376831,-0.63277268409729,-2.3512141704559326
490e4119a,-6.131143093109131,-1.2683418989181519,-1.5872604846954346,0.49980074167251587,-5.597481727600098,-1.2021832466125488,0.9168265461921692,4.887598037719727,-5.608603477478027,1.5255329608917236,-1.9187473058700562,2.8872690200805664,-4.542849540710449,-4.4967851638793945,-3.790043592453003,2.0623104572296143,1.3781198263168335,2.8728139400482178,-4.684342861175537,2.3118057250976562,1.6598222255706787,-5.906530857086182,-3.0531420707702637,-4.018742084503174
4913a3448,-5.788736343383789,4.521020412445068,-4.149174213409424,5.722184181213379,-4.818533420562744,-5.055184364318848,-5.1086320877075195,-3.072882890701294,-7.548946857452393,-2.475828170776367,-3.522665023803711,-4.858825206756592,-5.799771308898926,-0.1038464903831482,-4.677431106567383,-1.1032263040542603,6.8803863525390625,-3.5635852813720703,-6.5190324783325195,-5.625527858734131,-3.4772398471832275,-3.2793285846710205,-2.9847187995910645,-3.953768253326416
492b3dc52,0.6458388566970825,3.0683186054229736,-0.6115821003913879,3.946690082550049,-1.303644061088562,-0.989023745059967,0.38779687881469727,3.8642513751983643,-2.930601119995117,2.8788936138153076,1.5308512449264526,1.3771716356277466,-0.7530216574668884,-1.8162792921066284,1.4245562553405762,3.5463409423828125,-1.0938222408294678,0.6437507271766663,0.9073929786682129,-0.3481123447418213,-0.12930122017860413,-1.6040081977844238,-1.3073909282684326,-0.15917569398880005
4938071c3,-5.084249496459961,-4.151662349700928,-3.838792324066162,6.299886226654053,-0.12462755292654037,6.860389709472656,-7.348142623901367,-4.622954368591309,0.1641683578491211,-5.205680847167969,-2.5790538787841797,-6.487452507019043,5.998018264770508,0.23473551869392395,-4.269048690795898,-0.6365219354629517,-6.636606216430664,-6.853747367858887,6.113837242126465,-4.598328590393066,-3.6035819053649902,-3.2727956771850586,0.577789306640625,0.5433235168457031
496f64ad5,-3.3249027729034424,0.20944464206695557,-4.03469705581665,4.48249626159668,-1.4964717626571655,-1.809929370880127,-4.125927925109863,0.05216410011053085,-4.684197902679443,-2.1403040885925293,-1.4023950099945068,-2.0892744064331055,-3.5441792011260986,-3.1210036277770996,6.521117210388184,2.715916156768799,-5.356229782104492,-5.016806125640869,1.3834376335144043,-3.4425411224365234,-3.9635698795318604,-2.012856960296631,0.037295304238796234,-0.7331036329269409
499aac6a0,5.792609691619873,-4.324150562286377,-5.158587455749512,4.289156913757324,-3.071920871734619,-2.836625576019287,-6.318154811859131,-2.917471170425415,1.4889546632766724,-5.1497483253479,-0.3092862665653229,-7.000855922698975,4.187678813934326,-3.958414316177368,-4.811961650848389,-3.6573870182037354,-7.737333297729492,-8.997458457946777,7.690845966339111,-5.6264142990112305,-7.4776692390441895,-3.7468748092651367,-2.096741199493408,2.0735671520233154
49ad4da37,-4.7406768798828125,3.2124369144439697,-0.21446147561073303,5.3069353103637695,-1.278660774230957,3.2368392944335938,-4.552931308746338,3.4435017108917236,-4.811455726623535,-0.47909146547317505,-3.0250425338745117,-3.067208766937256,-2.246703624725342,-1.4297738075256348,0.38024744391441345,0.6853539943695068,-2.862945079803467,-3.223282814025879,-2.0247843265533447,-2.247579574584961,-1.3278865814208984,1.6142796277999878,-2.0177907943725586,-2.185666084289551
49c9308c6,-4.322817802429199,-1.078035831451416,-3.357809543609619,2.8865387439727783,-4.653751373291016,-2.724289655685425,0.22927546501159668,5.683013439178467,-4.53146505355835,-0.5269886255264282,-0.0073211900889873505,4.613247394561768,-3.3628034591674805,-3.9857187271118164,-1.065226435661316,2.1862664222717285,-0.4634896516799927,-0.8220803737640381,-3.231999635696411,0.23696322739124298,0.3331148624420166,-4.162789344787598,-1.0625137090682983,-0.6088408827781677
49e9404e8,-4.319616794586182,3.523932695388794,-4.875759124755859,5.341048240661621,-2.0615198612213135,-2.7493233680725098,-3.359957695007324,3.565610885620117,-6.010206699371338,-2.8814783096313477,-2.8861284255981445,-0.9402833580970764,-4.7966389656066895,-3.254046678543091,6.177157402038574,4.196834087371826,-3.322399377822876,-5.781267166137695,-1.5896373987197876,-3.6902167797088623,-4.491917610168457,0.07657814770936966,-0.015661340206861496,0.9973154067993164
4a037fc29,-2.8962793350219727,-0.029320858418941498,4.306122779846191,3.2969558238983154,-0.5914976596832275,-0.15992394089698792,-2.5723068714141846,-1.6402173042297363,-2.525418758392334,-1.3255194425582886,-2.752811908721924,-2.284043788909912,3.1971633434295654,-1.4711982011795044,-1.2538511753082275,1.5254567861557007,-2.6678173542022705,-3.2770614624023438,2.8729910850524902,-0.6648119688034058,-1.5646878480911255,-1.8411390781402588,-0.7235058546066284,-0.3572738468647003
4a0e4eda5,-4.680747985839844,-0.890796422958374,-1.3838860988616943,1.791271448135376,-4.476365089416504,-1.47941255569458,0.40243977308273315,4.865780830383301,-4.704588413238525,2.679325580596924,-1.5055105686187744,2.2796218395233154,-2.8169150352478027,-3.8692684173583984,-0.8365411758422852,2.520932912826538,-0.3743514120578766,3.5547432899475098,-2.909853935241699,1.7922457456588745,1.3038259744644165,-4.2473554611206055,-2.3918943405151367,-3.2452664375305176
4a114a045,-4.533138751983643,-0.9808240532875061,-3.759441375732422,0.4671507477760315,-4.452561378479004,-3.7672958374023438,1.6582329273223877,1.6371290683746338,-4.599717617034912,-0.3796796202659607,0.0810592919588089,4.052198886871338,-3.912883996963501,-4.562946319580078,-0.9405964612960815,1.1546940803527832,0.1178164929151535,0.07265902310609818,-3.918881416320801,-1.7230693101882935,0.15336766839027405,-5.03404426574707,-0.9125467538833618,1.661926031112671
4a11d338b,-2.8921828269958496,-1.9717048406600952,-3.6354267597198486,5.175161361694336,1.0787490606307983,-0.24616087973117828,-4.972540855407715,-3.759329080581665,-0.6254658102989197,-2.838219165802002,-2.7070021629333496,-5.7061614990234375,5.0785017013549805,-1.296302080154419,-1.7931900024414062,-3.4213194847106934,-5.612241744995117,-5.419076919555664,4.16365909576416,-4.139720439910889,-4.105162143707275,0.8295173645019531,-1.1336448192596436,2.6918411254882812
4a1d4e88e,-2.573944330215454,0.08292952179908752,0.8543416857719421,0.004176832735538483,-2.377539873123169,-1.3967128992080688,3.846230983734131,0.6592286825180054,-3.995429754257202,2.515195846557617,0.10742513835430145,2.0200977325439453,-2.3967621326446533,-3.2048587799072266,-0.8099637627601624,0.6816718578338623,0.5353841781616211,2.78208065032959,-0.8590729236602783,0.9614648818969727,1.5337984561920166,-4.189767360687256,-3.094468355178833,-0.741508960723877
4a3915b12,-3.2910165786743164,3.978335380554199,-5.148848056793213,5.272879123687744,-0.2757996618747711,-3.0582759380340576,-4.037475109100342,0.37296584248542786,-4.446175575256348,-1.7594143152236938,-3.174647808074951,-1.7816665172576904,-3.9405128955841064,0.7341293692588806,5.704272270202637,4.256415843963623,-1.6584159135818481,-5.0108137130737305,-0.0803225040435791,-3.4824206829071045,-5.082359790802002,0.3526763916015625,-0.022840848192572594,-1.1488871574401855
4a5bb080e,-0.32229429483413696,-1.0086379051208496,0.020049314945936203,2.044365167617798,-0.187269389629364,5.569730281829834,-2.838287353515625,-0.7401537299156189,-1.2780051231384277,-1.1206142902374268,-0.11756650358438492,-2.604982376098633,1.6562992334365845,-1.5145471096038818,-0.005033358931541443,0.3172147572040558,-3.8285365104675293,-2.4006385803222656,2.8548011779785156,-0.16496504843235016,-0.23746024072170258,-2.575389862060547,-0.911841630935669,1.7673263549804688
4a8be14c7,-4.13491153717041,0.5099266171455383,3.1752607822418213,3.9987683296203613,-2.2453083992004395,-0.14443254470825195,-3.667396068572998,-1.4402765035629272,-4.179995059967041,-1.5890717506408691,-1.1244639158248901,-3.19423246383667,-0.741940975189209,-2.3367912769317627,-3.088639259338379,-0.9026687145233154,-1.8138391971588135,-3.4503722190856934,-1.0757269859313965,-2.0615580081939697,-0.6809536814689636,-1.3037015199661255,-1.9525022506713867,-1.2744202613830566
4aa325fed,-2.000209331512451,-4.511900901794434,-3.652048110961914,4.273457050323486,-2.9581069946289062,-2.8084495067596436,-8.163355827331543,-5.399247169494629,-0.7438732385635376,-5.947066307067871,-3.20824933052063,-8.06424331665039,5.11000919342041,-3.0150344371795654,-4.533427715301514,-4.010902404785156,-7.9429240226745605,-9.40603256225586,6.597935676574707,-5.547441482543945,-6.821691513061523,-3.3073229789733887,-2.249894142150879,-0.0072954148054122925
4aa5b1f82,-5.955193042755127,3.983625650405884,-4.681453704833984,5.3290815353393555,-4.972387313842773,-4.523663520812988,-3.6595802307128906,-1.7659666538238525,-7.2103424072265625,-2.4630815982818604,-3.211634397506714,-3.3881311416625977,-6.37003231048584,-0.5310291051864624,-5.581034183502197,-1.031830906867981,6.75562858581543,-2.542834520339966,-7.003618240356445,-4.435315132141113,-2.3837125301361084,-4.324321269989014,-2.116024971008301,-2.508315324783325
4ada8655d,-3.5453855991363525,-0.12234880030155182,-1.155564785003662,2.839139938354492,-2.801008701324463,-1.1908372640609741,1.266143798828125,-0.47871410846710205,-4.3724045753479,0.9942683577537537,0.35911935567855835,0.5380186438560486,-2.3567302227020264,-3.5473554134368896,-0.803992748260498,1.5157439708709717,0.03164106607437134,0.7223799228668213,-1.9178531169891357,-1.5093350410461426,1.120012879371643,-3.7851908206939697,-2.1455674171447754,0.011073354631662369
4b09fdb25,5.681450843811035,-4.500977039337158,-5.62120246887207,4.409731388092041,-2.157881021499634,-4.974095344543457,-7.623359203338623,-3.4781494140625,4.405753135681152,-5.205008506774902,-1.571071743965149,-7.310655117034912,4.386574745178223,-2.9808382987976074,-3.8794331550598145,-4.28765869140625,-6.9528422355651855,-9.470514297485352,7.603095531463623,-5.88560676574707,-8.196150779724121,-1.6255152225494385,-2.9644887447357178,-0.07308563590049744
4b3082d1b,-3.275871753692627,-0.16364994645118713,-5.690820693969727,4.398763656616211,-0.7105355262756348,-1.2216417789459229,-5.562343120574951,0.0562368743121624,-4.9665632247924805,-3.1193010807037354,-1.7381994724273682,-2.766247034072876,-2.8987417221069336,-4.1922149658203125,6.22996711730957,-0.5977012515068054,-6.546504497528076,-6.550239562988281,3.3083200454711914,-4.42132043838501,-4.408633232116699,-0.35476571321487427,-0.1965104043483734,1.2165956497192383
4b414fd6c,-4.957660675048828,2.954105854034424,-2.3559045791625977,5.841304302215576,0.37710708379745483,-2.0887465476989746,-6.020892143249512,-1.5190315246582031,-4.4918107986450195,-1.4854371547698975,-3.8163490295410156,-4.620893478393555,-2.0405094623565674,-0.6428033113479614,0.4572019577026367,-0.35883820056915283,-1.190385341644287,-5.159248352050781,-1.0684616565704346,-4.774245738983154,-3.781782627105713,3.3883252143859863,-2.4058470726013184,-2.7167975902557373
4b468fc98,-5.969417572021484,-4.85266637802124,-3.961595296859741,6.175879955291748,0.6862848997116089,1.1944224834442139,-3.835289478302002,-3.807164192199707,-1.838926076889038,-3.6190173625946045,-0.8780805468559265,-5.208249092102051,3.6045923233032227,-2.941345453262329,-3.8754703998565674,-3.588623046875,-5.9008283615112305,-4.94036340713501,2.8532214164733887,-3.5858981609344482,-2.3881797790527344,-2.5520267486572266,-1.093091607093811,4.842510223388672
4b502b199,-3.318808078765869,-3.1562066078186035,-1.0345964431762695,-2.113672971725464,-3.969702959060669,-2.018418788909912,-2.0982275009155273,-1.1543909311294556,-3.6455893516540527,-1.3055825233459473,-0.8116508722305298,-1.7654882669448853,-0.5188261866569519,-4.513258457183838,-2.879988193511963,-1.6522111892700195,-1.7717697620391846,-3.3776721954345703,0.5863000154495239,-1.5170420408248901,1.3944758176803589,-4.950033187866211,-3.3395609855651855,-0.9521685838699341
4b7939a9b,-4.881313323974609,2.568513870239258,-4.175668239593506,4.266691207885742,-3.8250670433044434,-4.422849178314209,-2.183401107788086,-2.4085116386413574,-5.47405481338501,-1.3495497703552246,-2.3789894580841064,-2.223564386367798,-4.69636344909668,-0.8261536359786987,-4.435939311981201,-1.575740098953247,6.182979583740234,-0.6076681613922119,-5.34726095199585,-3.737274169921875,-1.6210421323776245,-3.3312432765960693,-2.3735921382904053,0.11103379726409912
4b99e28b2,3.8437602519989014,4.492634296417236,-0.6729219555854797,3.1420772075653076,-0.06613866239786148,-1.5911139249801636,-2.112037420272827,0.5696477890014648,-3.0819716453552246,2.3197145462036133,-0.20849600434303284,-1.5921680927276611,1.415719985961914,-1.6986534595489502,1.1480042934417725,0.27843761444091797,-2.5906565189361572,-2.7725765705108643,3.0636849403381348,-1.921506643295288,-2.3988633155822754,-0.21915297210216522,-1.4218099117279053,1.3653650283813477
4bf4d09ae,-6.282121658325195,4.302479267120361,-4.880462646484375,5.473079204559326,-5.24443244934082,-5.9632110595703125,-4.773390293121338,-2.916194438934326,-7.933495044708252,-3.8407559394836426,-3.203012466430664,-4.418515205383301,-6.504885673522949,-0.5721251368522644,-5.01328182220459,-1.504680871963501,6.503487586975098,-4.937324523925781,-6.774006366729736,-5.341843128204346,-3.6276793479919434,-4.485764503479004,-3.0558040142059326,-3.747119903564453
4c3426dcc,-3.2468552589416504,1.9660167694091797,4.01871919631958,3.917404890060425,-1.1157139539718628,3.870856761932373,-2.0736660957336426,2.0146374702453613,-3.071890354156494,1.1683167219161987,-0.9843107461929321,-1.3343234062194824,-0.2489222139120102,-1.3553433418273926,-1.6149482727050781,0.018574029207229614,-1.1439173221588135,-0.2442253828048706,-1.228656530380249,-0.22676709294319153,1.0380067825317383,-0.9904399514198303,-1.216247320175171,-1.0548431873321533
4c5edb35f,-3.881575584411621,-1.0377607345581055,-1.5034383535385132,-0.5075806379318237,-4.225159645080566,-2.765361785888672,2.1608309745788574,1.5094174146652222,-4.8512468338012695,1.4992001056671143,-0.03429611772298813,4.1752190589904785,-3.437561511993408,-4.326425552368164,-1.2723878622055054,1.2752851247787476,-0.5551013946533203,1.3623712062835693,-3.2051615715026855,-1.1544512510299683,1.0505092144012451,-5.014964580535889,-1.178479552268982,-0.9775481820106506
4c7fa442c,-5.525876998901367,-0.9666088819503784,-1.4100615978240967,-0.2886260151863098,-4.902924060821533,-1.4649797677993774,0.7025712132453918,4.103407382965088,-4.797994136810303,0.22643476724624634,-2.3431332111358643,1.4434480667114258,-3.1391212940216064,-4.371143817901611,-2.2724521160125732,3.155085325241089,1.771370530128479,0.031766220927238464,-3.74908447265625,1.3312166929244995,1.3746018409729004,-4.707737445831299,-2.214688301086426,-3.1549553871154785
4c875b787,-4.162471294403076,0.33631765842437744,-2.314948081970215,2.3629088401794434,-3.637803792953491,-2.61431884765625,1.2917592525482178,1.7887948751449585,-4.380721569061279,0.614116370677948,-1.4730188846588135,0.7692215442657471,-2.939119338989258,-2.0917809009552,-2.5243146419525146,2.309145927429199,3.104485034942627,1.1461116075515747,-3.598956346511841,-0.8647410869598389,0.5666873455047607,-3.670684814453125,-2.200976848602295,-1.3614356517791748
4c980657a,-3.0503058433532715,-0.29048606753349304,-5.3408284187316895,4.348893165588379,-1.407183289527893,-1.1318907737731934,-4.595641136169434,0.2759086489677429,-5.099664211273193,-2.664233922958374,-0.8320523500442505,-2.0846481323242188,-3.5631675720214844,-4.568220138549805,6.228099346160889,-0.8918260931968689,-6.515326499938965,-6.038808822631836,2.289116859436035,-4.162261962890625,-3.166567087173462,-1.4359872341156006,1.6554698944091797,2.1479127407073975
4cad242d2,-1.2611809968948364,-1.2585132122039795,-0.04345820099115372,2.989140748977661,-1.8443652391433716,1.8599389791488647,-2.861912250518799,-0.7937567234039307,-1.5268958806991577,-1.883734107017517,-0.32612377405166626,-2.7377257347106934,2.6185696125030518,-1.9246361255645752,0.6136048436164856,0.45819443464279175,-3.969010353088379,-3.3489975929260254,3.314621925354004,-0.809895396232605,-1.1866998672485352,-2.532485008239746,-0.5944651365280151,0.4498003125190735
4cb83a45f,-4.039829730987549,-0.7345357537269592,-1.996643304824829,2.278925895690918,-4.274629592895508,-0.8476816415786743,1.020851492881775,5.037616729736328,-4.5357160568237305,1.363145112991333,1.929918885231018,4.436583995819092,-3.2324790954589844,-4.400608062744141,-1.5950595140457153,1.6299114227294922,-0.977035403251648,2.725640296936035,-3.0818722248077393,-0.5622435212135315,0.6330592632293701,-4.379724502563477,-1.5476946830749512,0.8197239637374878
4cbd62be3,-4.304840564727783,-0.9414028525352478,0.21162855625152588,3.571695566177368,-3.8793177604675293,-0.7901061177253723,0.08685550093650818,4.009209156036377,-4.285131454467773,1.8216516971588135,-0.4763175845146179,1.2234206199645996,-2.002413749694824,-3.388634443283081,-1.0673575401306152,1.897993564605713,-0.5932384729385376,1.0308845043182373,-2.6133008003234863,1.0101643800735474,3.1571106910705566,-3.0955958366394043,-1.9589293003082275,-1.789415955543518
4cf4dc8e3,-0.38505178689956665,0.15690630674362183,-4.444447040557861,5.262212753295898,0.5621979236602783,-1.349242925643921,-6.168884754180908,-3.4936399459838867,-0.47960495948791504,-2.4346868991851807,-3.6838438510894775,-5.708969593048096,5.189320087432861,0.8599756956100464,-1.5459163188934326,-0.7924000024795532,-5.424520969390869,-7.437008857727051,5.389163017272949,-5.01391077041626,-6.510535717010498,-0.35986900329589844,-1.2760426998138428,2.4971923828125
4d146bc95,-1.0556246042251587,-1.4944791793823242,-1.4543471336364746,2.3507728576660156,-1.4816672801971436,0.3332274556159973,-1.1563018560409546,-0.02836601436138153,-2.8457958698272705,0.8407132625579834,0.1191680058836937,-1.5620867013931274,0.8339971303939819,-3.5745818614959717,1.208105444908142,-0.17746464908123016,-3.4001352787017822,0.08407820761203766,2.419337272644043,-1.0847004652023315,1.6010675430297852,-2.392828941345215,-1.7848610877990723,2.251711845397949
4d1b0db48,-5.992012023925781,4.49257230758667,-5.227362632751465,6.4163689613342285,-4.161726951599121,-5.349753379821777,-5.004871845245361,-2.539194107055664,-7.080674171447754,-2.8520588874816895,-3.600499153137207,-4.683052062988281,-5.461796760559082,0.5458084344863892,-3.740279197692871,-0.7017111778259277,5.731807708740234,-4.311541557312012,-5.977893829345703,-6.094919204711914,-4.005381107330322,-2.8805060386657715,-2.615652084350586,-3.6670753955841064
4d2d010a6,-1.2243027687072754,-4.183192253112793,-4.163455486297607,5.281682014465332,-3.026689052581787,-1.6308003664016724,-6.9848432540893555,-3.4580328464508057,-0.7275367975234985,-5.498028755187988,-2.5216052532196045,-7.186618804931641,4.21995735168457,-3.568725109100342,-2.1759345531463623,-3.0397114753723145,-7.851775169372559,-8.590702056884766,5.759765625,-5.745245933532715,-6.455988883972168,-3.339062452316284,-1.9210429191589355,0.19679996371269226
4d5bbcbfd,-2.6878843307495117,1.4085694551467896,-4.6212849617004395,4.269948959350586,-2.092491626739502,-1.0397086143493652,-0.8716863393783569,1.8134220838546753,-5.657079696655273,2.0461316108703613,-0.7455399036407471,0.7661478519439697,-2.66660737991333,-4.527525901794434,4.284003257751465,3.378385066986084,-4.209452152252197,-0.8112407922744751,-0.6694506406784058,-3.545940399169922,-1.6152712106704712,-2.9940030574798584,-1.3442624807357788,3.634751796722412
4d80f1b11,-3.0944108963012695,4.3664021492004395,-4.209074974060059,5.328953742980957,-1.0829538106918335,-3.141561508178711,-6.052168846130371,-0.3169524073600769,-4.682753086090088,-2.143123149871826,-3.351254463195801,-4.339903354644775,-3.2511000633239746,-2.4929869174957275,4.568449974060059,-0.5661952495574951,-2.3699846267700195,-6.423501968383789,-0.10110977292060852,-4.187264919281006,-5.048439025878906,0.8181820511817932,-0.4277511537075043,-1.767325520515442
4d8a025e4,-3.858750104904175,-0.16485220193862915,-2.8142099380493164,3.9596147537231445,-2.7919411659240723,-1.4427392482757568,1.7727652788162231,1.701117992401123,-4.297993183135986,1.5399531126022339,3.860888957977295,1.7859671115875244,-3.242310047149658,-2.7838234901428223,-0.8049230575561523,2.6212735176086426,0.16965503990650177,1.9806464910507202,-2.5990285873413086,-1.5224676132202148,1.3606162071228027,-2.2623558044433594,-0.454372763633728,0.5207655429840088
4d8b8e447,-4.938901901245117,-1.9584931135177612,-3.0922887325286865,2.637925863265991,-4.164482116699219,-2.1489834785461426,-0.38016068935394287,2.8579518795013428,-4.623288631439209,-0.6291406750679016,0.5125021934509277,3.141228675842285,-2.893094539642334,-4.150691032409668,-1.3836102485656738,0.6557178497314453,-1.034531831741333,-0.815345287322998,-2.2842636108398438,-1.0456658601760864,0.5865169167518616,-4.316078186035156,-1.5182081460952759,-0.9232442378997803
4dab7201c,-4.026644229888916,-2.4218337535858154,-0.5834391117095947,5.284555435180664,-0.23488956689834595,6.623632907867432,-4.511495113372803,-2.785531520843506,-0.5726103186607361,-3.347705841064453,-2.1421961784362793,-3.887981414794922,5.478938579559326,0.49207600951194763,-2.980591058731079,1.354997158050537,-4.92475700378418,-5.492393493652344,5.166491985321045,-1.9037574529647827,-1.918593168258667,-2.560607433319092,0.6136412024497986,-0.12154261767864227
4dba0df2a,5.330509185791016,-2.4486989974975586,-0.14272230863571167,2.307183265686035,-3.187516689300537,-2.2696051597595215,-1.8624258041381836,-0.6889855265617371,0.5698865056037903,-2.8935728073120117,2.564990997314453,-2.144570827484131,0.4613687992095947,-3.6647746562957764,-2.5941002368927,-1.5773727893829346,-4.319527626037598,-4.617196559906006,5.584782600402832,-1.737755537033081,-2.2986512184143066,-4.077000617980957,-1.5314548015594482,0.7828546762466431
4dc072cc0,6.886202812194824,6.884584903717041,-5.328144073486328,5.427622318267822,-0.22179771959781647,-6.1018571853637695,-5.812746047973633,-3.2418339252471924,-3.5046627521514893,4.593475818634033,-3.03263258934021,-5.90114164352417,5.107083320617676,-2.1062216758728027,-2.2449288368225098,-1.2828807830810547,-5.352786064147949,-7.9029693603515625,6.515570163726807,-6.9955339431762695,-7.674624919891357,-1.5480824708938599,-5.329873561859131,0.8131254315376282
4dcf0be4a,3.7589027881622314,-2.147186040878296,-4.1198201179504395,3.9097869396209717,-1.6945794820785522,-2.385388135910034,-5.624516487121582,-2.217693567276001,-0.5550974607467651,-3.5729479789733887,-1.5508683919906616,-6.121239185333252,3.0185647010803223,-3.5061416625976562,-1.816451907157898,-2.904313564300537,-6.531219482421875,-7.959320068359375,6.148562908172607,-4.7792768478393555,-6.451626300811768,-2.061220645904541,-1.8311740159988403,1.3612680435180664
4dcfcf9c1,-2.6931231021881104,-4.149123191833496,-3.757425546646118,5.097738742828369,-3.033548355102539,-1.7895307540893555,-6.720141887664795,-3.2323663234710693,-1.1748168468475342,-5.250959396362305,-2.4722702503204346,-6.774444103240967,4.574033737182617,-3.2982823848724365,-2.3926613330841064,-2.178232192993164,-6.884692668914795,-8.300944328308105,5.259247779846191,-5.443019866943359,-6.1956634521484375,-3.3935272693634033,-1.977534294128418,-0.24377956986427307
4de2b6553,-2.7323896884918213,-4.991447925567627,-3.7440338134765625,4.956378936767578,-3.240328311920166,-1.784935474395752,-6.976136684417725,-3.2358272075653076,-1.394127607345581,-5.789577007293701,-1.7613521814346313,-7.1118903160095215,4.123743534088135,-3.4997613430023193,-2.809183359146118,-2.2159979343414307,-7.1760687828063965,-8.625527381896973,5.458941459655762,-5.144589900970459,-5.80772066116333,-3.670931100845337,-1.9670805931091309,0.11375676095485687
4de9319a3,-3.512946128845215,0.7523993253707886,-2.807830810546875,3.2540290355682373,-1.4391742944717407,-2.1808695793151855,-0.3449970781803131,-0.23297224938869476,-3.34047794342041,3.2091691493988037,-0.6615284085273743,1.3518725633621216,-1.137739896774292,1.4738974571228027,-2.2894396781921387,0.19554054737091064,2.973811149597168,3.780344009399414,-1.358901023864746,-1.4864081144332886,1.0943459272384644,-2.32008695602417,-1.9303795099258423,1.0099742412567139
4e025b553,-3.334150552749634,0.6113393306732178,-4.838331699371338,4.234385967254639,-1.5569816827774048,-1.3912107944488525,-4.174933910369873,0.12290085107088089,-4.981008052825928,-2.4269328117370605,-1.8249330520629883,-2.0020575523376465,-3.336456537246704,-4.105330467224121,6.644131660461426,1.6774868965148926,-6.019871711730957,-5.479729652404785,1.939324140548706,-3.507660388946533,-4.192761421203613,-1.7797521352767944,-0.15185679495334625,-0.7776808738708496
4e0cc2172,-6.2467265129089355,0.027467824518680573,-6.9764251708984375,4.7717814445495605,-0.5253402590751648,-3.0252444744110107,-7.371603965759277,-1.2918026447296143,-5.673159122467041,-4.299599647521973,-3.2489829063415527,-3.310185194015503,-5.583292484283447,-4.667458534240723,7.779901504516602,-1.0872039794921875,-7.050511360168457,-8.050891876220703,2.0162787437438965,-5.677532196044922,-5.8962507247924805,1.0962896347045898,-1.0781210660934448,-1.2574355602264404
4e68c47b0,-5.9788594245910645,2.8918039798736572,-3.325435161590576,5.6697564125061035,-2.7188642024993896,-2.5965166091918945,-3.800930976867676,-1.1803220510482788,-5.769330978393555,-1.537563443183899,-2.4201273918151855,-3.1271228790283203,-4.640671253204346,-0.9572150111198425,-2.253741502761841,-0.444527804851532,3.513103723526001,-3.1973609924316406,-4.440332412719727,-4.226498603820801,-2.1440746784210205,-1.0658669471740723,-1.9420032501220703,-2.844336748123169
4e6d1a9ed,-2.649139165878296,-1.3191841840744019,-0.2819497585296631,-1.1057987213134766,-2.920133590698242,-1.1669275760650635,0.03176889941096306,0.6580438613891602,-2.8065919876098633,0.013298075646162033,0.15966448187828064,1.0861884355545044,-2.0846047401428223,-2.5668842792510986,-2.0023205280303955,-0.0075349994003772736,-0.18354934453964233,-0.3308837115764618,-1.439176082611084,0.7341820597648621,1.3719322681427002,-3.5367913246154785,-1.9437017440795898,-0.43513333797454834
4e82fe1fe,-4.90402889251709,-5.87363338470459,-6.374973297119141,5.764996528625488,-1.7043818235397339,0.386402428150177,-6.589879035949707,-5.337223052978516,-1.4472129344940186,-5.910646438598633,-2.3832931518554688,-7.7526421546936035,4.5687689781188965,-3.757727861404419,-5.877821922302246,-4.603593349456787,-8.139745712280273,-7.851014137268066,4.560445785522461,-4.855769634246826,-5.779536247253418,-4.30569314956665,-0.8687394857406616,4.919498443603516
4ea911070,-5.459518909454346,-3.0838184356689453,-3.5315656661987305,6.2094268798828125,0.3636297583580017,4.958162307739258,-2.877448558807373,-3.289003372192383,-2.2453935146331787,-2.608604907989502,-0.5543959736824036,-3.523923397064209,3.2196848392486572,-1.822443962097168,-3.3018479347229004,-0.5092651844024658,-3.384723663330078,-3.1134495735168457,3.696603775024414,1.82425856590271,-1.5735313892364502,-2.579529285430908,0.19514548778533936,4.21117639541626
4eecb971e,-1.3548442125320435,-0.18559592962265015,-0.030951499938964844,1.281568169593811,-2.3051705360412598,-1.0094741582870483,-0.694745659828186,0.5251445174217224,-2.6763916015625,-0.3695889711380005,0.1707237958908081,-0.2287226915359497,-1.2579569816589355,-2.163198232650757,-1.9019910097122192,0.41055649518966675,-0.45997413992881775,-1.3399912118911743,-0.9992585182189941,-0.26737961173057556,1.1336833238601685,-2.5834691524505615,-1.3393763303756714,0.03810913860797882
4f06a9e71,-1.934948205947876,-3.340867757797241,-3.2836239337921143,5.3477582931518555,-1.388005256652832,0.5363968014717102,-6.774746894836426,-3.324535369873047,0.4879034757614136,-5.108896732330322,-2.8115718364715576,-6.472460746765137,4.7961344718933105,-1.3113799095153809,-2.557018756866455,-2.0959930419921875,-6.224661350250244,-7.701623439788818,5.618376731872559,-4.164046287536621,-5.544032096862793,-1.475014328956604,-0.5074318051338196,-0.35305678844451904
4f22b87c5,-1.5412098169326782,-0.7160255908966064,-0.6823678612709045,2.9400367736816406,-3.1167893409729004,-0.5061198472976685,-0.16776683926582336,3.358520746231079,-3.383221387863159,0.32515498995780945,0.06248576194047928,0.3099929988384247,-1.758624792098999,-3.392326831817627,-0.4764695167541504,1.4735780954360962,-1.589239478111267,-0.27025026082992554,-1.298622488975525,0.10838629305362701,0.6753761768341064,-3.055931568145752,-2.1527798175811768,-0.7220785021781921
4f4b5de86,-2.2640328407287598,-0.8225939869880676,-0.4639894962310791,1.9917353391647339,-1.323646068572998,0.6684942245483398,-0.3548445701599121,0.5688226222991943,-3.02396297454834,-0.22666822373867035,0.5829952359199524,0.38853827118873596,0.6740342974662781,-2.061408281326294,-0.8863860368728638,0.8361388444900513,-2.8556222915649414,-1.6867597103118896,0.8762790560722351,-0.6679264307022095,0.5591585636138916,-2.928689479827881,0.3523135185241699,3.603127956390381
4f6ee7ced,-4.516069412231445,-1.5996557474136353,-2.0141148567199707,-0.26767414808273315,-5.183104038238525,-2.66939640045166,1.0393927097320557,1.0729331970214844,-5.170133113861084,0.03780469670891762,-0.7344921231269836,1.118678331375122,-3.754129409790039,-3.74251127243042,-3.8561558723449707,0.6403165459632874,2.6518397331237793,0.5134645104408264,-4.107227325439453,-0.11236180365085602,1.3377478122711182,-5.709360122680664,-2.4506213665008545,-0.9305465221405029
4f8e76174,-1.5065805912017822,-4.239767074584961,-5.389395236968994,5.4736785888671875,-2.155025005340576,-1.2604453563690186,-8.02527904510498,-4.827202796936035,1.9773348569869995,-6.1348490715026855,-3.5536508560180664,-7.37324333190918,6.203627586364746,-0.7860125303268433,-4.686371326446533,-3.280062675476074,-7.182788848876953,-9.094549179077148,6.058365821838379,-5.441107749938965,-6.796233654022217,-2.152318000793457,-0.29707688093185425,-0.3526206612586975
4fb5da14d,-3.729487419128418,-2.23409104347229,-1.2811307907104492,5.244948387145996,1.0572941303253174,-0.3061548173427582,-6.706768989562988,-4.473720073699951,0.01995682343840599,-3.753627300262451,-4.399870872497559,-5.768374919891357,6.581757545471191,2.746176242828369,-3.0541820526123047,-1.7454583644866943,-4.972924709320068,-6.601673126220703,5.8536272048950195,-3.946392774581909,-4.989642143249512,0.3470430374145508,-0.6458891034126282,-1.2381720542907715
4fdc94a87,4.911372661590576,-3.694350242614746,-4.108405113220215,4.549062728881836,-2.6839165687561035,-0.9543263912200928,-6.159718036651611,-2.839841842651367,0.7895200848579407,-5.18784236907959,-0.744154155254364,-6.734954833984375,5.062571048736572,-2.8156440258026123,-3.252561330795288,-2.861515998840332,-7.804338455200195,-8.89718246459961,7.359522819519043,-4.948227405548096,-6.560288429260254,-3.031928777694702,-1.0578880310058594,3.45418119430542
4ff5c37b7,-4.982404708862305,-2.773796796798706,-3.4486076831817627,-0.46717405319213867,-5.657864093780518,-4.0935468673706055,0.9267401695251465,4.19926118850708,-4.988207817077637,-1.0541980266571045,0.024023115634918213,5.0444159507751465,-4.1889519691467285,-5.068015098571777,-4.211487770080566,0.7289252877235413,0.14511370658874512,-0.3838493227958679,-4.711243152618408,0.08162015676498413,0.8607028722763062,-6.541560173034668,-1.0120673179626465,-0.8341559171676636
4ffefd1aa,1.2115507125854492,2.7637906074523926,1.6130445003509521,3.031492233276367,-0.05510394647717476,-0.6487065553665161,1.90345299243927,0.4794924259185791,-1.6537861824035645,2.1282410621643066,0.06476786732673645,1.1775641441345215,-0.5388324856758118,-0.5512832999229431,0.797207772731781,0.6497112512588501,0.7791976928710938,0.6968768835067749,1.6550326347351074,2.510368585586548,0.8380982875823975,-0.3861229121685028,-1.4052258729934692,0.8807715177536011
5012f0b4f,3.1826603412628174,-1.8222098350524902,-0.5452996492385864,0.4548276662826538,-2.4041223526000977,-2.231431484222412,-3.6929492950439453,-0.6786492466926575,-1.8574575185775757,-2.092076539993286,-0.4840475916862488,-3.1901016235351562,0.605374813079834,-3.665597915649414,-1.3330118656158447,-1.633975863456726,-3.6668739318847656,-5.256096363067627,4.6869378089904785,-1.57487154006958,-2.257540702819824,-3.1038458347320557,-2.4656710624694824,-0.16584426164627075
501e91887,-3.0899229049682617,0.15238738059997559,-1.1214059591293335,1.0120043754577637,-3.0781073570251465,-1.7070871591567993,0.9288783669471741,0.4641880989074707,-4.198207378387451,3.7748942375183105,-0.8938692808151245,1.279860258102417,-2.1457996368408203,-3.1043248176574707,-1.7015920877456665,-0.40179693698883057,0.7868779897689819,3.6641764640808105,-1.4790244102478027,-0.7194331884384155,1.876103162765503,-3.623650550842285,-3.733656167984009,-1.2652122974395752
503683ee6,-2.3286232948303223,0.8010003566741943,-0.6400887966156006,2.5159709453582764,-1.3653618097305298,-0.7266156673431396,-1.800060510635376,0.6305086612701416,-3.655620574951172,0.5465184450149536,-0.3552941083908081,-0.7670466303825378,-2.2221670150756836,-2.6447575092315674,4.6455512046813965,2.146190881729126,-3.1989622116088867,-0.997116208076477,0.13555589318275452,-0.9504789113998413,-0.8702723383903503,-1.6559743881225586,-0.7229798436164856,-1.517676830291748
50b6ac32f,1.3447041511535645,-4.527781009674072,-4.646445274353027,4.543751239776611,-2.522451400756836,-1.5566627979278564,-5.921425819396973,-2.9197750091552734,-0.35699376463890076,-5.180467128753662,-1.1704182624816895,-6.091378211975098,4.1743364334106445,-4.136675834655762,-4.2809906005859375,-2.7416388988494873,-7.193451881408691,-8.315683364868164,6.115756988525391,-4.9431657791137695,-6.442646026611328,-4.101598739624023,-1.9045374393463135,4.662039756774902
50c1bca03,-2.7651638984680176,0.19801202416419983,-1.8680028915405273,3.0091121196746826,-3.0683326721191406,-1.4097312688827515,-0.4652961492538452,4.1968817710876465,-3.8118948936462402,1.08632493019104,-0.6482428908348083,2.9142208099365234,-2.0698492527008057,-3.6595330238342285,1.0229856967926025,3.0457630157470703,-1.6709349155426025,0.2687835097312927,-1.5341920852661133,-0.7786809206008911,0.0557977557182312,-2.1987555027008057,-1.0349010229110718,-0.7556565403938293
50fc0af68,0.5428488254547119,-4.982283592224121,-3.097142457962036,5.084099769592285,-3.235661268234253,-2.5308308601379395,-6.474151134490967,-4.024202346801758,-0.14765216410160065,-5.668308258056641,-1.7797048091888428,-6.8174262046813965,5.053594589233398,-3.4260385036468506,-4.531954288482666,-2.9389266967773438,-6.699810981750488,-8.490021705627441,6.378244876861572,-4.700131416320801,-5.7957563400268555,-4.28955602645874,-2.3902840614318848,0.9594175219535828
512dc3932,-2.927290916442871,-1.9652073383331299,-1.8019390106201172,4.8623552322387695,-0.34130120277404785,6.699714660644531,-2.8057873249053955,2.094515085220337,-2.084505081176758,-2.181633472442627,-0.2742542326450348,-0.9027863144874573,1.563615083694458,-1.4409716129302979,-0.6606268286705017,1.6045119762420654,-4.220044136047363,-3.5964293479919434,3.2151262760162354,-1.98972749710083,-0.10597635805606842,-3.454253673553467,0.26239922642707825,0.5062413811683655
5130a7a44,-4.313331127166748,-0.7371073365211487,-1.1953469514846802,-0.7649519443511963,-3.9382824897766113,-2.103426694869995,1.1458914279937744,0.9952518343925476,-4.664731025695801,0.8244460821151733,0.05087503790855408,3.161635398864746,-3.3426713943481445,-3.560077428817749,-3.0398097038269043,-0.09892483055591583,1.503320574760437,0.8191255331039429,-3.4785022735595703,-0.2466907501220703,1.5967798233032227,-5.097843170166016,-1.8847938776016235,-1.435341715812683
518867197,-1.526235580444336,-1.3695454597473145,-2.2482869625091553,3.8725695610046387,-1.3140825033187866,-0.7962321043014526,-4.617656707763672,-0.5075907111167908,-3.1062891483306885,-2.543248176574707,-0.664315402507782,-2.9477365016937256,-0.3051573932170868,-3.6487510204315186,4.503632545471191,-0.9544680118560791,-5.488463401794434,-5.339956760406494,3.3973236083984375,-2.453217029571533,-3.1152844429016113,-0.14036785066127777,-0.8053333163261414,-0.12856526672840118
51a33a543,-7.675297737121582,-0.7325595617294312,-6.450353145599365,3.4918389320373535,-7.050716400146484,-4.866174221038818,-0.9778920412063599,5.642465114593506,-6.675657272338867,-3.1346960067749023,-1.3329259157180786,3.6047372817993164,-6.731533050537109,-3.826692819595337,-4.755516052246094,1.971523642539978,4.170454502105713,-2.92124342918396,-7.272009372711182,-0.5247949957847595,-0.07538501918315887,-6.298927307128906,-2.304556369781494,-3.521854877471924
51b186f15,-2.1461963653564453,0.8153672218322754,-0.09027957916259766,1.493017315864563,-3.0613765716552734,-1.5580196380615234,1.4842268228530884,1.022896647453308,-3.957523822784424,3.986351490020752,-0.4758247137069702,2.5074024200439453,-2.6026077270507812,-3.24421763420105,-1.1522432565689087,-0.5038905739784241,1.092123031616211,4.918910503387451,-1.6475507020950317,-1.0450223684310913,1.6156129837036133,-3.3282430171966553,-2.9470324516296387,-1.4236271381378174
51c33f465,-1.77506422996521,3.253953218460083,6.987403869628906,3.769124746322632,-2.912364959716797,1.3270957469940186,-0.6194132566452026,1.970916986465454,-4.528160095214844,0.8513669967651367,-1.3848481178283691,-0.9749202132225037,-1.2029740810394287,-2.8949038982391357,-0.4051705002784729,1.9933441877365112,-2.4011435508728027,-1.9231512546539307,-1.2772216796875,1.2468712329864502,0.15711989998817444,-2.555180788040161,-0.315656840801239,-2.340907096862793
51cd29975,-2.894519567489624,3.121044635772705,-5.233867645263672,4.663629055023193,-0.3484452962875366,-3.353172779083252,-6.115321159362793,-0.8503132462501526,-3.01419734954834,-1.9135713577270508,-4.150793075561523,-3.7316317558288574,-2.9350152015686035,-1.8829673528671265,5.4119157791137695,-0.6312149167060852,-2.5114221572875977,-5.3468170166015625,0.21311050653457642,-4.913471221923828,-5.935275554656982,1.4707611799240112,-0.5284767746925354,-2.1190056800842285
5220e985d,-3.8318874835968018,0.38465577363967896,-3.1060218811035156,2.9103360176086426,-2.950287103652954,-3.3206100463867188,0.27603188157081604,-0.4319334626197815,-4.103580951690674,3.4337849617004395,-0.8982560634613037,0.7675435543060303,-3.194227933883667,-1.962846040725708,-1.8653864860534668,-0.2948151230812073,3.7781994342803955,4.448780536651611,-2.895616292953491,-2.4779562950134277,1.418521761894226,-3.4639267921447754,-3.644644260406494,0.0030856430530548096
522979dc6,-1.0743308067321777,2.9051353931427,6.310912132263184,3.8504891395568848,-2.5050179958343506,-0.8266935348510742,-1.609357476234436,0.11595211178064346,-4.283597946166992,-0.11160168051719666,-0.8691718578338623,-1.5953370332717896,-2.089421272277832,-2.147421360015869,-1.6080799102783203,-0.13617539405822754,-0.9887053966522217,-2.1401758193969727,-1.1060658693313599,0.43593043088912964,-0.3410298228263855,-2.469956874847412,-0.2725576162338257,-1.625985026359558
523a0d164,-3.1250367164611816,-0.2839432954788208,-0.21700197458267212,1.2386547327041626,-3.3168325424194336,-0.30745139718055725,-0.24975889921188354,4.105889320373535,-3.9602150917053223,0.726677656173706,-1.4312535524368286,0.2556275725364685,-1.8650405406951904,-3.5191376209259033,-0.1816967874765396,0.7562723755836487,-1.2815152406692505,0.5626778602600098,-1.85805082321167,0.4724354147911072,1.0660966634750366,-2.731208562850952,-2.8835461139678955,-2.3100147247314453
523c96546,4.777334213256836,-5.336097717285156,-4.649568557739258,4.609577655792236,-3.908454418182373,-2.8787453174591064,-7.551405906677246,-3.6563398838043213,1.7909069061279297,-6.728415489196777,-1.1988404989242554,-7.707566738128662,4.961655616760254,-2.2128233909606934,-5.993397235870361,-3.4977283477783203,-8.646566390991211,-10.265684127807617,7.587616443634033,-5.795021057128906,-7.864254951477051,-4.465329647064209,-2.0075273513793945,1.3312163352966309
52465595f,-0.7018506526947021,-0.5935980081558228,-0.37040331959724426,2.9009852409362793,-1.1410675048828125,0.7989473342895508,-2.5646090507507324,-1.0150609016418457,-0.9277453422546387,-1.1626121997833252,-0.1572980135679245,-2.662022590637207,2.396848201751709,-1.3441762924194336,0.5227419137954712,0.12333205342292786,-3.606482982635498,-2.7814462184906006,3.2504210472106934,-1.2362606525421143,-0.8891419768333435,-1.932545781135559,-0.4469412565231323,3.1919503211975098
525c73390,-3.959857940673828,-2.653554916381836,-4.158984184265137,5.35216760635376,-2.0111916065216064,-2.708306074142456,-8.477703094482422,-4.341006278991699,-1.2897849082946777,-4.693537712097168,-4.118294715881348,-7.29295015335083,5.004073619842529,-0.3509446382522583,-2.1393396854400635,-2.567782402038574,-6.120754241943359,-8.173386573791504,5.460631847381592,-5.400101661682129,-6.358123779296875,-1.551404356956482,-2.5739550590515137,-1.5355563163757324
527ac9db6,-3.3447823524475098,-4.378176689147949,-3.641599655151367,5.7747039794921875,-0.009427845478057861,0.3737846910953522,-7.797414779663086,-5.12973690032959,2.2876222133636475,-5.427422523498535,-3.3424925804138184,-6.801220893859863,6.345628261566162,-0.08464111387729645,-3.3115756511688232,-2.69553279876709,-6.445217132568359,-8.34725284576416,6.212894916534424,-4.97212028503418,-6.443626880645752,-0.8528081178665161,0.3039529323577881,-0.6292220950126648
5287a7fd8,0.4308651089668274,-1.1046520471572876,-0.13385368883609772,0.570816695690155,-1.7343999147415161,1.248800277709961,-1.8576667308807373,1.8584144115447998,-2.6028566360473633,-0.8144860863685608,-0.44130346179008484,-1.0112229585647583,0.2988007366657257,-3.057109832763672,0.02931448072195053,0.9693558216094971,-3.335777759552002,-2.505835771560669,2.17206072807312,-0.04494988173246384,-0.27470967173576355,-3.0353527069091797,-1.0374780893325806,2.4732606410980225
5289c9926,-0.37159058451652527,-1.8482494354248047,-2.363311767578125,4.32902717590332,-1.5193865299224854,-0.6887452602386475,-3.2693424224853516,-1.1008800268173218,-1.397536277770996,-2.5476787090301514,-1.4338456392288208,-3.446403980255127,3.2277400493621826,-2.376652717590332,0.34471479058265686,1.3517322540283203,-4.97976016998291,-4.669704437255859,4.435482025146484,-2.65248703956604,-3.4296884536743164,-2.0962865352630615,-0.9559853672981262,1.5005249977111816
52c1e5fae,-3.366936683654785,-0.34094738960266113,0.14319592714309692,-0.5011248588562012,-3.10623836517334,-1.1396070718765259,1.0379343032836914,0.05605553090572357,-4.272761821746826,1.252403736114502,-0.7312237024307251,0.2664180397987366,-2.6525144577026367,-3.611940383911133,-1.8108546733856201,0.46752893924713135,0.41269728541374207,0.6320425271987915,-2.3573267459869385,-0.5924252271652222,1.318716287612915,-4.14864444732666,-3.0978431701660156,-1.2690800428390503
52c76de7b,-2.1763389110565186,-1.6211295127868652,-3.40162992477417,5.575255393981934,0.9181725382804871,-1.0925487279891968,-7.094341278076172,-4.40101432800293,0.8271425366401672,-3.2373883724212646,-4.414093017578125,-5.884765625,6.635223388671875,1.2694274187088013,-2.4044439792633057,-1.5248996019363403,-5.525600910186768,-6.870616436004639,6.086640357971191,-5.056386470794678,-5.9679388999938965,0.656731128692627,-0.8350319266319275,-0.770649254322052
52cb0db2d,-4.742274761199951,-1.9061012268066406,-0.9317628145217896,-0.5461208820343018,-5.404857635498047,-3.0929222106933594,-1.7515861988067627,-1.0638806819915771,-5.174145698547363,-1.9859366416931152,-1.461655855178833,-1.2297221422195435,-3.678374767303467,-3.5489516258239746,-5.337884902954102,-1.9363569021224976,1.609992504119873,-3.0489628314971924,-2.573148488998413,-0.30401939153671265,0.4072621464729309,-5.92180061340332,-3.066434144973755,-1.9247041940689087
52d7b5192,-2.4309298992156982,-0.9907286167144775,0.24304066598415375,4.014425277709961,-0.24277256429195404,6.64192008972168,-2.2454309463500977,0.41985034942626953,-2.588017463684082,-0.8796256184577942,1.4909627437591553,-0.6372659802436829,0.7421188354492188,-1.0687733888626099,-0.6936771869659424,1.1222896575927734,-3.7391679286956787,-2.5069234371185303,1.9410358667373657,-0.9732205867767334,0.7933517694473267,-3.0403103828430176,-0.3274768590927124,-0.051152653992176056
53222dab1,-0.7390669584274292,-0.7437347173690796,-0.055536385625600815,0.5166745185852051,-1.1533565521240234,0.906931459903717,-2.3351593017578125,-0.8749665021896362,-1.4944305419921875,-1.1348768472671509,-0.08190909028053284,-2.1697263717651367,0.7712956070899963,-2.1238999366760254,0.9615733623504639,-0.01749386265873909,-3.052177906036377,-2.734776258468628,2.2486815452575684,-0.6036492586135864,-0.770876407623291,-1.8422034978866577,-0.3351329267024994,0.19256213307380676
53286585d,-3.6201586723327637,2.8078160285949707,-4.375626087188721,5.857815742492676,-1.0703717470169067,-2.8936784267425537,-2.2016232013702393,3.1512205600738525,-5.055482864379883,0.9943474531173706,-2.828809976577759,-0.5320402383804321,-3.1068053245544434,-2.489677667617798,6.582854747772217,3.2156286239624023,-2.069117546081543,-0.759553849697113,-0.45525702834129333,-3.8773913383483887,-3.002889394760132,-0.4646233320236206,-1.4015992879867554,-1.0883296728134155
536c394c8,4.645216464996338,5.862999439239502,-1.6405588388442993,4.440147876739502,-0.7210134267807007,-3.2446985244750977,-1.3931061029434204,-0.2323986291885376,-3.3262176513671875,4.542189598083496,-0.8595778346061707,-0.8469994068145752,2.1710805892944336,-1.588608980178833,-0.18797622621059418,3.4143497943878174,-2.0261762142181396,-1.1863420009613037,3.6257216930389404,-2.8699026107788086,-2.9766924381256104,-1.861297607421875,-2.745692491531372,1.1660774946212769
537c891bb,-3.7696619033813477,2.3667495250701904,2.4002108573913574,4.375353813171387,-1.4009745121002197,0.07951571047306061,-3.964449644088745,1.3438339233398438,-4.4670891761779785,-0.2083781361579895,-2.0548882484436035,-2.991525411605835,-1.1291193962097168,-1.2583868503570557,-1.6463112831115723,-0.32866933941841125,-0.7096944451332092,-1.9068069458007812,-1.5422155857086182,-1.6623238325119019,-0.9160317182540894,0.8533430099487305,-1.9559441804885864,-0.20873568952083588
53a7ac024,-6.543951511383057,-3.2160069942474365,-2.6413187980651855,6.0341339111328125,-1.2534167766571045,0.5018351674079895,-2.613590955734253,-2.4881374835968018,-4.408267974853516,-2.05472993850708,-0.2710185945034027,-4.306450366973877,2.0998952388763428,-3.8927950859069824,-3.1797168254852295,-2.574432373046875,-4.558600902557373,-3.1838064193725586,0.9831283092498779,-3.456880807876587,-1.26692795753479,-2.794332504272461,-1.7890863418579102,4.7711076736450195
53b10ab00,-5.555946350097656,-3.6990489959716797,-3.2233169078826904,-0.2058623731136322,-5.9382548332214355,-4.410353183746338,1.2142536640167236,2.623593330383301,-5.318925857543945,-2.1750106811523438,1.0800689458847046,4.702764987945557,-4.351093769073486,-5.761023998260498,-4.24403190612793,-0.011940641328692436,-1.477701187133789,-1.8333455324172974,-4.910405158996582,-0.45514315366744995,1.3075528144836426,-7.039453506469727,-1.352522373199463,-0.2632399797439575
53bce4c90,-0.36381298303604126,-2.4896817207336426,-1.651153564453125,4.086971282958984,-2.595961570739746,-1.8169429302215576,-4.5970025062561035,-1.6293816566467285,-1.1385087966918945,-3.292829990386963,-1.3628313541412354,-4.820273399353027,2.6054322719573975,-3.104555606842041,-1.1482616662979126,-1.9025439023971558,-5.156095504760742,-5.830876350402832,4.763029098510742,-3.1653144359588623,-3.914564609527588,-2.574852466583252,-2.07562255859375,-0.44040408730506897
53c6c4d07,6.890089988708496,-5.230586051940918,-4.251011371612549,3.6972591876983643,-6.01847505569458,-4.420566558837891,-6.621236801147461,-1.1388531923294067,0.13477526605129242,-6.265377044677734,1.2285866737365723,-6.578818321228027,-1.0668716430664062,-5.974096298217773,-4.411175727844238,-2.7528269290924072,-7.814042091369629,-10.418082237243652,6.803943634033203,-5.831336498260498,-7.357609748840332,-6.252554893493652,-2.357792854309082,0.3502793610095978
53cc5b732,-5.2928972244262695,-2.791299343109131,-3.235084056854248,5.84906530380249,-1.4810296297073364,2.466337203979492,-1.9430873394012451,-1.408610463142395,-4.52932071685791,-1.7876760959625244,0.38853251934051514,-3.699408531188965,0.6118627190589905,-4.531352996826172,-1.6243435144424438,-2.076127290725708,-4.742658615112305,-3.022059202194214,1.2536816596984863,-2.9040074348449707,-1.1291635036468506,-3.4312517642974854,-1.4422240257263184,4.774738788604736
53db66bd9,-1.8220996856689453,1.440108299255371,-3.401071786880493,3.4575490951538086,-1.5223824977874756,-1.9621671438217163,-0.4594011902809143,0.9439349174499512,-4.274066925048828,3.7702856063842773,-0.24908021092414856,1.3922098875045776,-1.0693409442901611,-3.391484498977661,-0.3537884056568146,0.23031601309776306,-0.35534629225730896,1.7758983373641968,-1.1106867790222168,-2.913701295852661,0.8331734538078308,-2.9435553550720215,-2.119015693664551,3.9896934032440186
53dcaca05,-6.412132263183594,4.635250091552734,-5.574244499206543,6.204064846038818,-5.169757843017578,-5.466719627380371,-4.610243797302246,-2.7497410774230957,-7.55316686630249,-3.087797164916992,-3.1363532543182373,-4.564953327178955,-6.883664608001709,-0.07518193125724792,-4.761375427246094,-0.8954311013221741,7.283905029296875,-4.071563720703125,-7.129055976867676,-5.484797477722168,-3.8710124492645264,-3.9615836143493652,-2.6786863803863525,-3.8024704456329346
5458c8c5a,6.92120361328125,-4.727852821350098,-1.800126552581787,1.883732557296753,-6.141678810119629,-4.608331203460693,-4.816842079162598,-1.1426669359207153,-0.041768863797187805,-4.992688179016113,1.4406262636184692,-5.270843505859375,-1.3681646585464478,-5.70001745223999,-4.6341094970703125,-2.4378490447998047,-5.612725734710693,-7.92129373550415,6.124707221984863,-3.3619778156280518,-5.29432487487793,-6.165848731994629,-2.6914613246917725,-0.11039596796035767
546792327,-6.702497959136963,-2.7722067832946777,-5.7198991775512695,2.198105812072754,-7.191489219665527,-5.546571254730225,-0.6118089556694031,5.691523551940918,-6.1358842849731445,-1.5869330167770386,-1.2166571617126465,5.545536041259766,-5.87347936630249,-6.505876541137695,-3.5159835815429688,1.6334660053253174,-0.08998176455497742,0.36371636390686035,-5.917671203613281,-1.6670536994934082,-1.2381457090377808,-6.3616414070129395,-1.9669849872589111,-3.0956239700317383
547d74e15,-2.788456439971924,1.8034292459487915,5.3918280601501465,4.37137508392334,-1.9851138591766357,0.24820402264595032,-2.8831255435943604,-0.5144446492195129,-4.047219753265381,-0.008833527565002441,-1.3167009353637695,-1.9956085681915283,-0.35038769245147705,-2.3422346115112305,-1.620045781135559,-0.5583202242851257,-1.5035439729690552,-1.7820533514022827,-0.6460649371147156,-0.7437912225723267,0.1318705976009369,-1.1988438367843628,-1.960292935371399,-1.6126221418380737
54a3a78f9,6.791753768920898,5.93202018737793,-5.089179992675781,5.214816093444824,-0.01278764009475708,-5.769636154174805,-6.702303886413574,-4.00011682510376,-2.518094062805176,2.268583297729492,-3.235807180404663,-6.585186004638672,5.648494720458984,-2.577169179916382,-2.1063785552978516,-2.5127663612365723,-5.795993804931641,-9.182819366455078,6.5983123779296875,-7.48270845413208,-8.017461776733398,-0.8080620765686035,-4.831191062927246,-0.06892575323581696
54d69f9fa,-2.661539316177368,-0.644542932510376,-0.7869715094566345,3.5121994018554688,0.453110933303833,5.631534576416016,-2.5985515117645264,-0.15540257096290588,-1.7668780088424683,-1.075258493423462,-0.8279581069946289,-1.515804409980774,1.4990284442901611,-0.45802292227745056,0.022412419319152832,1.0460896492004395,-3.4537434577941895,-2.4700796604156494,2.0378897190093994,-1.5788668394088745,-0.20945842564105988,-1.5698094367980957,1.3421580791473389,0.17386437952518463
550e1cc2e,-1.8673856258392334,-0.21612465381622314,-1.2051230669021606,0.6784371137619019,-2.000336170196533,-1.160693645477295,-0.0164518803358078,5.272708415985107,-4.068583965301514,0.4138876795768738,0.11519177258014679,4.222011566162109,-1.275639533996582,-4.479793071746826,0.5953606367111206,1.7172311544418335,-1.8933706283569336,-0.472886323928833,-1.0729880332946777,0.032121967524290085,0.32514071464538574,-3.2111411094665527,-0.9555422067642212,2.30853533744812
552347642,-1.2229963541030884,-4.255403995513916,-2.631356716156006,4.777839660644531,-3.4026436805725098,-1.0788803100585938,-4.748867988586426,-0.3710479736328125,-1.7759367227554321,-4.714264392852783,-0.3959876298904419,-3.6527206897735596,3.271817922592163,-2.868570566177368,-2.0515224933624268,-0.7734332084655762,-6.0624213218688965,-6.699583053588867,4.414705276489258,-2.9232776165008545,-3.9927377700805664,-3.9381842613220215,-1.1720075607299805,0.4821995794773102
552e8f43d,3.734116792678833,-3.5975394248962402,-0.819310188293457,-0.33806896209716797,-3.650516986846924,-2.0394935607910156,-3.92973256111145,-1.7932631969451904,-0.5648235082626343,-3.271580457687378,0.34813565015792847,-3.9625020027160645,-0.16714748740196228,-4.523039817810059,-3.115837335586548,-2.863631248474121,-3.8196053504943848,-5.500044822692871,4.52410364151001,-1.6324095726013184,-2.9720559120178223,-4.3365373611450195,-2.8147857189178467,-0.2114589512348175
555639db5,-1.6456598043441772,1.665886402130127,0.7738918662071228,-0.5030221343040466,-2.5434558391571045,-1.6422828435897827,-0.37153396010398865,-0.4243558943271637,-3.8892946243286133,0.2344161719083786,-0.8769828081130981,-0.08346910774707794,-1.7760648727416992,-1.3703875541687012,-0.7553651332855225,2.633561134338379,0.900501012802124,-1.1650991439819336,-0.9809490442276001,-0.35899806022644043,0.15772001445293427,-2.834751605987549,-1.6955618858337402,-1.6836928129196167
555a86dc5,-4.232852935791016,-3.2278482913970947,-4.572141170501709,5.8912272453308105,1.8220967054367065,5.978906631469727,-5.812335968017578,-3.1665194034576416,-0.4363647699356079,-3.2950279712677,-2.4135890007019043,-5.656322479248047,5.7494049072265625,-1.6507847309112549,-2.6987645626068115,-3.5659453868865967,-6.922914981842041,-5.413115978240967,4.980805397033691,-3.4975805282592773,-4.087610244750977,-0.6946271657943726,-0.2365739345550537,4.847115993499756
556f84e4f,-5.606068134307861,-2.3513576984405518,-4.581241130828857,4.124250411987305,-6.572628974914551,-3.7703659534454346,-0.5022392272949219,5.365840911865234,-5.912423610687256,-2.4138104915618896,-0.6094120144844055,4.646487712860107,-5.189609527587891,-6.0492963790893555,-0.9610844850540161,3.178469181060791,-1.4579195976257324,-1.793034315109253,-4.343781471252441,-0.3793800473213196,-0.9705020189285278,-5.7273945808410645,-1.1633683443069458,-1.3832201957702637
5580640cb,4.335060119628906,-5.256631851196289,-4.482691764831543,4.27341365814209,-4.040943145751953,-4.039820194244385,-7.361225128173828,-3.551368474960327,2.0133490562438965,-6.3741888999938965,-0.9886563420295715,-7.738152027130127,4.264039039611816,-3.879136085510254,-5.786232948303223,-4.060919761657715,-8.760414123535156,-10.1759614944458,7.20427942276001,-5.966495513916016,-8.193694114685059,-4.34295129776001,-2.304987907409668,0.9530401229858398
5591ecb66,-4.547329902648926,-0.39294326305389404,-3.383692502975464,2.261930465698242,-4.2759270668029785,-3.0170907974243164,1.930222749710083,2.584442138671875,-4.492537975311279,0.9532905220985413,2.930096387863159,3.682333469390869,-4.0281805992126465,-3.4693875312805176,-1.8128288984298706,1.7039556503295898,2.195979595184326,1.4411389827728271,-4.039316654205322,-1.012949824333191,1.224352240562439,-4.584275722503662,-1.346842646598816,-0.15191586315631866
55bea634a,0.42346104979515076,-4.749655723571777,-2.277498722076416,2.169856548309326,-4.102234363555908,-3.643958806991577,-5.957151889801025,-3.4122636318206787,-0.789359450340271,-4.723597526550293,-1.302055835723877,-5.663816928863525,2.336540937423706,-5.146101951599121,-3.783177375793457,-3.568504571914673,-5.630046844482422,-7.821378707885742,5.785299301147461,-3.0702626705169678,-4.589730262756348,-4.392433166503906,-2.8732354640960693,0.29716601967811584
55dcd4be6,1.5499553680419922,-4.904075622558594,-4.350724220275879,4.681941509246826,-3.6957671642303467,-1.7361059188842773,-6.338456153869629,-2.128866672515869,0.5275543332099915,-5.478029251098633,-1.7723958492279053,-6.102622032165527,5.060854434967041,-3.2617499828338623,-5.0226850509643555,-1.585952877998352,-7.791197299957275,-8.263644218444824,6.1028947830200195,-5.37019681930542,-6.343077182769775,-4.263768672943115,-2.0339043140411377,0.9381786584854126
55f604262,-2.1160287857055664,-1.0973314046859741,-0.5685279965400696,-0.1247042790055275,-1.8839600086212158,-0.20494186878204346,-2.172865867614746,-0.5606143474578857,-2.1951253414154053,-0.366640567779541,-1.3944257497787476,-1.517798662185669,0.8703381419181824,-2.233381986618042,-0.8934049606323242,-0.4263085722923279,-1.390576720237732,-1.7820497751235962,1.3934458494186401,-0.38394486904144287,-0.10770243406295776,-2.1442434787750244,-2.013502597808838,-0.9488266706466675
5637b6fcf,-1.1726646423339844,-3.285524606704712,-1.1281318664550781,1.8115369081497192,-3.6220462322235107,-0.6273832321166992,-3.950831174850464,1.1556857824325562,-2.3211324214935303,-2.559882402420044,-0.945525050163269,-3.369387149810791,1.0816720724105835,-4.030594825744629,-1.1500869989395142,-0.8590097427368164,-4.731714248657227,-4.732269287109375,3.8299689292907715,-0.9579276442527771,-2.3081183433532715,-3.955829620361328,-2.1129226684570312,-0.3361070156097412
56620c608,-4.45711612701416,2.629838228225708,0.37922126054763794,5.113640308380127,-2.0919158458709717,-0.42240315675735474,-2.1893677711486816,1.5169025659561157,-5.0350117683410645,-0.9907459616661072,-1.6660151481628418,-1.9913922548294067,-2.7846062183380127,-2.0974373817443848,0.9054455161094666,3.5544776916503906,-1.9793922901153564,-3.349637031555176,-2.243511199951172,-2.0344271659851074,-1.3254015445709229,0.9947761297225952,-0.7346465587615967,-2.420344352722168
566d557e1,-2.8869664669036865,-1.9139642715454102,-0.7191863656044006,1.267993688583374,-3.7131614685058594,-0.6957258582115173,0.5687196850776672,2.841032028198242,-3.8110580444335938,-0.6707935929298401,0.4072055220603943,2.236926317214966,-2.2135934829711914,-3.9192607402801514,-1.3911168575286865,2.2757363319396973,-0.8103461265563965,-0.8987380266189575,-1.770922303199768,0.11870521306991577,1.1505556106567383,-4.179313659667969,-1.5425820350646973,-0.12397350370883942
56a9f50bf,-4.801085472106934,-1.038827896118164,-1.800971269607544,-0.1924041211605072,-4.872912883758545,-2.258592128753662,0.6509929895401001,2.0056967735290527,-5.01866340637207,0.5953682661056519,-0.34209275245666504,3.820141553878784,-3.880500078201294,-3.3908939361572266,-3.929508686065674,-0.0810067430138588,2.864926815032959,0.85776287317276,-4.126546859741211,0.04935164749622345,1.2798161506652832,-5.496718883514404,-1.930830955505371,-1.5499262809753418
56b304785,-5.36850118637085,-3.1121883392333984,-2.8925557136535645,3.9504430294036865,-1.0665106773376465,4.270076751708984,-0.8803806304931641,-1.9146860837936401,-3.801949977874756,-0.9723657369613647,0.7962614297866821,-2.715721607208252,0.3287138342857361,-3.5133161544799805,-3.190730571746826,-1.041449785232544,-2.9206736087799072,-1.552903175354004,-0.060939498245716095,-1.565637469291687,0.00530620664358139,-4.047782897949219,-1.2150481939315796,4.478323936462402
56be676c0,-3.252326011657715,-1.5608618259429932,-5.00583028793335,3.5840096473693848,-0.900540292263031,-1.535466194152832,-5.923898696899414,-0.6962996125221252,-4.302954196929932,-3.4577066898345947,-1.866579294204712,-3.7402491569519043,-1.7853150367736816,-4.613714218139648,5.670988082885742,-2.3753621578216553,-6.854508399963379,-6.5524516105651855,3.176001787185669,-4.329854965209961,-4.19630765914917,-0.20397329330444336,-0.752328634262085,1.184657096862793
56c5c8d15,6.560600757598877,5.402645587921143,-2.6120240688323975,4.571757793426514,-1.5010011196136475,-3.167135715484619,-3.2544236183166504,-1.688888430595398,-3.0146074295043945,0.9696152210235596,0.4030279517173767,-3.527330160140991,4.04157018661499,-0.749427855014801,-1.8693004846572876,2.3212273120880127,-2.965954065322876,-6.798332214355469,5.508279323577881,-4.671961307525635,-5.0582804679870605,-2.3623528480529785,-2.0500781536102295,2.203878402709961
56ebd0c55,-7.457599639892578,-4.072571277618408,-3.646307945251465,3.4694581031799316,-2.964453935623169,0.5258979201316833,-0.14016027748584747,-2.6846556663513184,-6.127426624298096,-1.0285680294036865,1.2028790712356567,-2.5432205200195312,-1.0406723022460938,-5.8826446533203125,-4.254782199859619,-1.3850653171539307,-3.1166911125183105,-1.8497343063354492,-1.8707716464996338,-2.1732051372528076,0.457849383354187,-6.7214226722717285,-2.3119070529937744,5.374503135681152
56f48bdfe,-1.9013445377349854,-0.20411647856235504,1.0442389249801636,2.962381601333618,-1.2832101583480835,1.3991632461547852,0.23327262699604034,1.829469919204712,-1.9521044492721558,0.028985563665628433,2.0217812061309814,2.9137022495269775,-0.4896920323371887,-2.275693893432617,0.026610691100358963,0.7628916501998901,-2.5584027767181396,-1.3105696439743042,0.22066840529441833,-0.8322038650512695,0.6990568041801453,-2.7850148677825928,4.311993598937988,3.226060152053833
57026e7c7,6.609051704406738,5.480480194091797,-4.707006454467773,4.822583198547363,-1.1561235189437866,-5.274772644042969,-6.696480751037598,-4.027035713195801,-2.335731267929077,1.1536870002746582,-1.9411897659301758,-6.726823806762695,5.351640701293945,-1.9853496551513672,-3.5556249618530273,-1.980137825012207,-6.224771499633789,-9.793563842773438,6.321820259094238,-7.089010238647461,-8.294966697692871,-1.8972783088684082,-3.7574548721313477,1.267048716545105
570d295d0,-3.6688685417175293,3.134692430496216,-2.1384899616241455,4.727668762207031,-1.5828689336776733,2.188277244567871,-1.8442120552062988,0.5075403451919556,-4.734741687774658,0.22866171598434448,-1.3446098566055298,-1.3760395050048828,-3.094578742980957,-1.223160982131958,1.1170129776000977,2.6677346229553223,-1.2158725261688232,-2.4571237564086914,-1.494842290878296,-1.9365800619125366,-1.0274697542190552,-0.7577943801879883,-1.2539993524551392,-1.5831024646759033
576d8e216,2.323157548904419,2.9006471633911133,-1.0445061922073364,4.007874488830566,-2.2268340587615967,0.22625938057899475,-3.2288174629211426,2.434221029281616,-2.696650743484497,0.03176172822713852,-0.12452465295791626,-2.0340683460235596,-0.17654667794704437,-0.7649577260017395,-0.8610228896141052,1.3568267822265625,-3.4013962745666504,-4.9170684814453125,1.4168192148208618,-2.3984625339508057,-2.1375646591186523,-2.149674654006958,-1.3275251388549805,-0.5704774260520935
57a1833a5,-0.7350968718528748,-0.23320701718330383,-0.052934590727090836,4.514952182769775,-0.17299440503120422,4.485654354095459,-2.441011428833008,-0.2490326464176178,-1.7922347784042358,-0.16743111610412598,-0.08103477954864502,-1.9333412647247314,0.9831740856170654,-1.5103507041931152,0.8863584995269775,0.6499801874160767,-3.470362663269043,-1.7259818315505981,2.790670394897461,-0.14314785599708557,0.2514927387237549,-1.9747509956359863,-0.67931067943573,0.5639392137527466
57cd5203d,0.5605328679084778,-4.4609880447387695,-2.9759135246276855,3.391066074371338,-2.9101858139038086,-1.9830620288848877,-4.293544769287109,-0.6968686580657959,-0.9019465446472168,-4.495263576507568,-1.2261528968811035,-4.040775299072266,2.241687774658203,-3.645517349243164,-3.546389579772949,-1.7922197580337524,-5.379868507385254,-6.58627986907959,5.725411891937256,-3.066899061203003,-4.596911430358887,-3.837895393371582,-2.206021785736084,1.238932490348816
57d1671d3,2.330775260925293,-5.384695529937744,-2.3869385719299316,2.585292339324951,-4.3769989013671875,-2.5369057655334473,-4.930779933929443,-2.9417433738708496,-0.5094439387321472,-4.991158485412598,-0.37734484672546387,-5.446760177612305,1.659745216369629,-4.91181755065918,-4.523181438446045,-2.943345546722412,-5.832403182983398,-7.3180437088012695,6.025323390960693,-3.261732578277588,-4.521422386169434,-5.4151692390441895,-2.2433629035949707,1.0933523178100586
57d7be1e6,-4.824877738952637,1.1536736488342285,-6.123367786407471,4.249605178833008,0.20522576570510864,-2.7465195655822754,-6.512889862060547,-1.1355516910552979,-4.601197719573975,-2.5189874172210693,-3.610497236251831,-3.2675423622131348,-4.1384077072143555,-3.329108476638794,6.6903076171875,-1.2598092555999756,-5.08358907699585,-5.856602191925049,1.8279749155044556,-5.174350738525391,-5.366486072540283,1.579680323600769,-1.2645868062973022,-0.9286270141601562
57ffa5e5c,-1.215004324913025,2.8268065452575684,0.7439218759536743,3.3816189765930176,-1.3543199300765991,-0.7336075305938721,0.3572741150856018,1.8778760433197021,-3.3010692596435547,0.4243684411048889,-1.3858642578125,-0.3234889507293701,-1.4647972583770752,-1.8669939041137695,3.660825252532959,3.4661359786987305,-1.3768917322158813,-1.7238805294036865,-0.22547492384910583,0.327001690864563,-0.8445155024528503,-0.5450106859207153,-0.20262044668197632,-1.032737374305725
583ac23c6,-3.837768077850342,0.17722642421722412,4.376931190490723,2.6708474159240723,-2.6711313724517822,0.46928369998931885,-2.6688594818115234,1.790299654006958,-3.854337215423584,-0.960939347743988,-1.3367173671722412,-1.3474520444869995,-0.17478585243225098,-2.965568780899048,-2.740663528442383,-0.43837350606918335,-2.228451728820801,-2.1265382766723633,-0.6485204696655273,0.04154254496097565,0.266498327255249,-2.0280280113220215,-1.8759821653366089,-0.9869945049285889
584defab2,-5.041643142700195,2.622709274291992,-4.768723487854004,4.64302396774292,-2.902588129043579,-4.417088508605957,-1.975022315979004,-1.1805243492126465,-5.066481590270996,-1.5280086994171143,-1.9978957176208496,-0.5704478025436401,-4.236373424530029,-1.2351078987121582,-4.03796911239624,-0.9554981589317322,5.170278549194336,-1.6430671215057373,-4.805950164794922,-3.2867929935455322,-1.7431142330169678,-2.7168970108032227,-2.1623096466064453,-2.459270477294922
58548995b,1.2134544849395752,3.4252774715423584,1.2876317501068115,3.0169789791107178,-0.3336717486381531,-0.4267285168170929,-0.11792538315057755,0.4228549003601074,-2.0787463188171387,1.9958878755569458,-0.8132309317588806,0.7835147380828857,0.2537328004837036,-0.8668002486228943,1.4603092670440674,2.181663751602173,-0.29751330614089966,0.8347883224487305,1.7580897808074951,-0.08682183921337128,0.5228912234306335,-0.3652220666408539,-1.4890422821044922,-0.8460953831672668
58863f444,2.63584041595459,-0.1179291307926178,0.25517433881759644,0.10946863889694214,-2.17887282371521,-0.37559592723846436,0.40619176626205444,2.2479684352874756,-1.6806918382644653,0.1839863657951355,7.314723014831543,0.862049400806427,-1.5090060234069824,-2.381218194961548,0.47002190351486206,0.1318690925836563,-1.3000015020370483,-1.3197238445281982,2.109801769256592,0.44664454460144043,0.8594925999641418,-3.470205783843994,-0.2693597078323364,0.23270201683044434
58ebd234e,-0.8099654316902161,-2.6230950355529785,-0.7402927875518799,1.2973403930664062,-3.0442185401916504,-2.0451819896698,-2.880358934402466,-1.6906331777572632,-2.287242889404297,-1.026261329650879,-0.4381227493286133,-2.2107996940612793,0.34658676385879517,-3.988691568374634,-2.2733800411224365,-2.327110767364502,-1.3150382041931152,-3.0898830890655518,3.326367139816284,-0.8632611036300659,-0.15351182222366333,-3.828336238861084,-2.4064064025878906,0.3400127589702606
58faa6acd,0.7250967025756836,-4.279906749725342,-1.4178427457809448,-0.41211289167404175,-4.16486120223999,-3.403977632522583,-4.824520111083984,-2.0713510513305664,-1.7484086751937866,-4.310015678405762,-0.446774959564209,-4.170576095581055,0.7730631828308105,-5.231585502624512,-2.938955783843994,-2.5980398654937744,-4.715404987335205,-6.7530107498168945,4.086689472198486,-2.187166929244995,-2.9704172611236572,-4.57378625869751,-3.3222403526306152,-0.6707896590232849
5908d5a81,-1.9778759479522705,-0.4298342168331146,-0.20677539706230164,0.5128411054611206,-1.2769348621368408,-1.9090723991394043,-4.274306774139404,-0.6428890228271484,-2.9441583156585693,-0.7187929153442383,-2.339104652404785,-2.592503786087036,-0.4986061453819275,-3.689751386642456,2.267096757888794,-3.7614786624908447,-2.1542105674743652,-2.883476972579956,2.3771915435791016,-0.5553669929504395,-0.9733927845954895,-0.01001904159784317,-3.391878604888916,-1.954786777496338
5915e81d5,-3.5805203914642334,-0.6486612558364868,-2.388244390487671,0.4963330030441284,-3.6745097637176514,-3.1299760341644287,2.043071746826172,2.0452139377593994,-3.8797085285186768,0.47003066539764404,0.36373424530029297,4.180718421936035,-3.425154685974121,-3.5273923873901367,-1.3423113822937012,1.5566132068634033,-0.2838834524154663,0.8791865706443787,-3.2943286895751953,-1.2172240018844604,0.6104893088340759,-4.233518123626709,-0.7449288368225098,-0.6785999536514282
59368abb4,-6.459677696228027,0.4443100392818451,-6.591782569885254,4.477011680603027,-0.08130402117967606,-3.0460658073425293,-7.253211975097656,-1.4570372104644775,-5.4395060539245605,-4.363718032836914,-3.0967049598693848,-3.5666613578796387,-5.643270015716553,-4.680739879608154,7.931373119354248,-1.2479324340820312,-6.5669660568237305,-8.112910270690918,2.4119560718536377,-5.472333908081055,-5.983818531036377,1.331969976425171,-0.7781333923339844,-1.3243050575256348
59651c445,-3.969505786895752,-0.0821869820356369,-2.132326602935791,2.6927530765533447,-3.3218531608581543,-2.743448257446289,1.118944525718689,0.8724464178085327,-4.46917200088501,0.1429804265499115,-0.18500331044197083,2.9483072757720947,-3.635333776473999,-2.526486873626709,-2.6356215476989746,-0.16077935695648193,1.9347636699676514,0.3310185670852661,-3.0713720321655273,-1.3551950454711914,0.3862289786338806,-3.736142635345459,-1.7265942096710205,-0.9034276008605957
59ab67cf9,-1.6510025262832642,-0.008490635082125664,0.6823528409004211,2.9264423847198486,-0.909339964389801,-0.05218104273080826,-0.7521393299102783,-0.2759305238723755,-2.196291923522949,0.7763415575027466,-0.05504871904850006,-0.686107337474823,0.23150309920310974,-1.539768099784851,1.9489049911499023,0.7160773277282715,-2.0770745277404785,-0.5710470676422119,0.8484082221984863,-0.532448410987854,0.5181445479393005,-1.2900935411453247,-1.102945327758789,-0.15553078055381775
59b1bca75,-1.1051552295684814,-1.4940783977508545,1.59902024269104,3.6756591796875,-1.3096778392791748,4.237354755401611,-3.389432668685913,-2.0262701511383057,-0.8248966932296753,-2.367777109146118,-0.9837772846221924,-3.057284116744995,2.95505690574646,-1.5689077377319336,-0.22168056666851044,-0.28162556886672974,-2.542106866836548,-3.3909268379211426,4.149554252624512,0.9586568474769592,-1.4394066333770752,-1.7773420810699463,-0.6266164779663086,-0.5525885224342346
59e554dc2,-3.6480579376220703,-0.6837213635444641,0.12075360119342804,-2.060086488723755,-3.5396652221679688,-1.5221010446548462,0.8270659446716309,0.7345093488693237,-4.415266036987305,0.758939266204834,-0.10166731476783752,2.6558046340942383,-2.6276392936706543,-3.759068012237549,-2.027101993560791,-0.6366074085235596,0.33261096477508545,-0.47088563442230225,-2.239870548248291,-0.4767725467681885,1.5490409135818481,-4.242251873016357,-2.2817063331604004,0.15712882578372955
59f4a3de9,-3.8263072967529297,-2.842892646789551,-3.0973236560821533,5.700512886047363,-1.8274033069610596,0.28062742948532104,-4.404173851013184,-2.8167731761932373,-0.39306607842445374,-4.913400173187256,-2.62876296043396,-4.104100227355957,5.788975238800049,-1.3430968523025513,-0.595280647277832,3.19675350189209,-5.540248870849609,-6.865101337432861,5.446066856384277,-4.2352423667907715,-4.578009605407715,-1.5776039361953735,-0.1995789110660553,-0.005319260060787201
5a1df14a5,-4.541459083557129,-0.9310567378997803,-4.226968288421631,1.1056170463562012,-4.422878265380859,-4.486677646636963,1.3519524335861206,1.825242042541504,-4.410449028015137,-0.35038837790489197,-0.5936233401298523,4.379303455352783,-4.106674671173096,-3.544572353363037,-1.9752129316329956,1.0061315298080444,1.0007588863372803,0.3478187024593353,-4.083054542541504,-2.006584644317627,-0.20352618396282196,-4.923444747924805,-1.4847835302352905,-1.3313060998916626
5a2ae4429,-4.285228252410889,-3.3936264514923096,-2.979975461959839,0.330912709236145,-5.156723499298096,-3.937504529953003,0.11256139725446701,3.96932315826416,-4.7617716789245605,-2.392746686935425,0.773005485534668,5.470462799072266,-3.8310320377349854,-5.658734321594238,-2.595099449157715,0.025288477540016174,-2.5627493858337402,-1.7931069135665894,-3.5209779739379883,-1.107971429824829,0.17715047299861908,-5.677720546722412,-0.938093364238739,-0.08593407273292542
5a65a1e4e,-4.429572582244873,-1.6508722305297852,-3.358999252319336,2.923527479171753,-5.185750484466553,-3.3890504837036133,0.3214559555053711,5.829110145568848,-5.141628742218018,0.43673962354660034,0.32295629382133484,4.938693046569824,-3.6195456981658936,-4.685474395751953,-1.99882173538208,1.4377065896987915,-0.40548965334892273,1.737868070602417,-3.926992177963257,-0.6057836413383484,-0.03805716335773468,-5.611364841461182,-1.3100943565368652,2.058596611022949
5a6cb35f0,5.178892135620117,-5.25502872467041,-5.5995635986328125,4.565016746520996,-3.447030544281006,-3.8338747024536133,-7.264712333679199,-3.223217248916626,1.9055309295654297,-6.190675735473633,-1.0257673263549805,-7.7338032722473145,4.629789352416992,-4.274499893188477,-5.8527021408081055,-4.339786052703857,-9.221038818359375,-10.47812271118164,7.6637420654296875,-6.568503379821777,-8.443408012390137,-4.4032206535339355,-2.3268067836761475,1.9467551708221436
5a7bcbb6b,-2.3160979747772217,-1.7890781164169312,-0.7654628157615662,-0.7381877303123474,-3.8577721118927,-1.6537137031555176,0.44099071621894836,0.6790435314178467,-3.5471811294555664,-0.2795073986053467,0.05707536265254021,0.9317870736122131,-2.178400993347168,-2.946336269378662,-2.1693811416625977,2.6966376304626465,-0.6482375860214233,-0.39714911580085754,-1.8934943675994873,-0.33243632316589355,1.6136271953582764,-4.0890398025512695,-1.6079416275024414,-0.3308866024017334
5aad095af,4.534295558929443,-4.404970169067383,-5.105588436126709,5.0237860679626465,-1.81443452835083,-2.7353034019470215,-7.189104080200195,-3.4919488430023193,1.6148591041564941,-5.273592948913574,-1.7225693464279175,-7.648778438568115,6.070662021636963,-2.8357532024383545,-4.109729766845703,-3.477576732635498,-8.279820442199707,-9.44006633758545,7.391301155090332,-6.493834972381592,-7.596309185028076,-2.500682830810547,-2.103912830352783,1.3245611190795898
5ab6034bd,-4.102410316467285,-4.135140895843506,-4.892180919647217,5.9218950271606445,-0.6797940731048584,0.2626274824142456,-6.000277996063232,-4.5472731590271,-0.9933344721794128,-4.564112663269043,-2.4243874549865723,-6.352682113647461,4.547405242919922,-1.727952003479004,-3.51582932472229,-3.3351078033447266,-6.948897361755371,-6.700306415557861,4.2298784255981445,-4.308847427368164,-5.151554107666016,-2.0345330238342285,-0.4628908038139343,3.8268041610717773
5af2fe631,-2.0698719024658203,1.045528769493103,2.4069690704345703,1.5768187046051025,-1.0842829942703247,-0.5946512222290039,-0.8775342702865601,0.39277371764183044,-2.6000618934631348,0.9785380959510803,-1.9726808071136475,-0.4144638776779175,0.36266714334487915,-2.9515292644500732,2.1239874362945557,3.507826328277588,-1.6028679609298706,-0.37147024273872375,1.1175720691680908,-0.04226242005825043,-0.5401990413665771,-0.24907273054122925,-1.2565252780914307,-1.0523662567138672
5af9b18bc,-3.3041934967041016,-0.3443596363067627,-0.37480297684669495,1.1941403150558472,-3.0001044273376465,-0.19975829124450684,1.482810378074646,2.9133777618408203,-4.660072326660156,0.9146733283996582,0.036367371678352356,0.9889748096466064,-1.9152315855026245,-4.449995040893555,-0.030255209654569626,2.5478014945983887,-1.342484951019287,0.6535167098045349,-1.9872300624847412,-0.009285232052206993,0.9344244003295898,-3.5691423416137695,-1.8328368663787842,2.0783209800720215
5afa3f7e3,-2.223297357559204,-0.3751249313354492,0.06864438951015472,2.6700809001922607,-0.6689074635505676,-0.48923414945602417,-0.4750683903694153,-0.6780076026916504,-2.7017526626586914,0.21360012888908386,-0.255359411239624,-0.1521013379096985,0.39449769258499146,-2.142615556716919,-0.5737783312797546,-1.248666763305664,-0.5272718071937561,-0.4361317753791809,0.8122909069061279,-1.0761438608169556,0.2887415587902069,-0.4391842484474182,-2.0019092559814453,1.8920118808746338
5b07c8425,0.25914835929870605,-1.9499515295028687,-0.459743857383728,3.258432388305664,-1.6638137102127075,0.5800231695175171,-2.924339771270752,0.5700481534004211,-1.473786473274231,-2.0016942024230957,-1.2365344762802124,-2.6877729892730713,3.2244811058044434,-2.5091357231140137,-0.0710727646946907,-0.9237546920776367,-3.9207959175109863,-4.124110221862793,4.912918567657471,-0.8914561867713928,-2.2287468910217285,-2.140723943710327,-1.5871241092681885,0.7636634111404419
5b8c00fa3,-3.310349464416504,-1.112924337387085,-4.02708625793457,4.319982528686523,-2.0828778743743896,-0.6791137456893921,-2.402674913406372,-0.5254967212677002,-3.684074878692627,-1.3958889245986938,-0.7559776306152344,-1.8456814289093018,-1.6396206617355347,-2.8170950412750244,-0.9666991233825684,0.21822026371955872,-2.304877519607544,-2.743858814239502,0.08538524806499481,-3.4775819778442383,-1.0102288722991943,-2.0560109615325928,-1.2406790256500244,0.9534198045730591
5b8e98c73,-5.479448318481445,-3.169372081756592,-1.2781224250793457,5.402944564819336,-1.7073290348052979,3.4647669792175293,-0.9890856742858887,-1.1215269565582275,-4.2617268562316895,-0.8641775846481323,0.3674464821815491,-1.2253494262695312,-0.3993695080280304,-4.142491340637207,-3.0565731525421143,-1.5659937858581543,-1.8904125690460205,-1.6789073944091797,-0.5359085202217102,-0.010651051998138428,0.6309070587158203,-3.788658857345581,-1.5961174964904785,4.35561990737915
5b9ea14dc,5.312458038330078,4.358362197875977,-4.100427150726318,4.739551544189453,1.0606632232666016,-3.6769323348999023,-5.676558494567871,-1.8795599937438965,-0.5029083490371704,0.7883025407791138,-2.820340633392334,-4.7741804122924805,4.981642723083496,-1.458915114402771,-0.6013349890708923,-1.4369564056396484,-5.052155494689941,-7.182071208953857,5.79542875289917,-5.185818672180176,-6.633936882019043,0.9833807349205017,-2.563506841659546,0.024132385849952698
5bae4e21a,-6.035449028015137,-1.7392475605010986,-6.16532039642334,4.974485874176025,-4.1967949867248535,-3.046257257461548,-1.9542362689971924,5.975798606872559,-5.827948093414307,-3.1754157543182373,-1.3436733484268188,5.008017539978027,-5.143854141235352,-4.88640832901001,0.6252435445785522,0.7517974376678467,-2.7409253120422363,-4.847424030303955,-2.4496140480041504,-3.2083847522735596,-2.352527618408203,-3.575303316116333,-0.9746217727661133,-1.0402703285217285
5be5fe0a5,-0.9545911550521851,1.4963810443878174,-1.285906434059143,3.581768274307251,-1.0813827514648438,-1.0079981088638306,-1.2060916423797607,1.0694265365600586,-3.4383888244628906,2.76459002494812,-0.7511608004570007,-0.07636871188879013,-1.524126648902893,-2.7169346809387207,4.017971515655518,2.3526718616485596,-2.3445823192596436,0.6506141424179077,1.0374265909194946,-1.7303231954574585,-0.9620728492736816,-0.9905273914337158,-0.04819682240486145,-0.4560450315475464
5befcfc23,-3.448045492172241,-3.6979715824127197,-4.19874382019043,5.675075054168701,-0.38619592785835266,-0.46537724137306213,-7.6762495040893555,-5.18644905090332,0.6364443898200989,-5.098548412322998,-3.690603733062744,-7.265899658203125,6.492213726043701,0.029157407581806183,-4.621514320373535,-2.2866899967193604,-7.0018510818481445,-8.171307563781738,6.338178634643555,-5.379053115844727,-6.509023189544678,-1.4665875434875488,-0.1727619618177414,0.43182671070098877
5c018d488,-2.219888210296631,2.0049238204956055,1.3894147872924805,3.5251166820526123,-2.347470283508301,-0.04126359522342682,-0.8257990479469299,2.5976874828338623,-3.766693592071533,0.7416044473648071,-1.5621181726455688,-0.3422207236289978,-1.3731356859207153,-3.0522613525390625,3.0424060821533203,4.038163661956787,-2.2824039459228516,-0.4607533812522888,-0.888344943523407,0.11442146450281143,-0.6589668989181519,-1.311305284500122,-0.3130800724029541,-1.1985589265823364
5c78f82ce,-3.9009792804718018,-5.046207904815674,-3.461009979248047,6.15886116027832,-1.4997005462646484,1.1218757629394531,-5.467288017272949,-5.156253814697266,-0.1557157039642334,-5.517085075378418,-2.93798828125,-6.633155345916748,6.1740803718566895,-1.9759441614151,-4.606461524963379,-0.7991625666618347,-7.322388648986816,-7.307232856750488,5.686526298522949,-4.496501922607422,-5.150710582733154,-3.2768478393554688,-0.06660327315330505,2.5676300525665283
5c933a278,-5.892494201660156,2.50541353225708,-6.976527690887451,4.902945518493652,-0.6712884902954102,-3.6364431381225586,-8.247686386108398,-1.7929291725158691,-4.998088836669922,-3.965620279312134,-4.223339557647705,-4.940943241119385,-4.5598249435424805,-2.9584169387817383,6.281544208526611,-1.1049091815948486,-3.794649362564087,-7.678173542022705,0.6716113686561584,-6.2334370613098145,-6.973150253295898,1.5549743175506592,-0.8683830499649048,-2.1823887825012207
5c98718cc,-3.023242950439453,-1.1439961194992065,-0.591451108455658,1.7056275606155396,-3.715770721435547,-1.7143926620483398,-0.4115990102291107,0.9806410670280457,-3.6662158966064453,-0.0346841961145401,-0.40695619583129883,1.963331699371338,-2.308784008026123,-2.988905906677246,-2.2592365741729736,0.12890022993087769,0.42620140314102173,-0.8631162643432617,-1.3593599796295166,-0.01072569191455841,0.922492265701294,-4.27182674407959,-1.9178651571273804,-0.9022656083106995
5ca2693b8,-3.0883750915527344,4.504265785217285,-4.819825649261475,5.010052680969238,-0.9486101865768433,-3.3303279876708984,-4.041129112243652,0.5646370053291321,-4.5741119384765625,-1.821825623512268,-3.5652947425842285,-2.1457483768463135,-4.210962772369385,-0.12124937772750854,5.166300296783447,3.0906054973602295,-1.1943708658218384,-4.787039279937744,-1.3415895700454712,-3.1885199546813965,-5.003338813781738,0.9874980449676514,-0.36447396874427795,-2.0642311573028564
5ca741848,5.171937942504883,-0.6380185484886169,-1.3387739658355713,3.23347806930542,-1.5142189264297485,-0.929539144039154,-4.052258014678955,-0.6542762517929077,-0.84332674741745,-2.247316360473633,0.4553794264793396,-3.079227924346924,1.3886762857437134,-2.8871123790740967,1.621402621269226,-0.5149397253990173,-5.448807239532471,-5.526862144470215,5.76671838760376,-2.1341030597686768,-3.5773794651031494,-1.8582937717437744,-0.7793830633163452,1.4360225200653076
5cc969370,-0.4834137558937073,1.1429476737976074,4.650671482086182,2.464996576309204,-0.7967031002044678,-0.20296013355255127,0.6758486032485962,0.8394540548324585,-0.8576344847679138,0.4371364116668701,-0.5856480598449707,2.193542718887329,1.0454163551330566,-0.9261945486068726,-0.5770906209945679,0.9723167419433594,0.17485156655311584,-0.3737717270851135,2.0614871978759766,4.233919620513916,1.7254393100738525,-1.2443568706512451,6.444543838500977,0.4108761250972748
5cd59433a,-2.0659162998199463,-3.0718512535095215,-3.052151679992676,5.525069713592529,0.3242471218109131,1.5534701347351074,-6.884347915649414,-3.2841081619262695,4.431763648986816,-4.4058942794799805,-2.64357328414917,-6.144514083862305,6.1774210929870605,0.5726847052574158,-1.2297334671020508,-2.1040499210357666,-6.2290143966674805,-7.169186592102051,5.8170342445373535,-3.9059481620788574,-4.971108436584473,1.2387796640396118,0.05120924487709999,0.7308096885681152
5cdf192d0,-5.738283157348633,-5.456398010253906,-4.486822128295898,5.7686686515808105,-2.43165922164917,0.8488169312477112,-5.020812511444092,-5.113558769226074,-1.8842264413833618,-4.8943190574646,-1.38032865524292,-6.279381275177002,4.789365291595459,-3.3403735160827637,-5.791481018066406,-3.8211493492126465,-7.278428077697754,-6.099594593048096,3.3919472694396973,-3.9520907402038574,-3.982755422592163,-5.040287017822266,-0.5892558693885803,4.90388822555542
5d16c8d12,-2.1879591941833496,-4.974703311920166,-5.344960689544678,5.568842887878418,-3.3844478130340576,-0.926425576210022,-7.35148286819458,-3.613725185394287,-1.0852875709533691,-5.958168983459473,-2.540919542312622,-7.167952537536621,5.003499507904053,-3.286435127258301,-3.600139617919922,-1.8237786293029785,-7.862378120422363,-8.650114059448242,5.886641979217529,-5.727372646331787,-6.499300003051758,-4.1966753005981445,-1.4610334634780884,0.6122792959213257
5d1f50065,-3.6134376525878906,-0.0424332320690155,-1.0819085836410522,2.2356255054473877,-2.511244773864746,0.16950108110904694,0.2996669411659241,0.9285686612129211,-4.160454750061035,1.5477536916732788,-0.06659762561321259,0.2590951919555664,-2.1094553470611572,-3.0604357719421387,-0.5427101254463196,2.341459274291992,-0.6279630064964294,1.5889766216278076,-1.8902236223220825,-0.6601623892784119,1.2343840599060059,-2.9154276847839355,-1.8067734241485596,0.5650983452796936
5d49c740c,-2.004997968673706,2.033825397491455,1.2541857957839966,3.6093831062316895,-2.286102294921875,-1.6419742107391357,1.0343047380447388,0.22841297090053558,-3.1212692260742188,-0.9398744106292725,0.48903071880340576,-0.18648697435855865,-2.0505192279815674,-1.4381011724472046,-2.1540911197662354,0.26233479380607605,3.2478084564208984,-1.5057880878448486,-1.4503910541534424,-0.3628372251987457,-0.3023785948753357,-2.300812005996704,0.7959216833114624,-0.9227007031440735
5d4b5c988,0.2005080133676529,-3.823688507080078,-0.3333771228790283,1.6700923442840576,-3.749779462814331,-2.439089298248291,-4.4974565505981445,-2.6828510761260986,-1.5215280055999756,-3.56650710105896,-0.9323280453681946,-4.2120256423950195,0.9585590362548828,-4.159358978271484,-3.2358169555664062,-2.07369327545166,-4.5517377853393555,-6.0238871574401855,5.03277587890625,-2.0177626609802246,-3.2116687297821045,-4.772454261779785,-2.1765570640563965,-0.372158020734787
5d52a6929,-3.2220113277435303,-0.07368418574333191,4.524986267089844,3.808548927307129,-0.3930475115776062,1.0807191133499146,-4.357751846313477,-1.322363018989563,-1.7839481830596924,-1.35350501537323,-3.0276830196380615,-3.1866471767425537,4.0751848220825195,-0.24713198840618134,-1.3777039051055908,-0.32757261395454407,-3.6124446392059326,-3.5368361473083496,2.9406232833862305,-1.1734356880187988,-1.5493168830871582,-0.8628946542739868,-0.7440173625946045,-1.9744839668273926
5d6a40fcc,-5.819095611572266,-0.8978016376495361,-2.7282052040100098,3.7237460613250732,-5.197483539581299,-1.9554787874221802,0.2875998914241791,5.169548034667969,-5.26118278503418,0.14331777393817902,-0.7620819807052612,1.1294718980789185,-3.1314496994018555,-4.851339340209961,-0.32022660970687866,3.9055798053741455,-0.7000776529312134,0.6931060552597046,-3.351494312286377,0.28926536440849304,1.6322662830352783,-4.056830883026123,-1.7118113040924072,-2.694471836090088
5d98e0758,-4.305618762969971,-1.3017103672027588,-1.8732050657272339,3.159651041030884,-3.658616065979004,-1.3523757457733154,0.6774598956108093,3.1002378463745117,-4.566927909851074,-0.42537298798561096,0.20709528028964996,2.08620285987854,-2.991838216781616,-4.12390661239624,-1.998795509338379,0.6680818796157837,-0.1290251761674881,-0.77555912733078,-2.7178192138671875,-0.17004266381263733,1.029028296470642,-3.648909091949463,-1.0646718740463257,1.1642951965332031
5daa4a8b4,-7.554363250732422,-2.107121467590332,-6.752396583557129,4.738834857940674,-5.503209590911865,-3.5090813636779785,-1.497136116027832,4.845795154571533,-6.972598075866699,-3.0091018676757812,-1.2868918180465698,4.24017858505249,-6.35020637512207,-6.08914852142334,-0.13522689044475555,2.021305561065674,-2.5560903549194336,-3.9683828353881836,-4.220026016235352,-3.1873340606689453,-1.6017961502075195,-4.8597822189331055,-1.1958280801773071,-0.7196977138519287
5ddb0927d,-1.6583051681518555,-1.9562052488327026,-0.5380523800849915,2.2962594032287598,-2.07102632522583,1.0776220560073853,-3.234445571899414,-1.2291948795318604,-0.911051332950592,-2.584491491317749,-0.7755905389785767,-2.305070638656616,2.0395450592041016,-2.1692819595336914,-0.7720851302146912,-0.7172934412956238,-3.175570249557495,-3.9508392810821533,3.8077664375305176,-0.542611300945282,-1.4353822469711304,-2.7964890003204346,3.3387813568115234,-0.026819713413715363
5e5664c3f,-3.0143892765045166,4.482567310333252,-3.7137491703033447,5.155505180358887,-1.1270461082458496,-3.2287139892578125,-5.2999982833862305,0.3277592658996582,-4.645290374755859,-2.2987847328186035,-3.28165864944458,-3.176286458969116,-4.244246482849121,-2.0294811725616455,5.1156005859375,-0.2279810905456543,-1.6718685626983643,-5.543459892272949,-1.3348246812820435,-3.6289048194885254,-4.792311668395996,1.2856812477111816,-0.24811261892318726,-1.7972588539123535
5e8e9b3a3,-2.852142333984375,0.4785638749599457,2.586946964263916,3.4406051635742188,-1.5755794048309326,0.13293224573135376,-0.2497098594903946,2.6694395542144775,-3.106574535369873,0.27185356616973877,-0.20851965248584747,1.8144112825393677,-0.2722497880458832,-1.7439912557601929,-0.196644127368927,0.28631240129470825,-1.670075535774231,-1.070275068283081,-0.16296499967575073,-0.284482479095459,0.48802733421325684,-1.443332552909851,-0.8287168741226196,-0.5674821734428406
5eb00e3c2,-3.9082014560699463,1.118841528892517,-3.692467451095581,2.927971363067627,-3.657790184020996,-3.589681625366211,0.26212218403816223,-0.2677704691886902,-4.911285400390625,3.8293728828430176,-0.569082498550415,1.3071043491363525,-3.2959389686584473,-2.126420736312866,-2.8299472332000732,-0.5119677782058716,3.244694709777832,4.769078731536865,-2.779604911804199,-3.3867828845977783,1.2221401929855347,-4.0892333984375,-4.0411810874938965,-1.3085145950317383
5eb25675a,-1.7266819477081299,-2.5437073707580566,-2.363150119781494,4.855276584625244,-2.1038599014282227,-1.0798828601837158,-5.020977020263672,-1.5335026979446411,-1.3281089067459106,-4.201329708099365,-1.382067084312439,-4.799869060516357,3.6905882358551025,-1.2951551675796509,0.4386392831802368,-1.5908859968185425,-5.8433380126953125,-6.62119722366333,4.8229570388793945,-3.331393241882324,-4.323944091796875,-2.126704454421997,-1.56979501247406,0.13098524510860443
5eb7e8b11,-3.62070369720459,-0.11412703990936279,-4.6568217277526855,3.508208751678467,1.7164480686187744,-1.4455028772354126,-5.123795986175537,-0.9677927494049072,-3.2054290771484375,-2.342397451400757,-2.8836989402770996,-2.721708059310913,-1.874894618988037,-1.936854362487793,5.816619873046875,-0.32973065972328186,-5.113104820251465,-5.67907190322876,3.060856342315674,-3.6279077529907227,-4.452785968780518,2.0002450942993164,-0.49798792600631714,-0.12516352534294128
5ebd6a00d,-6.313229560852051,-1.8667106628417969,-4.128281116485596,2.7792742252349854,-5.516057014465332,-2.6320478916168213,0.9062130451202393,3.605524778366089,-5.6268815994262695,-0.6223627924919128,-0.6941051483154297,0.8889893293380737,-3.091315746307373,-5.372670650482178,-2.0365331172943115,2.7546133995056152,0.36417070031166077,-0.3105727732181549,-3.920391082763672,-0.8326830267906189,1.0565038919448853,-5.283547878265381,-2.025135040283203,-1.371620774269104
5ed8d7651,-4.291250705718994,2.7614810466766357,-2.6730289459228516,5.400470733642578,-0.37384769320487976,-1.9088810682296753,-5.241556167602539,-0.7296410799026489,-4.257450103759766,-0.7389587759971619,-3.323221206665039,-3.9511048793792725,-3.032486915588379,-1.162545084953308,1.4873225688934326,-0.46242499351501465,-1.1454219818115234,-3.9963769912719727,-1.7096073627471924,-4.737473964691162,-3.4896624088287354,2.8421554565429688,-1.5645170211791992,-2.5831356048583984
5ee247ff6,1.658121109008789,-1.3455264568328857,-3.0479142665863037,4.517084121704102,-0.5010830163955688,2.8642637729644775,-4.337141513824463,0.127679705619812,0.3575294017791748,-1.9050753116607666,-2.060276746749878,-3.8480029106140137,5.294253349304199,0.8251914381980896,-2.324547052383423,0.9724918603897095,-4.974532604217529,-5.7033467292785645,5.831300258636475,-2.9706103801727295,-4.7777276039123535,-1.1261086463928223,-0.7318728566169739,0.48074668645858765
5f19208ae,-3.6318509578704834,0.07941834628582001,-3.5320873260498047,3.930695056915283,-3.5849361419677734,-2.3067080974578857,0.7786729335784912,4.151308059692383,-5.206466197967529,2.124265670776367,0.6938632726669312,3.4228014945983887,-1.8135366439819336,-4.242173194885254,-1.2321710586547852,2.7549092769622803,-0.5244853496551514,2.551279067993164,-2.1630358695983887,-1.2998480796813965,-0.053053535521030426,-4.916049003601074,-0.8273197412490845,4.481014251708984
5f1d5b579,-7.383587837219238,-3.7504754066467285,-4.0209269523620605,5.9164628982543945,-2.578542947769165,1.607987642288208,-1.2441518306732178,-2.8615617752075195,-5.158718109130859,-1.8528114557266235,0.42093414068222046,-3.2648158073425293,-0.6897813081741333,-5.140455722808838,-3.589317798614502,-0.12194520235061646,-4.098445415496826,-2.4394636154174805,-1.0725390911102295,-3.096649169921875,-0.6333529949188232,-5.052595138549805,-1.7884738445281982,4.91926383972168
5f364e40c,-4.115779399871826,0.09878723323345184,0.10544276237487793,3.502697229385376,-1.1596802473068237,3.9499104022979736,-1.9695894718170166,4.028653144836426,-3.2342305183410645,0.8332153558731079,-0.5519664287567139,-0.07674197852611542,-0.48986878991127014,-1.0728070735931396,0.2722865045070648,1.8050432205200195,-1.5159138441085815,-0.2329956293106079,-0.08220551162958145,1.2945646047592163,1.7721647024154663,-1.9814834594726562,-1.283444881439209,-3.4998831748962402
5f3d9eda3,-1.4294241666793823,0.7506726980209351,4.187621116638184,1.8137918710708618,-1.4504411220550537,0.23086051642894745,-1.0178020000457764,1.0354194641113281,-2.991065263748169,2.2290029525756836,-0.8399946689605713,0.05665607005357742,0.49124181270599365,-1.1866061687469482,-0.9872553944587708,0.5631943345069885,-1.0657671689987183,1.3931467533111572,0.1693655252456665,0.9628888964653015,1.2294114828109741,-2.4736411571502686,-0.6600951552391052,0.25970563292503357
5f3f335d5,-0.8251059651374817,0.5848003029823303,-0.5828938484191895,3.4269111156463623,0.8626137971878052,5.35701847076416,-1.5118954181671143,0.3586190342903137,-1.4343565702438354,0.6496095061302185,0.02554205060005188,-1.3171567916870117,1.5274180173873901,-0.6135503053665161,0.8430625200271606,0.8271636366844177,-2.0134899616241455,-0.8817669153213501,2.148859977722168,-1.0331648588180542,0.38361066579818726,-1.111078143119812,-0.44443240761756897,0.37946608662605286
5f5309c5c,-7.269804000854492,1.6969435214996338,-4.893438816070557,4.240488529205322,-5.945382118225098,-3.894751787185669,-2.529534339904785,3.720470428466797,-6.994353771209717,-2.031792402267456,-3.236368417739868,-0.9535053968429565,-6.402021408081055,-2.1195695400238037,-4.7520341873168945,1.1802771091461182,5.13158655166626,-2.2652363777160645,-6.959931373596191,-1.41548490524292,-0.6534562706947327,-4.740793704986572,-2.632126808166504,-4.403388500213623
5f551b741,-2.8346877098083496,-5.113713264465332,-4.6994428634643555,5.567689418792725,-3.145128011703491,-1.9857434034347534,-7.7034525871276855,-4.571725368499756,-0.5563809871673584,-6.346669673919678,-3.020308017730713,-7.703355312347412,5.547569274902344,-2.563091993331909,-4.071086883544922,-2.4578566551208496,-7.970074653625488,-9.233811378479004,5.90780782699585,-6.180422782897949,-6.877164363861084,-3.7438201904296875,-1.6623865365982056,0.5952985286712646
5f7a724e9,-1.5276178121566772,-2.026578903198242,-3.8735904693603516,5.600333213806152,0.4096178114414215,-1.2028920650482178,-7.50496768951416,-4.538125038146973,1.6546061038970947,-4.889110565185547,-4.070253372192383,-6.881357669830322,6.182129859924316,0.6079908013343811,-1.1428714990615845,-3.1962602138519287,-6.5784759521484375,-8.35356616973877,6.520976543426514,-4.38835334777832,-6.565385818481445,0.528875470161438,-0.6870192289352417,-0.5382003784179688
5f848d7f5,-4.178508281707764,-1.717106819152832,-2.8146183490753174,2.237372398376465,-4.927979946136475,-2.944218873977661,0.18550603091716766,4.544620037078857,-4.57472562789917,-1.6866453886032104,0.23142023384571075,4.449174880981445,-4.114029884338379,-4.521000385284424,-2.2936863899230957,0.6550427675247192,-1.053013563156128,-1.3045014142990112,-3.8311550617218018,-0.7344611287117004,-0.13436245918273926,-4.537476539611816,-1.2038320302963257,-0.7712928056716919
5fb610b12,-2.1597602367401123,2.3822131156921387,6.735806941986084,3.521974802017212,-2.6489572525024414,1.5745567083358765,-2.195749282836914,2.6625094413757324,-3.852128267288208,1.1209713220596313,-1.917263388633728,-0.9921296238899231,-0.34820556640625,-2.6116933822631836,-0.9632920026779175,0.09810222685337067,-1.8889925479888916,-0.10293760895729065,-0.9590434432029724,1.5872398614883423,1.0343178510665894,-1.0826034545898438,-0.9748893976211548,-2.237609386444092
5ffcddfc2,-5.50210428237915,2.514749526977539,-3.573946475982666,4.97258186340332,-2.8586716651916504,-3.487732172012329,-2.9831111431121826,-2.062417984008789,-5.536873817443848,-1.3262722492218018,-2.7160401344299316,-3.3186142444610596,-4.26693868637085,-1.0057404041290283,-2.427661895751953,-1.1853806972503662,4.174444675445557,-1.747560977935791,-4.549259185791016,-4.340103626251221,-1.9344457387924194,-1.7202163934707642,-2.230531692504883,-2.233703136444092
60045eef4,-2.8550448417663574,-3.7813634872436523,-4.596308708190918,5.493943691253662,-2.364079713821411,-2.2064311504364014,-7.927248954772949,-4.681527137756348,-0.5615645051002502,-5.375639915466309,-3.4757518768310547,-7.931079387664795,5.6070170402526855,-2.2161951065063477,-3.3353798389434814,-2.1594760417938232,-7.550273418426514,-9.006837844848633,5.969837188720703,-6.448431491851807,-7.053457736968994,-2.066025972366333,-1.8956220149993896,0.17737258970737457
6024f8ac7,6.708326816558838,-4.428451061248779,0.27761518955230713,2.8772683143615723,-4.755002498626709,-4.561120510101318,-4.824906826019287,-1.8381638526916504,1.519606351852417,-4.822878360748291,0.684692919254303,-5.253270626068115,0.31502020359039307,-4.439602851867676,-4.867316246032715,-3.037912130355835,-6.185956954956055,-7.6502485275268555,6.313289642333984,-2.5948994159698486,-6.142413139343262,-5.095746040344238,-3.0119242668151855,-0.2057933211326599
602a45829,-8.19350814819336,-2.292687177658081,-6.302974700927734,2.8027944564819336,-8.285493850708008,-5.939444065093994,0.8165330290794373,5.529354095458984,-6.8210978507995605,-2.2937264442443848,-1.8730363845825195,4.5694260597229,-5.9005513191223145,-5.208291053771973,-4.516544342041016,2.9846818447113037,3.075343132019043,-1.286329746246338,-7.067704200744629,0.25678393244743347,0.10633803904056549,-7.668686389923096,-2.3805789947509766,-4.1084489822387695
604e4a9bf,-5.1048078536987305,-6.0448899269104,-5.558506011962891,6.149683952331543,-2.7184526920318604,0.5621328353881836,-6.612158298492432,-5.429591178894043,-0.9358423352241516,-6.452503204345703,-2.2809128761291504,-7.986535549163818,4.987339973449707,-3.541804075241089,-6.190027713775635,-5.167557239532471,-8.144754409790039,-7.630439758300781,4.29293966293335,-4.527177810668945,-5.543567657470703,-4.370580196380615,-0.5686770081520081,4.2692084312438965
605dfb3e7,-4.6830830574035645,-1.6317574977874756,-3.040253162384033,0.6508933305740356,-4.675198554992676,-3.572505235671997,1.9162113666534424,1.2250912189483643,-5.029812812805176,0.47536879777908325,0.016526680439710617,3.6606311798095703,-3.842271566390991,-4.7176513671875,-1.900134563446045,1.003476619720459,-0.027104035019874573,1.0135692358016968,-4.099437713623047,-1.2355016469955444,0.5585897564888,-5.439645767211914,-1.7541697025299072,-1.3042809963226318
6061f98c4,-6.955738544464111,-1.718704342842102,-6.023819446563721,4.554834842681885,-5.046801567077637,-2.829361915588379,-1.3426918983459473,5.278294086456299,-6.3529534339904785,-2.49601674079895,-0.9690491557121277,5.240206241607666,-5.421754360198975,-5.459687232971191,-0.3923532962799072,0.8758847713470459,-2.812173366546631,-3.4906792640686035,-3.6624865531921387,-2.6079416275024414,-1.0803890228271484,-4.130074977874756,-1.058682918548584,-0.797284722328186
6075551cf,-7.338510990142822,-0.996152400970459,-4.79026985168457,1.9121654033660889,-6.855875015258789,-5.2333269119262695,-0.6988166570663452,4.778310775756836,-6.68381404876709,-1.4561328887939453,-2.544621229171753,1.162489414215088,-5.927478313446045,-3.9033451080322266,-5.649189472198486,0.8611804842948914,4.418680191040039,-1.3350794315338135,-6.879179000854492,0.4129892587661743,1.0294623374938965,-6.5878119468688965,-2.903247833251953,-3.235306739807129
60be2b292,-4.010066986083984,-4.086460590362549,-5.16215705871582,6.2728400230407715,0.28067120909690857,3.9110374450683594,-5.704425811767578,-4.303398132324219,0.47905540466308594,-4.685367584228516,-2.3261666297912598,-6.497338771820068,6.142735481262207,-2.2057249546051025,-3.8053178787231445,-1.8294763565063477,-7.830718994140625,-6.511563301086426,5.250955104827881,-4.370840549468994,-4.943465232849121,-2.3897690773010254,-0.2252131998538971,5.047650337219238
60ce9ef41,-3.325179100036621,-3.9194231033325195,-3.5252227783203125,5.763210773468018,-0.7739924192428589,5.359957218170166,-6.801124572753906,-3.409670829772949,2.4456067085266113,-4.8736186027526855,-2.670938491821289,-5.712872505187988,6.324276924133301,0.7098164558410645,-3.9811458587646484,-1.6060516834259033,-6.46168327331543,-6.770541667938232,5.644497394561768,-3.6815826892852783,-3.5304603576660156,-1.936636209487915,0.06971928477287292,-0.6093074083328247
611ff585c,2.1268959045410156,-1.0924071073532104,0.7279335260391235,-1.0622239112854004,-2.955721855163574,-1.1949771642684937,-0.7744514346122742,-0.40770161151885986,-2.3440866470336914,-0.37680545449256897,1.1277090311050415,-0.47749167680740356,-1.4029998779296875,-3.5111894607543945,-0.5328921675682068,1.1055058240890503,-0.9811541438102722,-1.9081840515136719,2.1680285930633545,-0.2958897054195404,-0.29381614923477173,-3.564457893371582,-1.890281319618225,-0.704379677772522
612786f16,-4.261919021606445,-1.7583791017532349,-2.4270713329315186,0.3113676905632019,-4.251470565795898,-1.7931166887283325,1.360109806060791,3.43491268157959,-5.019268989562988,-0.1634753942489624,0.6004307270050049,2.455878496170044,-2.593763828277588,-5.547598361968994,-0.7105478048324585,3.5708487033843994,-1.8740037679672241,-0.12409552931785583,-3.130066394805908,0.5115348100662231,1.2296802997589111,-5.061906337738037,-0.9308075904846191,2.8493072986602783
61381bc45,0.06719555705785751,-3.4780678749084473,-3.178210973739624,4.28270149230957,-2.4625484943389893,-1.5027401447296143,-6.436452388763428,-2.7511067390441895,-1.0939478874206543,-4.496775150299072,-1.4499435424804688,-5.882580757141113,3.7239296436309814,-3.0967891216278076,-1.008566975593567,-1.9740222692489624,-6.5633697509765625,-7.457057476043701,6.154614448547363,-3.3298232555389404,-5.132616996765137,-3.0341837406158447,-1.6372586488723755,0.22972145676612854
617e547fc,-3.355957269668579,-0.6903416514396667,-0.7287266254425049,0.5326278209686279,-3.2958574295043945,-1.7824760675430298,1.7533308267593384,-0.11026206612586975,-4.287006378173828,1.0710387229919434,1.169414758682251,1.9850997924804688,-2.9173686504364014,-2.9770116806030273,-2.7479610443115234,-0.6706913113594055,1.2871448993682861,0.18148478865623474,-2.5084986686706543,-0.493717223405838,1.810272216796875,-3.9554810523986816,-2.0597119331359863,0.07855016738176346
619709d2e,-4.427939414978027,3.3762855529785156,-4.551844596862793,5.818972110748291,-1.954269528388977,-2.515493392944336,-4.784250736236572,0.5918136835098267,-5.53225564956665,-1.4994070529937744,-2.6207449436187744,-2.689056396484375,-4.195836067199707,-0.15154650807380676,4.394944190979004,2.1017704010009766,-1.4626179933547974,-4.555817127227783,-1.8464497327804565,-4.071349143981934,-3.5861799716949463,-0.08580620586872101,-0.6897424459457397,-1.7001780271530151
6201fcc32,0.38926857709884644,-3.0875473022460938,-0.10277333855628967,0.6260772943496704,-3.607527494430542,-1.5320030450820923,-3.308706283569336,-0.958248496055603,-2.0015249252319336,-2.8674585819244385,-0.5868242383003235,-2.9288642406463623,0.34807389974594116,-3.835348129272461,-1.9602044820785522,-1.7709264755249023,-3.665717840194702,-5.024826526641846,3.5916197299957275,-1.1445029973983765,-2.7208104133605957,-4.2649688720703125,-2.2018117904663086,-0.6896789073944092
623288b5f,-4.509463787078857,-0.7158806324005127,-2.863630533218384,2.618727922439575,-5.264108180999756,-3.0697343349456787,0.8485761880874634,4.930700778961182,-4.981781959533691,2.373745918273926,1.5679855346679688,2.742154359817505,-4.274657726287842,-4.50039005279541,-2.0636610984802246,1.4988274574279785,0.1724650114774704,3.7132811546325684,-3.9745821952819824,-0.32873013615608215,0.4938212037086487,-4.631624698638916,-2.715728282928467,-3.063328266143799
625dacb5b,-3.1789450645446777,1.637087106704712,-4.611583709716797,5.129888534545898,-1.8801729679107666,-2.753519058227539,-2.4049675464630127,0.8955221176147461,-4.868778705596924,1.103482961654663,-2.059910535812378,-0.41327303647994995,-3.1977741718292236,-2.227933168411255,6.690033912658691,2.7050418853759766,-3.636298418045044,-0.8661918640136719,-0.4303874373435974,-3.296952724456787,-2.573429584503174,-1.906442403793335,-0.6242659687995911,-1.5027153491973877
626ded621,6.242081642150879,-5.148966312408447,-5.405327796936035,4.287641525268555,-3.451521873474121,-4.68628454208374,-7.2886247634887695,-3.073065757751465,3.2701592445373535,-5.902745246887207,-0.6162280440330505,-7.475035190582275,3.7898168563842773,-3.888925075531006,-5.282063007354736,-4.52608585357666,-7.196907043457031,-10.302600860595703,8.134383201599121,-5.456167697906494,-8.449569702148438,-3.8407516479492188,-2.4821133613586426,1.1716704368591309
62a5bac1f,-2.346280574798584,-0.7093668580055237,-0.6232308745384216,2.267371654510498,-3.8566794395446777,-0.7284362316131592,-0.14151763916015625,3.341839075088501,-3.7917113304138184,0.06160113215446472,0.05450624227523804,0.4383818507194519,-2.381380081176758,-3.659909963607788,-0.9734244346618652,1.354103684425354,-0.740852952003479,-0.03488266468048096,-1.7886755466461182,0.18315328657627106,1.035270094871521,-3.406263589859009,-2.0771703720092773,-1.373414158821106
62b969829,-2.554409980773926,-0.28150177001953125,-0.40170741081237793,-0.06374916434288025,-2.5023224353790283,0.12556135654449463,-0.4873538613319397,0.9018818140029907,-1.6197865009307861,-0.05437350273132324,0.6873170733451843,1.8988375663757324,-0.949591338634491,-2.1938552856445312,-0.5063533782958984,0.8047040104866028,-0.893079400062561,-1.3119804859161377,-0.3940010666847229,0.6595284342765808,1.4014461040496826,-2.664350986480713,5.626678943634033,0.18002769351005554
62cdaff63,-0.3882506787776947,0.08029217272996902,-0.35436099767684937,3.2924692630767822,0.09499801695346832,-1.3994624614715576,-3.2999207973480225,-1.1962031126022339,-2.1062979698181152,-0.7711994647979736,-2.152205467224121,-2.089036226272583,1.143606424331665,-2.052051305770874,1.869162678718567,-2.321308135986328,-1.233703374862671,-3.176755905151367,4.033877372741699,0.09718075394630432,-1.0758414268493652,0.8838510513305664,-2.6989524364471436,-0.8090851306915283
6315bf8c1,-6.662230491638184,-1.6795254945755005,-4.657759189605713,2.590278148651123,-6.769352436065674,-3.710076332092285,1.0003561973571777,5.243453025817871,-5.832551956176758,-1.9099922180175781,-1.9022645950317383,2.090888500213623,-4.166578769683838,-5.199586391448975,-2.8100905418395996,4.13507080078125,3.2903456687927246,-0.7549154758453369,-4.890007019042969,0.8631501197814941,0.7335069179534912,-5.868245601654053,-1.3876680135726929,-2.6746938228607178
6339b0fe8,-1.8094128370285034,-1.4669241905212402,-0.5532281398773193,3.589390754699707,-1.9314243793487549,0.8849309682846069,0.276749849319458,0.03286851570010185,-2.4390316009521484,-0.3100069761276245,6.056307315826416,0.7046990394592285,0.052925512194633484,-2.12434720993042,-0.5932080149650574,0.6804705858230591,-2.0738954544067383,-2.0745110511779785,1.6600316762924194,-0.6362091302871704,1.2797300815582275,-3.0215110778808594,0.5039150714874268,0.8431785106658936
63488bef2,-0.12440189719200134,-0.042691946029663086,-3.299929141998291,6.286655426025391,3.5794811248779297,0.17064949870109558,-4.736006736755371,-1.164505124092102,5.634758949279785,-1.5476953983306885,-2.699190855026245,-1.6944737434387207,7.158247947692871,2.0598864555358887,1.1381726264953613,-1.7280018329620361,-3.595707416534424,-4.655106544494629,6.544369220733643,-3.298367500305176,-3.4306480884552,4.381956577301025,7.029670238494873,1.67303466796875
6369e4329,-3.076902151107788,-0.8885104656219482,5.176167964935303,3.8027753829956055,-0.480476975440979,1.6226565837860107,-2.7525291442871094,-1.5428210496902466,-2.6864044666290283,-1.76505446434021,-1.675323486328125,-2.9434146881103516,3.748936891555786,-1.786049723625183,-2.941014289855957,-0.7044740319252014,-3.8162176609039307,-2.773872137069702,2.537405490875244,0.11678718030452728,-0.3940514326095581,-3.0260872840881348,-0.05304589867591858,1.8292346000671387
63740a39a,-8.78284740447998,-1.477960467338562,-8.196186065673828,4.16229248046875,-8.182737350463867,-6.925459384918213,-1.3200106620788574,5.683073997497559,-7.299139499664307,-3.9372992515563965,-1.8458175659179688,4.163570880889893,-7.552676677703857,-4.931479454040527,-5.005772113800049,1.6490815877914429,4.21256685256958,-3.0277645587921143,-8.207634925842285,-1.4007865190505981,-0.9327859878540039,-7.540953159332275,-2.1711161136627197,-4.252585411071777
63a72d4df,-4.621431350708008,-0.5488110780715942,-3.470235586166382,5.480151653289795,-1.935045838356018,1.6076064109802246,-2.373730421066284,4.694901466369629,-4.049452781677246,-0.6486841440200806,-1.2936300039291382,2.61626935005188,-2.3773539066314697,-1.7233749628067017,0.27901020646095276,1.5432841777801514,-1.722010612487793,-1.323312520980835,-0.7178021669387817,-0.6568232178688049,-0.14201179146766663,-2.001311779022217,-1.4531511068344116,-1.9479340314865112
640a12ba5,-2.5863895416259766,3.0901312828063965,-3.096134901046753,4.2064619064331055,-1.655635118484497,-3.239208698272705,-2.0124943256378174,-1.5258797407150269,-3.698704242706299,-0.15990981459617615,-2.2687525749206543,-1.8486000299453735,-2.5735816955566406,-0.3994327783584595,-0.6659080982208252,-0.9818315505981445,5.132164478302002,-0.18569016456604004,-2.639981508255005,-3.4648289680480957,-1.548303246498108,-1.2830312252044678,-1.8201210498809814,-0.8429879546165466
6458135e9,-7.241805076599121,-2.184035062789917,-6.724726676940918,4.305309295654297,-6.400976657867432,-4.683882236480713,-1.0383414030075073,6.315176010131836,-6.881706237792969,-2.107121229171753,-1.4473644495010376,5.991384506225586,-6.3750505447387695,-5.775388717651367,-0.8052439093589783,1.6504675149917603,-2.210690975189209,-3.7119314670562744,-4.66314172744751,-2.7153661251068115,-1.576932668685913,-5.654901504516602,-1.1793212890625,-2.077000617980957
645d26f1a,-4.066566467285156,-5.216188430786133,-5.060150146484375,5.97076416015625,-1.9189330339431763,-0.597332239151001,-8.85042953491211,-6.444034099578857,1.2878843545913696,-6.6523847579956055,-4.362856864929199,-8.494417190551758,6.79901647567749,-0.3221374750137329,-5.597723484039307,-3.4429023265838623,-7.798362731933594,-9.616896629333496,6.313680648803711,-6.084695816040039,-7.363399505615234,-2.734781265258789,-0.35888615250587463,-0.0957355797290802
646096f6d,-3.4340672492980957,-0.49586251378059387,-0.58058100938797,1.1519060134887695,-3.144439697265625,-1.3742254972457886,3.8210625648498535,1.9483507871627808,-4.429060935974121,0.9264515042304993,0.4158163070678711,2.047163486480713,-2.498835563659668,-3.742785692214966,-0.7228114008903503,1.0439841747283936,0.24131223559379578,0.6994721293449402,-2.08774995803833,0.3205445408821106,1.6399019956588745,-4.100638389587402,-1.9971559047698975,-0.20828664302825928
647395d2e,4.27601957321167,-4.457469940185547,-5.82752799987793,4.284358501434326,-3.009042739868164,-4.080785751342773,-7.240957736968994,-3.7126264572143555,1.5927363634109497,-5.395301818847656,-1.8043839931488037,-7.713474273681641,4.710848808288574,-3.6410539150238037,-5.048236846923828,-3.8984460830688477,-8.044244766235352,-9.727827072143555,6.883910655975342,-6.459968566894531,-8.171821594238281,-3.285416841506958,-2.8860554695129395,0.8750051259994507
64a384ae9,-4.604526519775391,-2.282397747039795,-1.6339906454086304,0.14488084614276886,-4.1548943519592285,-1.6764578819274902,3.4200007915496826,3.8482885360717773,-4.592045783996582,-0.5874476432800293,1.4399054050445557,4.197579860687256,-2.962833881378174,-3.9179368019104004,-3.0509073734283447,1.834377646446228,0.020206451416015625,-0.42613542079925537,-3.15736985206604,1.7659735679626465,1.5331264734268188,-5.172396659851074,-0.8214592933654785,0.5077518820762634
64e48fa13,-3.5776422023773193,-0.37308335304260254,-3.695242166519165,3.670292615890503,-3.3605360984802246,-2.3083481788635254,0.47076696157455444,5.494441032409668,-5.256493091583252,-0.448782354593277,0.24742327630519867,3.4954826831817627,-2.369094133377075,-5.747018337249756,0.14338088035583496,3.151949882507324,-2.2961442470550537,-1.5402077436447144,-2.153820037841797,-1.0934791564941406,-0.8846237659454346,-5.206284046173096,-0.9442473649978638,3.5087363719940186
64e4ee35e,-2.817962408065796,2.5550332069396973,6.618967056274414,4.408524513244629,-2.5757975578308105,0.6009867191314697,-3.1948235034942627,2.6466004848480225,-4.419093132019043,1.015631079673767,-2.28450870513916,-2.3547258377075195,-0.5996231436729431,-2.317584991455078,-1.3304001092910767,-0.16795530915260315,-2.427734375,-1.5008325576782227,-1.3435183763504028,0.5684422254562378,-0.0689837634563446,-1.2335329055786133,-1.3187603950500488,-2.323647975921631
64f72bfd9,-1.7231285572052002,-0.22416475415229797,0.6899279952049255,3.903386116027832,-1.1758924722671509,1.113390564918518,-0.8132688999176025,1.193781852722168,-2.770764112472534,0.885573148727417,0.5923604965209961,0.5640203356742859,0.28852981328964233,-1.8817365169525146,-0.09771500527858734,0.08675549924373627,-1.904024362564087,0.23966416716575623,0.721481204032898,-0.6095362305641174,0.8819411993026733,-1.6627038717269897,-0.11993223428726196,-0.044986095279455185
64f95f4a4,-4.324254512786865,-0.3376217484474182,-0.87104332447052,1.975174903869629,-3.018679618835449,-1.8752192258834839,-1.252935528755188,3.3539159297943115,-4.242720603942871,-0.5932026505470276,-1.1394500732421875,0.0008056326769292355,-2.524840831756592,-2.5730767250061035,-2.774014472961426,-1.032012939453125,1.1528736352920532,-1.5490903854370117,-2.0660393238067627,0.7764094471931458,0.6154725551605225,-2.7850522994995117,-2.686176061630249,-1.3823065757751465
6525d9e01,-5.784996509552002,-2.9704949855804443,-3.4224860668182373,5.496325492858887,-1.712436318397522,0.5162084698677063,-1.7380846738815308,-1.9064913988113403,-4.86940860748291,-0.8270654082298279,-0.16009621322155,-3.015287399291992,-0.6157305836677551,-4.239738464355469,-2.829838514328003,-1.130279302597046,-3.8725688457489014,-2.397571563720703,-0.09607334434986115,-3.332324266433716,0.06247401982545853,-3.4030508995056152,-1.4865437746047974,4.684347629547119
653ee449b,-2.9917712211608887,0.7590616941452026,-2.370418071746826,2.2897896766662598,-2.5716915130615234,-2.372915744781494,-0.4236801564693451,-0.33903107047080994,-3.8326563835144043,4.050486087799072,-1.2335293292999268,1.2038655281066895,-1.6738781929016113,-1.296692132949829,-2.371070623397827,-0.18511542677879333,2.6610403060913086,4.208049297332764,-1.3310234546661377,-1.6389896869659424,0.9310711622238159,-3.0645298957824707,-3.3572134971618652,-1.8788411617279053
65686369a,-3.9461488723754883,-1.8789550065994263,-2.037743091583252,-1.2216533422470093,-4.6220502853393555,-1.7701780796051025,0.7202116250991821,3.949443817138672,-3.7385189533233643,-1.3296152353286743,3.8853249549865723,4.780453681945801,-4.127740859985352,-3.9943220615386963,-2.9518473148345947,1.4057914018630981,-1.5284892320632935,-1.408717393875122,-2.976431369781494,0.0021215826272964478,1.1583585739135742,-5.612429618835449,0.36016881465911865,-2.060857057571411
6571d33c3,-2.420043468475342,0.14275683462619781,-2.3132474422454834,2.797717332839966,-1.8836603164672852,-0.15420734882354736,0.7102659940719604,3.4839634895324707,-4.726818561553955,0.42744603753089905,1.190468668937683,3.376146078109741,-1.140733003616333,-4.308892726898193,-0.1694217026233673,1.1164214611053467,-1.351460576057434,-1.142669916152954,-1.4079601764678955,-1.108945608139038,0.24007540941238403,-3.788651466369629,-0.7682611346244812,3.894928455352783
65cff7f09,0.5647459030151367,1.9524446725845337,-1.8546428680419922,4.16910982131958,0.8157271146774292,-1.2627549171447754,-3.8784019947052,-1.5271590948104858,-0.8899422883987427,-0.20021183788776398,-2.2486412525177,-2.8582401275634766,3.8225016593933105,4.7699127197265625,-0.029723912477493286,0.4921998381614685,-2.090956211090088,-4.268896579742432,4.1242218017578125,-1.7337042093276978,-4.229840278625488,0.19585493206977844,-1.1086317300796509,-0.7152731418609619
65da0693a,-6.632552146911621,-3.5507431030273438,-4.27367639541626,-0.12086963653564453,-7.290875434875488,-4.973568916320801,-0.09552184492349625,6.147068500518799,-6.076169490814209,-3.176335096359253,-0.42730218172073364,5.870668411254883,-5.704051971435547,-6.522733688354492,-3.881340742111206,1.1474437713623047,-1.4230531454086304,-2.9245026111602783,-5.624492645263672,-0.10663000494241714,-0.7919118404388428,-7.556239128112793,-0.9665772914886475,-2.804285764694214
660cfa188,-2.881918430328369,0.01942192018032074,0.22744861245155334,4.647149562835693,-0.6157873868942261,1.9571675062179565,-3.768467903137207,3.6052093505859375,-1.638837218284607,-0.9847400188446045,-2.2716450691223145,-2.3525497913360596,3.6683406829833984,-1.4499599933624268,0.5262653231620789,-0.07938949763774872,-4.502585411071777,-3.038093328475952,3.845641613006592,-0.879301905632019,-1.1375981569290161,-0.6578570008277893,-0.49112552404403687,-0.7555872797966003
6612d3ab9,-1.6185777187347412,-0.9900296926498413,-1.902588129043579,1.215261697769165,-1.8151956796646118,-1.313250184059143,-2.229877471923828,-0.03850468620657921,-4.124800205230713,-1.794478416442871,-0.46314096450805664,-1.536541223526001,-2.537868022918701,-4.4231648445129395,4.113321781158447,-1.4975336790084839,-3.837158679962158,-3.819080114364624,1.631420373916626,-1.4082105159759521,-1.2236324548721313,-1.9057601690292358,-1.1734150648117065,-0.12835335731506348
661acb581,-1.4706411361694336,-1.0637295246124268,-1.5487347841262817,2.2510476112365723,-1.1615108251571655,-1.3816510438919067,-3.788588047027588,-0.1042814701795578,-3.4854085445404053,-1.1077752113342285,-1.0183780193328857,-2.1976122856140137,-0.3315153121948242,-3.656078815460205,4.740251064300537,-1.82492995262146,-4.377656936645508,-3.658824920654297,2.2692456245422363,-1.8533895015716553,-1.7648978233337402,-0.7068679332733154,-1.5633769035339355,-0.6752333641052246
664440cc1,-0.443126380443573,-2.5373501777648926,-4.68026065826416,4.732947826385498,-0.656126856803894,-2.598447322845459,-7.086001873016357,-4.126168251037598,-0.43995019793510437,-3.881304979324341,-3.599475383758545,-7.207551956176758,5.310546398162842,-2.5486741065979004,-2.169342279434204,-3.133070468902588,-7.15064001083374,-8.221596717834473,5.663577079772949,-6.135662078857422,-6.657179832458496,-0.4401584565639496,-2.3698513507843018,0.30877697467803955
6644a4394,-0.5921528339385986,0.3907184898853302,0.5681853890419006,2.1606199741363525,0.34050285816192627,0.3219769299030304,-1.0512192249298096,0.5630540251731873,-1.209597110748291,0.2008276879787445,-0.33309030532836914,-0.1536870002746582,1.88496994972229,-1.5607728958129883,2.3203811645507812,0.771557092666626,-2.0975825786590576,-1.2285890579223633,2.296123743057251,1.9437158107757568,0.24718885123729706,-0.5860609412193298,-0.7150022983551025,0.02683916687965393
6647de1de,-3.8800644874572754,-0.22602427005767822,-0.6946109533309937,1.94428288936615,-3.2152981758117676,-1.2313621044158936,1.5225486755371094,3.8565990924835205,-4.107331275939941,0.18911677598953247,-0.4386943280696869,1.2102469205856323,-2.2943878173828125,-2.901500701904297,-1.7941319942474365,1.356477975845337,1.5994634628295898,-0.18610623478889465,-2.3713555335998535,0.6853358149528503,0.7837679982185364,-3.2622549533843994,-1.475245475769043,1.8706165552139282
66499fc74,-5.924542427062988,3.5889151096343994,-4.713527679443359,5.83484411239624,-2.9733405113220215,-4.398383140563965,-3.464876651763916,-2.8498101234436035,-5.791379928588867,-2.1805052757263184,-2.62396240234375,-3.351381778717041,-4.5062432289123535,-0.49517953395843506,-4.333084583282471,-1.2946205139160156,5.719766139984131,-2.784461498260498,-5.15313720703125,-5.177424907684326,-2.867758274078369,-2.1558125019073486,-2.4370875358581543,-2.280637741088867
666318477,-3.0679404735565186,-0.848631739616394,-2.351816415786743,2.012586832046509,-1.2917687892913818,-0.5770879983901978,-3.0858829021453857,0.21650317311286926,-4.209947109222412,-1.5531355142593384,-0.8590770363807678,-0.8271121382713318,-2.4894368648529053,-4.187152862548828,4.644855499267578,1.9523403644561768,-4.259066581726074,-3.6193792819976807,1.9172186851501465,-1.2314149141311646,-1.1746842861175537,-1.635880470275879,0.9380946159362793,0.2234908640384674
666fa787d,-4.519219398498535,2.5303471088409424,-2.214388370513916,4.379357814788818,-2.230574131011963,-3.215121269226074,-2.507699489593506,-1.4450881481170654,-4.397770404815674,-1.33062744140625,-2.3933231830596924,-2.7039225101470947,-3.0074844360351562,-1.1901005506515503,-1.8056468963623047,-1.7438960075378418,4.124122619628906,-1.8144028186798096,-2.724968194961548,-2.537493944168091,-1.5405242443084717,-1.0159848928451538,-1.9018974304199219,-1.8187694549560547
66800b5e8,-4.813382625579834,4.450863361358643,-4.234640598297119,5.679873466491699,-4.053157806396484,-5.094822883605957,-4.193628787994385,-2.2160723209381104,-6.475181579589844,-2.0536563396453857,-3.3584401607513428,-3.350982189178467,-5.122901439666748,-0.11141923069953918,-3.9983270168304443,-0.4892907738685608,6.432270050048828,-2.543779134750366,-5.993046283721924,-4.833870887756348,-3.093949794769287,-2.7690365314483643,-2.6691830158233643,-3.7664599418640137
669ca1384,-4.360898494720459,2.888925552368164,-2.5406877994537354,5.670607566833496,0.5644679069519043,-2.1858882904052734,-6.209333419799805,-0.9212558269500732,-3.652132272720337,-1.2725534439086914,-3.6730504035949707,-4.2693190574646,-2.177182674407959,-0.713633120059967,1.1118701696395874,-0.6870614886283875,-1.1337597370147705,-4.792882919311523,-0.9682558178901672,-4.643580436706543,-3.888293981552124,3.711479902267456,-1.7456724643707275,-2.4230284690856934
66b551e1c,-5.276805400848389,-1.784407138824463,-1.7041478157043457,-0.9675214290618896,-5.052278518676758,-2.509737014770508,0.016788098961114883,4.104869365692139,-4.957974910736084,-0.9880234599113464,-0.8341735601425171,4.733721733093262,-3.769068956375122,-4.365011215209961,-3.2188549041748047,0.5232025384902954,-1.6414576768875122,-1.2445544004440308,-3.6753668785095215,-0.13557496666908264,0.7912091016769409,-5.702280521392822,-0.6549437046051025,-2.54593825340271
66c0b7a87,-6.242311954498291,0.8034365177154541,-3.7521517276763916,3.144469738006592,-5.520552635192871,-4.008273124694824,-0.5154705047607422,3.9908595085144043,-5.78948450088501,-0.789175808429718,-2.0007543563842773,0.8297799825668335,-4.823486804962158,-2.1646885871887207,-4.782942771911621,1.004065752029419,4.841753005981445,-0.10885131359100342,-5.452093124389648,-0.07598458230495453,0.7408227920532227,-5.301025867462158,-2.7256479263305664,-2.6339426040649414
66d843421,-2.0990607738494873,0.5832261443138123,-3.084684133529663,5.069005966186523,1.1040878295898438,-1.0945709943771362,-4.681644916534424,-1.850713849067688,-0.6426792144775391,-1.5215141773223877,-3.1943306922912598,-3.819697856903076,4.405370235443115,0.05617642030119896,0.20478372275829315,-0.6135306358337402,-2.381303310394287,-4.691715717315674,4.360969543457031,-4.292159557342529,-3.4951202869415283,2.1774072647094727,-1.5451912879943848,-0.8768169283866882
66f148c5d,-4.530100345611572,-2.0696756839752197,-3.3488588333129883,3.4964795112609863,-1.1863455772399902,3.300732135772705,0.38579556345939636,-1.4928171634674072,-4.361966133117676,-0.4667282998561859,3.2788209915161133,-0.2942381501197815,0.6825301051139832,-4.2551422119140625,-1.6252080202102661,-0.7672375440597534,-3.664425849914551,-1.372300624847412,0.0894814282655716,-1.235334038734436,0.22583213448524475,-3.9881644248962402,-1.2695708274841309,5.098572731018066
670fa8fe4,-1.9424536228179932,2.5241644382476807,-0.28043901920318604,3.49657940864563,-0.5374854803085327,-0.9611184597015381,-2.118361473083496,1.5688220262527466,-3.8042209148406982,0.5130992531776428,-2.1898226737976074,-0.8391811847686768,-2.0668370723724365,-2.0473389625549316,4.318619251251221,1.6259877681732178,-1.8688220977783203,-1.349287509918213,-0.016432583332061768,-1.0857069492340088,-1.5188647508621216,1.4950833320617676,-1.4578410387039185,-1.852327823638916
6716d7b0a,4.141252040863037,4.220726013183594,-1.6279470920562744,4.1260528564453125,-1.224653720855713,-2.069288969039917,-1.9858874082565308,0.40534794330596924,-3.97872257232666,2.346234083175659,0.08971863985061646,-1.6128621101379395,-0.1017267182469368,-1.8882708549499512,0.8599507808685303,1.178436040878296,-3.535226345062256,-3.8273167610168457,2.8187432289123535,-2.8766415119171143,-3.2860043048858643,-1.8923263549804688,-1.6718957424163818,1.3273980617523193
672c6cb7e,-5.1825642585754395,0.04309820383787155,-3.3380491733551025,2.2910757064819336,-4.791833400726318,-2.583089590072632,-0.06460630893707275,2.743161916732788,-4.9153852462768555,-0.45321646332740784,-1.7422890663146973,1.2553863525390625,-4.128964424133301,-2.9068126678466797,-3.83868670463562,1.4727030992507935,4.4211859703063965,-0.16722595691680908,-4.872472763061523,0.11190563440322876,0.6100101470947266,-4.383708953857422,-2.0783193111419678,-1.667677879333496
6754afd3e,-1.0016497373580933,-1.418203592300415,-3.9743685722351074,5.498638153076172,-0.1149354875087738,-0.17757441103458405,-6.515010833740234,-4.23012638092041,0.44573089480400085,-3.2207725048065186,-3.5358121395111084,-6.463906288146973,6.109079837799072,0.4033310115337372,-3.522463321685791,-1.663267731666565,-6.182459831237793,-7.2964253425598145,6.073515892028809,-5.013051509857178,-5.841395854949951,-1.4988517761230469,-0.2696325480937958,0.5082623362541199
677375eab,-5.223908424377441,-1.1541303396224976,-3.64827299118042,4.025200843811035,-4.583113670349121,-2.573472023010254,-0.14863158762454987,4.086845874786377,-4.92764139175415,-0.029278608039021492,-1.190109372138977,2.130510091781616,-4.172377586364746,-3.8193671703338623,-3.006801128387451,0.9399353861808777,2.427467107772827,0.519371509552002,-4.156250953674316,-0.5370222926139832,1.06124746799469,-4.204427242279053,-1.8508360385894775,-0.886368453502655
6774f4a94,-2.187126398086548,2.1393613815307617,-0.9714865684509277,3.0062313079833984,-2.4997010231018066,-3.05198073387146,-0.24982482194900513,-0.5813001990318298,-3.929410934448242,-1.2544522285461426,-0.9406379461288452,-0.9205713272094727,-2.9036026000976562,-1.4127111434936523,-2.2020926475524902,-1.0454894304275513,3.5292372703552246,-2.085078477859497,-2.1760172843933105,-1.3103872537612915,-1.2266325950622559,-2.213620662689209,-1.3150854110717773,-1.6163997650146484
677674f7e,-4.449277400970459,1.018919825553894,-0.9930121302604675,4.890430450439453,-2.9130799770355225,1.5135233402252197,-2.7171270847320557,4.047425270080566,-5.478231906890869,0.567878246307373,-1.0098350048065186,-0.8894082903862,-2.8553829193115234,-3.136791467666626,0.9750243425369263,1.1167364120483398,-3.0512735843658447,-1.6504594087600708,-1.7581639289855957,-1.5451959371566772,0.194645494222641,-1.7286595106124878,-1.4880743026733398,-0.9012385606765747
677d702ed,4.223714828491211,-3.7507550716400146,-1.9156430959701538,1.1882575750350952,-4.3531646728515625,-1.9260879755020142,-4.911832809448242,-2.0185961723327637,-0.011485174298286438,-4.3055009841918945,0.18387097120285034,-4.578986644744873,1.3725662231445312,-3.908409595489502,-3.4485983848571777,-2.0214130878448486,-4.709727764129639,-7.317917823791504,5.408456325531006,-2.0697197914123535,-2.862938165664673,-5.131917476654053,-2.1110377311706543,0.2921126186847687
677eadf1d,-3.899139165878296,-0.20367735624313354,-1.5836108922958374,3.3124306201934814,-2.0652823448181152,-1.913206696510315,-1.9747066497802734,-0.8874529004096985,-3.617494583129883,-0.3599799871444702,-1.14460289478302,-1.5252455472946167,-1.788590431213379,-2.2952635288238525,-2.0560543537139893,-1.223223328590393,1.3750447034835815,-1.364759087562561,-1.2255409955978394,-2.087196111679077,-0.1268729865550995,-1.5971812009811401,-2.0069236755371094,-0.7228155136108398
67b4e6106,5.215342044830322,-2.9090702533721924,-1.4717214107513428,2.7495639324188232,-3.459233522415161,-2.1398894786834717,-4.618016719818115,-1.8939602375030518,-0.14860284328460693,-3.6267080307006836,0.5782523155212402,-4.4926652908325195,1.9353834390640259,-4.229535102844238,-2.6843647956848145,-1.7283694744110107,-4.704224586486816,-6.742507457733154,6.713381767272949,-2.3612871170043945,-3.5633368492126465,-4.509012699127197,-1.7100437879562378,3.513154983520508
67e281c93,-4.034732818603516,2.3607051372528076,-5.0551228523254395,4.67547607421875,-0.722947895526886,-2.679391860961914,-5.862764835357666,-0.26685839891433716,-4.2088775634765625,-2.2368927001953125,-3.0075876712799072,-3.060837745666504,-4.148374080657959,-2.8248372077941895,5.608550071716309,-0.7824199199676514,-3.359710931777954,-5.0804338455200195,0.32878875732421875,-4.411974906921387,-5.113353729248047,0.5420999526977539,-0.18993432819843292,-1.7709606885910034
67e743e50,1.5597976446151733,-1.3519846200942993,-3.4000840187072754,4.087786674499512,-0.7804292440414429,-0.8041678071022034,-4.293305397033691,-1.4642915725708008,-0.7797128558158875,-2.632473945617676,-1.4698361158370972,-4.0803608894348145,3.1650288105010986,1.386249303817749,-1.9555734395980835,-0.7149864435195923,-4.282564163208008,-5.602745532989502,5.766741752624512,-3.411454916000366,-4.980712413787842,-1.6549105644226074,-1.2795811891555786,1.2740967273712158
67f65024c,-5.036830902099609,-5.459958076477051,-2.801602602005005,5.293828010559082,-2.7629642486572266,0.6636198163032532,-7.295886993408203,-5.759341716766357,-0.07381002604961395,-5.893828392028809,-3.493612289428711,-7.235513687133789,6.339693069458008,-0.6449669599533081,-5.8198018074035645,-2.221097946166992,-7.419588088989258,-8.163422584533691,5.692089080810547,-4.015710353851318,-4.7183942794799805,-4.399253845214844,0.3484881520271301,-0.28044068813323975
68271ac06,-5.218080520629883,-2.275174140930176,-4.049383163452148,2.9496049880981445,-6.128946781158447,-4.147756099700928,-0.319846510887146,5.4701995849609375,-5.313226222991943,-1.7353684902191162,-0.12193268537521362,4.88731050491333,-5.070990562438965,-5.82653284072876,-2.3512887954711914,0.4289699196815491,-0.7768953442573547,-0.8975077867507935,-4.4852752685546875,-1.1029987335205078,-0.39936110377311707,-5.469327449798584,-1.7342461347579956,-1.6016204357147217
683b2d33a,-5.6831207275390625,4.611785888671875,-4.876184940338135,6.096205711364746,-5.000490665435791,-5.673001289367676,-4.470187187194824,-2.7488224506378174,-7.792640686035156,-2.6338951587677,-3.312954902648926,-3.918126344680786,-6.327199935913086,-0.3216816782951355,-4.985393047332764,-1.1780169010162354,7.5849785804748535,-3.6487386226654053,-6.765275001525879,-5.403130531311035,-3.6254076957702637,-3.994175434112549,-2.8859145641326904,-3.520380973815918
6842ad5f5,6.67360258102417,-5.606386184692383,-5.976475715637207,3.7659621238708496,-4.073197364807129,-5.783318519592285,-7.66195821762085,-3.558549165725708,3.0923073291778564,-6.389042854309082,-0.9974872469902039,-8.005402565002441,3.4532110691070557,-4.374688148498535,-5.910600662231445,-4.970978736877441,-8.316862106323242,-10.981279373168945,7.912820816040039,-5.966642379760742,-9.419130325317383,-4.561417579650879,-3.007573366165161,0.7720848321914673
68516c163,-1.7667856216430664,-0.3867737650871277,-0.05165129154920578,2.071540355682373,0.31559425592422485,1.6050153970718384,-1.2080423831939697,-0.21691925823688507,-1.1782034635543823,0.11272935569286346,-0.453976035118103,-0.9767484664916992,1.016436219215393,-1.8349124193191528,2.164637804031372,0.17582853138446808,-2.5494375228881836,-1.382007360458374,1.655177116394043,-0.1767480969429016,0.47146719694137573,-1.1261039972305298,-0.8192893266677856,0.11171196401119232
6874c0d4d,2.2874908447265625,4.0024237632751465,0.29938429594039917,3.376953363418579,0.09456450492143631,-0.7460699081420898,-1.2091963291168213,0.7491437196731567,-2.567843198776245,3.443260431289673,-0.6842316389083862,-0.5540738105773926,1.374650478363037,-1.2394002676010132,0.2183133214712143,0.4238063097000122,-1.3047432899475098,0.3427642583847046,2.2004528045654297,-1.5107243061065674,-0.8385428190231323,-0.20633593201637268,-1.3680797815322876,1.414077877998352
6883ca9da,6.974081039428711,6.231177806854248,-2.966829299926758,4.336827278137207,-1.865520715713501,-3.796962022781372,-1.7849812507629395,-0.6632546186447144,-4.102458477020264,1.9875645637512207,-0.6567503213882446,-1.9297294616699219,3.2356059551239014,-1.6733708381652832,-1.4476567506790161,4.209342956542969,-4.2422099113464355,-6.163114547729492,4.857512474060059,-3.9769504070281982,-5.491818428039551,-3.902355670928955,-1.5646318197250366,2.558905601501465
6883e6410,-4.221897602081299,-0.8512133955955505,-3.011880397796631,2.4549975395202637,-4.130180835723877,-2.900400400161743,1.0711485147476196,2.9505386352539062,-4.304901599884033,-0.17667274177074432,0.10520018637180328,4.075385093688965,-3.76542067527771,-3.747343063354492,-2.057136297225952,0.20563702285289764,0.016757063567638397,0.5050081014633179,-3.4433770179748535,-0.8947238326072693,0.05332266539335251,-4.305193901062012,-1.3667099475860596,-0.1433986872434616
688e9f624,-3.124903678894043,-5.362657070159912,-4.900012493133545,5.4954962730407715,-2.9612314701080322,-2.193253517150879,-8.217453956604004,-4.63855504989624,-0.7646346092224121,-6.499948024749756,-3.15071702003479,-8.279813766479492,5.743360996246338,-3.0088553428649902,-4.314051151275635,-3.086031436920166,-8.483264923095703,-9.641417503356934,6.166979789733887,-6.191904067993164,-7.079092979431152,-3.6235244274139404,-1.9117639064788818,0.503332257270813
68a9682da,-0.6106498837471008,-0.6969841718673706,-0.5234964489936829,5.552520751953125,0.963998019695282,1.3071718215942383,-3.045917272567749,-0.8801352381706238,4.314417362213135,-2.744025707244873,-0.6935683488845825,-0.9457574486732483,6.2256760597229,0.43966051936149597,-0.33270108699798584,-0.6561052203178406,-2.963388442993164,-4.172764301300049,6.057746410369873,-0.6972631812095642,-2.1536829471588135,1.0792738199234009,6.211672782897949,1.2801133394241333
68f29b7ff,-3.729566812515259,1.3991185426712036,-0.05208861827850342,4.458451747894287,-2.177372455596924,-0.7407523393630981,-2.05271315574646,2.387261390686035,-4.134369850158691,-1.078683853149414,-1.0629969835281372,-0.7380515336990356,-1.813179612159729,-1.3642301559448242,-0.30690711736679077,2.223992347717285,-0.4004933834075928,-3.246192455291748,-1.823082685470581,-1.7935665845870972,-0.5548044443130493,-1.365917444229126,-1.211405873298645,-2.175602674484253
68f5b5475,-4.363134384155273,2.9086925983428955,-3.7313332557678223,4.650595664978027,-3.017305374145508,-3.911219596862793,-2.0943470001220703,-2.224393606185913,-4.803158760070801,-0.8648167848587036,-2.464716911315918,-2.2896296977996826,-4.4106621742248535,-0.536577582359314,-2.434832811355591,-1.0313458442687988,6.183398723602295,-0.7800700068473816,-4.488885879516602,-3.8692173957824707,-1.6930521726608276,-2.035691261291504,-2.2100026607513428,-1.984579086303711
69052d450,-3.786893129348755,0.47073084115982056,-3.742318630218506,4.049094200134277,-0.28143617510795593,-1.852980613708496,-4.601992130279541,-0.6366009712219238,-3.9946465492248535,-2.094573497772217,-2.080148220062256,-2.861030340194702,-3.662414073944092,-3.08288311958313,6.371142864227295,-0.6805156469345093,-4.555776119232178,-4.7586164474487305,1.8204249143600464,-3.432694673538208,-4.2226243019104,-0.023223966360092163,-0.6625564098358154,-1.4510836601257324
699180f02,-4.0487751960754395,-0.9792549014091492,5.552952289581299,3.910351514816284,-0.6338070631027222,1.2208555936813354,-3.807018995285034,-1.8467042446136475,-2.3342204093933105,-1.9322454929351807,-2.5486693382263184,-2.6619725227355957,4.729609489440918,-0.44639724493026733,-2.0292396545410156,-0.5559242367744446,-3.683211326599121,-3.7562246322631836,3.3490262031555176,-0.06369764357805252,-0.839708149433136,-1.9528794288635254,0.25996705889701843,1.2401862144470215
699a84cc6,1.4061462879180908,2.661262035369873,0.7051491737365723,3.0206148624420166,-0.27916470170021057,-0.7584564685821533,0.2536017894744873,1.1365467309951782,-1.8751001358032227,3.5206265449523926,-0.3241688013076782,1.2997968196868896,-0.7628265619277954,-0.523026168346405,1.1584222316741943,0.7278959155082703,0.18722683191299438,2.0347461700439453,1.8542685508728027,1.2565076351165771,0.29634562134742737,-0.7668722867965698,-1.648237943649292,-0.1767084300518036
699beb630,-4.062146186828613,-0.5043671727180481,4.98777961730957,2.7959229946136475,-0.10852861404418945,4.122288227081299,-2.70296573638916,-0.5744524598121643,-2.0174107551574707,-1.296159029006958,-1.327872633934021,-1.9469871520996094,2.0335469245910645,-0.5854567885398865,-2.0628700256347656,0.6284785270690918,-3.318464994430542,-2.269160270690918,0.3655046820640564,0.08632516860961914,1.4510571956634521,-2.527784824371338,-0.15001444518566132,0.08790212869644165
69af71b93,-3.890727996826172,0.45211994647979736,-4.98782205581665,4.91461706161499,0.4455416798591614,-2.103877544403076,-6.34922981262207,-1.33477783203125,-3.530609130859375,-3.6689469814300537,-2.5076255798339844,-3.3482460975646973,-2.197023391723633,-3.280064821243286,7.343014240264893,-1.0927801132202148,-5.168473720550537,-7.174534320831299,3.292447805404663,-4.222338676452637,-5.047233581542969,1.5173375606536865,-0.6106395125389099,-0.8870258927345276
69df70ed4,1.9852774143218994,3.922379970550537,-0.09108443558216095,4.131853103637695,-0.5609111189842224,-0.6376476287841797,-1.3927741050720215,2.880046844482422,-2.9820549488067627,2.9753613471984863,-0.9008846282958984,-0.5863361358642578,-0.0030394047498703003,-0.795941174030304,1.376813530921936,1.410167932510376,-1.7816238403320312,-0.5818231105804443,1.6333850622177124,-0.7286273837089539,-1.184722661972046,-0.7250201106071472,-1.394167184829712,1.6547597646713257
69e703021,2.0478744506835938,4.199463844299316,-0.7539465427398682,3.66916561126709,-0.0898154228925705,-0.5933365225791931,-0.8082196712493896,0.877155065536499,-3.3772737979888916,2.092874526977539,-0.24853065609931946,-0.659062385559082,0.17568477988243103,-1.5586260557174683,1.1537402868270874,3.1689352989196777,-1.569916844367981,-0.8512550592422485,1.9040120840072632,-1.9392722845077515,-0.5631354451179504,-1.0359283685684204,-1.3385545015335083,1.657936692237854
6a22383e8,6.244391441345215,-3.8198697566986084,-3.139484405517578,3.1776742935180664,-4.281487941741943,-3.4281768798828125,-5.333808898925781,-2.283447027206421,0.9629008769989014,-4.895994186401367,0.49296247959136963,-6.380686283111572,2.726827621459961,-4.937359809875488,-4.301956653594971,-2.6387195587158203,-7.988623142242432,-9.46882438659668,7.2665696144104,-4.69549560546875,-6.562754154205322,-5.4752068519592285,-2.3972105979919434,2.373459815979004
6a2f51a91,-2.440577268600464,0.2848709523677826,3.1876730918884277,2.304912805557251,-1.994179368019104,-0.32767513394355774,-0.32870861887931824,-0.023083750158548355,-2.6916027069091797,-0.8548324108123779,-0.24358627200126648,0.36772090196609497,0.4759388267993927,-1.961165428161621,1.0716878175735474,3.482090473175049,-2.201037883758545,-1.4968229532241821,0.1843307465314865,-0.0712721198797226,0.2550993263721466,-2.6668143272399902,-0.09864858537912369,-0.9968834519386292
6a398f741,-5.011342525482178,3.7641263008117676,-6.020481109619141,5.230520725250244,-2.3833446502685547,-3.5254576206207275,-4.2362189292907715,2.5411057472229004,-6.692420959472656,-2.5925960540771484,-3.044755220413208,-1.4171746969223022,-5.518537998199463,-3.656223773956299,6.751585006713867,3.5050876140594482,-2.9121439456939697,-5.396304130554199,-2.098766326904297,-4.33189582824707,-4.767219543457031,-1.627865195274353,0.02285604178905487,-1.1366279125213623
6a422bf2a,-1.9689559936523438,1.5540629625320435,0.5105581283569336,3.9296298027038574,-0.9581181406974792,-1.2383699417114258,-2.1522622108459473,0.9733919501304626,-3.709113597869873,1.3619682788848877,-2.3256237506866455,-1.1639760732650757,-1.4557141065597534,-2.331690788269043,5.025312423706055,-0.34920215606689453,-2.0720109939575195,-0.08331121504306793,0.12952250242233276,-1.3264662027359009,-0.863984227180481,0.6756048202514648,-1.5039710998535156,-1.1208269596099854
6a64ed14a,0.9758691787719727,-1.1148205995559692,-0.8138366937637329,3.575504779815674,-1.3271372318267822,-0.9997572898864746,-2.0846965312957764,-0.8075950145721436,0.0640101432800293,-2.1434359550476074,-0.008733540773391724,-2.9481253623962402,2.932406187057495,-2.407517910003662,0.23776030540466309,-0.8943444490432739,-3.6099395751953125,-4.38289737701416,3.873337984085083,-2.0518240928649902,-2.5864014625549316,-1.6134170293807983,-0.7103807926177979,0.41997215151786804
6a69edc38,-8.280794143676758,-1.1656993627548218,-6.4607415199279785,3.4337410926818848,-8.031261444091797,-5.705580234527588,-1.3227137327194214,5.132270812988281,-7.1619977951049805,-2.817343235015869,-3.2749719619750977,1.6575982570648193,-6.468412399291992,-4.251578330993652,-5.536835193634033,2.2340593338012695,4.472254276275635,-2.3553199768066406,-7.729828357696533,-0.17780795693397522,0.0961301177740097,-7.001464366912842,-2.9718737602233887,-4.664341449737549
6ab2c0f60,6.237934112548828,-0.9479677677154541,-0.2628970742225647,-0.28099045157432556,-2.9669981002807617,-2.507479429244995,-2.0532732009887695,-0.6052810549736023,-1.3144636154174805,-1.5902421474456787,2.0053539276123047,-2.120999813079834,-0.5473783016204834,-4.547283172607422,-1.7451049089431763,-0.4326245188713074,-4.550495624542236,-4.806378364562988,4.125113487243652,-1.8389893770217896,-3.6304593086242676,-4.98594331741333,-1.3388432264328003,3.4741053581237793
6ae8f5382,-5.386423587799072,-1.4337924718856812,-2.3210299015045166,2.569260358810425,-5.489933013916016,-2.3647830486297607,0.40199142694473267,4.2101945877075195,-5.057620048522949,-0.5052821040153503,-0.6184255480766296,1.398233413696289,-3.612124443054199,-4.825732231140137,-2.1324493885040283,3.943204641342163,-0.20423245429992676,-0.3605172038078308,-3.998542547225952,0.2788991332054138,1.7900290489196777,-4.64500617980957,-1.6532913446426392,-1.3662596940994263
6af5b3562,-0.690443754196167,-4.338509559631348,-0.943671464920044,-0.2237495630979538,-4.217398643493652,-2.7413299083709717,-5.003388404846191,-2.9747440814971924,-2.5455870628356934,-4.102322101593018,-1.2308440208435059,-4.656097412109375,0.9815954566001892,-4.686866283416748,-2.673898935317993,-2.3482825756073,-4.876992225646973,-6.39967679977417,4.344772815704346,-2.645988941192627,-3.4215848445892334,-4.969735145568848,-2.67362642288208,-0.6207635402679443
6aff5cf53,7.133721351623535,-6.0495829582214355,-4.3541340827941895,2.553109645843506,-6.567658424377441,-5.660998344421387,-6.292146682739258,-1.4416190385818481,0.8395212888717651,-6.455386638641357,1.086853265762329,-6.71042013168335,-1.0090429782867432,-6.14894437789917,-5.6681671142578125,-3.4849374294281006,-6.839996814727783,-9.773271560668945,6.912784099578857,-5.365583896636963,-7.262455463409424,-6.338565349578857,-2.8506393432617188,0.2667834162712097
6b1d82872,-3.545135736465454,2.4283430576324463,-3.9685654640197754,4.544711112976074,-2.6041412353515625,-3.160409927368164,-2.6392672061920166,-1.8887357711791992,-4.26531982421875,-0.8810441493988037,-2.024420976638794,-2.7858855724334717,-2.2289276123046875,-0.5924350619316101,-3.029783010482788,-0.13266414403915405,3.6499574184417725,-1.6965771913528442,-2.6574416160583496,-4.040992736816406,-1.9548518657684326,-1.9408864974975586,-1.6586452722549438,-1.3662935495376587
6b2e36461,5.531532287597656,-3.3934166431427,1.799717664718628,2.394037961959839,-3.8018641471862793,-3.6348824501037598,-4.64854097366333,-1.5959035158157349,1.3435895442962646,-3.7519919872283936,0.17313537001609802,-4.6185173988342285,1.2768375873565674,-3.9347870349884033,-3.75881028175354,-2.649094343185425,-6.109309196472168,-6.241070747375488,5.66690731048584,-1.6124508380889893,-4.786465644836426,-3.7795541286468506,-2.493804931640625,0.043713584542274475
6b5a3bd5d,-6.9741902351379395,-3.2241339683532715,-6.558445930480957,2.9110090732574463,-7.590856075286865,-6.212369441986084,-1.5149099826812744,6.06074857711792,-6.004155158996582,-3.5229709148406982,-1.4471278190612793,6.064518451690674,-6.311659336090088,-5.067983627319336,-4.478994846343994,0.9663784503936768,0.8286899328231812,-1.98530113697052,-6.4123029708862305,-0.7854935526847839,-1.3484100103378296,-7.152831077575684,-2.1933484077453613,-4.087746620178223
6b5d3d437,-0.010067135095596313,0.2822343707084656,-2.2238121032714844,5.368898391723633,4.015969276428223,-2.1104447841644287,-5.25069522857666,-3.0255682468414307,0.9770386219024658,-1.2599220275878906,-4.753563404083252,-3.8868207931518555,6.434460163116455,2.2089691162109375,0.36835792660713196,-2.0299394130706787,-3.457151412963867,-5.443707466125488,6.102778434753418,-3.3830373287200928,-4.583700656890869,3.9367690086364746,-2.3040575981140137,-2.1778528690338135
6b6f122ef,-6.92050313949585,-1.62675940990448,-2.7028164863586426,2.985631227493286,-6.72899055480957,-3.793076515197754,-0.39525312185287476,5.290404796600342,-6.203638076782227,-1.6527752876281738,-1.67511785030365,3.1825783252716064,-5.390885829925537,-3.955103635787964,-4.216319561004639,1.2517733573913574,2.483576774597168,-1.832904577255249,-5.4500532150268555,1.5005885362625122,0.8630167841911316,-6.1927947998046875,-2.150515556335449,-3.4640276432037354
6ba56d580,-3.2951645851135254,-1.165641188621521,-2.592674732208252,2.5231199264526367,-4.011478900909424,-2.003401041030884,0.2592700123786926,4.1324992179870605,-4.340624809265137,-0.8913143873214722,0.3419020175933838,3.706214427947998,-2.5241341590881348,-4.123342037200928,-1.4848829507827759,0.7593420147895813,-0.5615907907485962,-0.605282187461853,-2.117436408996582,-0.40198221802711487,0.5228042602539062,-3.81394100189209,-1.230913758277893,0.5988689661026001
6bae6bb3f,-4.613250255584717,-0.41492053866386414,-3.0516231060028076,1.7916183471679688,-4.191030025482178,-3.1703920364379883,1.837296485900879,0.18943864107131958,-5.009970664978027,0.9482458829879761,-0.4503863453865051,1.6959060430526733,-3.167057514190674,-3.83486270904541,-2.5832252502441406,2.2021126747131348,2.8432462215423584,2.1655523777008057,-3.7974190711975098,-0.894415020942688,0.8515849113464355,-5.069548606872559,-1.8819117546081543,0.20469993352890015
6be4c02d4,-2.5357234477996826,0.7800741195678711,3.354641914367676,2.147834300994873,-1.6517146825790405,1.2746586799621582,0.258342444896698,4.20550537109375,-1.959093451499939,0.45053794980049133,0.2647925019264221,2.703902006149292,-0.03483985364437103,-2.0472404956817627,0.5327844023704529,1.2615747451782227,-1.7735785245895386,-0.12270404398441315,-0.36227530241012573,1.2017242908477783,1.371717095375061,-1.588993787765503,3.8994717597961426,0.3377532660961151
6becbad51,-0.11834879964590073,-0.3069213628768921,0.2723226249217987,5.309680461883545,0.9206249713897705,0.598201334476471,-3.9807097911834717,-1.2656564712524414,4.352246284484863,-2.0556631088256836,-1.8889203071594238,-1.7415598630905151,5.831547737121582,0.5872740745544434,-0.3631708323955536,-1.2570490837097168,-3.814082622528076,-4.380526542663574,5.737513065338135,-2.1079907417297363,-2.8878448009490967,1.4340298175811768,6.851034641265869,0.8578313589096069
6c0c838b2,-1.3033329248428345,-1.6183509826660156,-3.799697160720825,4.055026531219482,-1.5460938215255737,-0.8910694122314453,-5.1595940589904785,-1.9803640842437744,-1.395364761352539,-3.3800363540649414,-1.5540777444839478,-4.3329620361328125,3.3317089080810547,-2.775153398513794,-1.2411359548568726,-1.756219506263733,-5.203911304473877,-6.057673931121826,4.689440727233887,-3.786609172821045,-4.5887627601623535,-2.0369837284088135,-1.131017804145813,4.549534797668457
6c113beb2,-5.128838062286377,-1.8559966087341309,-0.9884671568870544,-2.8958959579467773,-5.150709629058838,-2.544525384902954,0.17767401039600372,4.598127365112305,-5.150812149047852,1.1495743989944458,0.23233257234096527,3.7348897457122803,-3.3150148391723633,-4.804129123687744,-2.1553869247436523,-0.48046422004699707,-1.1000845432281494,-0.630317211151123,-3.25683856010437,1.3079686164855957,5.811849594116211,-5.452432155609131,-2.301842212677002,-3.2437186241149902
6c39a091e,-3.6018013954162598,-0.8144171237945557,-1.2341395616531372,0.4719473719596863,-3.934124708175659,-2.688535213470459,1.8823509216308594,0.2783128023147583,-4.9051384925842285,0.39232808351516724,-0.10916741192340851,3.0419750213623047,-3.3965325355529785,-3.8951122760772705,-2.2398409843444824,1.924128532409668,1.5373071432113647,0.5898368954658508,-2.966691017150879,-0.9887465238571167,1.1008800268173218,-4.679570198059082,-1.8934235572814941,-0.7394633293151855
6c7eabc0f,-6.818717002868652,-0.4849494993686676,-3.494274139404297,3.039151906967163,-6.267160415649414,-4.221037864685059,-1.982791781425476,4.182928085327148,-6.532011032104492,-2.463392734527588,-2.4976742267608643,0.818997323513031,-5.48148775100708,-2.690476179122925,-5.414022922515869,0.8050478100776672,4.3556928634643555,-3.475367546081543,-5.656032562255859,1.0028361082077026,1.200842022895813,-5.581954002380371,-2.608887195587158,-4.2987380027771
6c860fd6c,-8.22854995727539,-1.1805709600448608,-6.696116924285889,2.469531297683716,-7.95004940032959,-6.1817779541015625,-0.395405650138855,5.9377031326293945,-6.960841178894043,-2.5122432708740234,-1.4938533306121826,4.84361457824707,-6.735036849975586,-4.923727035522461,-5.740948677062988,1.7181974649429321,3.65936017036438,-1.6105051040649414,-7.681744575500488,-0.366984486579895,0.21937742829322815,-7.2844414710998535,-2.2802412509918213,-4.479888916015625
6c9a8a0d2,-6.966637134552002,-5.880588054656982,-3.2961349487304688,5.203039169311523,-2.0972073078155518,1.5264720916748047,-3.970682382583618,-5.0689167976379395,-2.942246437072754,-4.438006401062012,-1.0006344318389893,-5.980335712432861,3.3271822929382324,-3.7374234199523926,-6.201505661010742,-3.5636909008026123,-6.330610752105713,-4.954479217529297,2.3989245891571045,-2.8440675735473633,-2.6221671104431152,-5.373867988586426,-0.8110246062278748,4.537229537963867
6cacd1ead,-3.44232177734375,0.48956722021102905,-1.702007532119751,3.002054214477539,-1.6936830282211304,-0.8269878029823303,-0.030314791947603226,0.8559019565582275,-3.991530656814575,0.7440394759178162,0.22063744068145752,0.6848739385604858,-2.6195263862609863,-2.3949153423309326,-0.27761614322662354,-0.048406705260276794,-0.20664626359939575,-0.15216563642024994,-1.8277268409729004,-1.5246165990829468,0.7484326958656311,-1.6204582452774048,-1.4531432390213013,0.29201173782348633
6cb435384,-5.21474552154541,-2.2793502807617188,-1.76986825466156,-2.8362276554107666,-5.967188835144043,-3.354161024093628,-0.3478047847747803,5.181392669677734,-5.137965202331543,-1.962856650352478,-0.8187857270240784,4.615699291229248,-4.27522611618042,-4.792832374572754,-4.20098876953125,0.24012570083141327,-1.3670920133590698,-2.4492006301879883,-3.9884891510009766,0.429531067609787,0.5746092796325684,-6.442473888397217,-0.8147973418235779,-3.2298684120178223
6cd0c5f0a,5.528956413269043,-4.686169624328613,-5.632030487060547,4.570934295654297,-4.219509601593018,-4.273065090179443,-7.369865894317627,-3.1671805381774902,2.3711276054382324,-6.055440902709961,-0.5610162615776062,-7.695920944213867,4.223175525665283,-4.371201038360596,-5.6764912605285645,-3.5264008045196533,-9.22137451171875,-10.45076847076416,7.559065818786621,-6.993261337280273,-8.644362449645996,-4.6665167808532715,-2.4364173412323,1.1923526525497437
6d182bbc9,-3.1572048664093018,-3.618870735168457,-4.246133327484131,6.147825241088867,0.3647877871990204,5.3891096115112305,-6.058732032775879,-3.5585947036743164,0.9933539628982544,-4.966828346252441,-2.638228416442871,-5.7528486251831055,6.339426040649414,-0.21998846530914307,-3.1591079235076904,0.5608674883842468,-7.03043794631958,-7.412186145782471,5.908419132232666,-4.1183295249938965,-5.282442569732666,-1.097881555557251,-0.4383859932422638,2.4232029914855957
6d57eea35,-2.6898252964019775,2.743628978729248,-1.0543522834777832,3.187047243118286,-3.3732967376708984,-2.1898677349090576,-1.769748330116272,-1.039193868637085,-4.245216369628906,-1.019347906112671,-1.9157190322875977,-1.1959271430969238,-2.346656322479248,-0.3687416911125183,-3.7903780937194824,-0.7803985476493835,6.193380832672119,-1.839482069015503,-2.0477612018585205,-0.6215164065361023,0.2378956526517868,-3.6739463806152344,-2.6595818996429443,-2.4835734367370605
6d6752935,-4.258103370666504,-0.770317554473877,-2.476694107055664,0.12834961712360382,-4.296292781829834,-3.405118227005005,1.4110496044158936,2.6744985580444336,-4.1188459396362305,0.49020740389823914,-0.11178809404373169,3.955686569213867,-3.7644505500793457,-3.584824800491333,-2.5121572017669678,0.2882497310638428,0.807050883769989,0.7666230797767639,-3.8367342948913574,-1.1718358993530273,0.8012226819992065,-4.773130893707275,-1.2781398296356201,-0.08980242162942886
6d67cb361,-2.274784564971924,0.6401405334472656,5.36993408203125,2.1982336044311523,-1.777902603149414,0.0564742237329483,-1.2431975603103638,-0.7129020690917969,-2.7258386611938477,-0.05637218803167343,-1.4763282537460327,-1.0409018993377686,0.8708956837654114,-0.490541934967041,-0.897210955619812,2.076449394226074,-1.7609244585037231,-1.32997727394104,0.05373702943325043,0.8829845190048218,-0.06136311590671539,-2.345982074737549,-0.8932570815086365,-1.2561546564102173
6d932f64a,-5.639721393585205,-2.2425003051757812,-3.3011233806610107,3.2415273189544678,-5.358500003814697,-2.7153568267822266,1.0797823667526245,4.690288543701172,-5.476685523986816,-1.7963597774505615,-0.07927429676055908,4.9456610679626465,-4.428133010864258,-5.0756940841674805,-1.4035052061080933,2.6343324184417725,-1.5701892375946045,-2.0801632404327393,-3.7485170364379883,-0.560429036617279,0.18017804622650146,-5.252646446228027,-1.0214858055114746,-1.6949107646942139
6da21a6db,-4.011967182159424,-0.5904735922813416,-0.5747573971748352,-2.799152374267578,-4.5759382247924805,-2.526416778564453,0.5100957155227661,-0.8429345488548279,-5.2485833168029785,0.8474651575088501,-1.370206594467163,0.11327441781759262,-3.6285903453826904,-3.772411346435547,-3.1501388549804688,-1.345863938331604,2.037583112716675,-0.3493120074272156,-2.6431081295013428,-0.9227304458618164,1.3410731554031372,-5.440065383911133,-4.049497604370117,-2.1568286418914795
6dad5ba07,-3.6755735874176025,3.117894411087036,1.295562505722046,4.729869842529297,-0.9369958639144897,1.6364591121673584,-3.599095344543457,2.7001070976257324,-4.114872455596924,-0.12407389283180237,-2.4195642471313477,-2.6818771362304688,-1.2297139167785645,1.1709104776382446,0.22573700547218323,2.2988691329956055,-1.5276944637298584,-2.527041435241699,-0.8211216926574707,-1.1295827627182007,-0.8949783444404602,1.3091983795166016,-1.9861986637115479,-3.3228108882904053
6db174e0c,4.83679723739624,-4.442209243774414,-5.964574813842773,4.256782054901123,-3.160620927810669,-4.711236476898193,-7.22198486328125,-3.638437509536743,1.8357374668121338,-5.425017833709717,-1.6585302352905273,-7.72844934463501,4.649105548858643,-3.875213384628296,-5.107631206512451,-3.8217740058898926,-8.13271713256836,-9.877762794494629,7.1333794593811035,-6.7526350021362305,-8.567001342773438,-3.4442431926727295,-3.0470941066741943,0.9750714898109436
6db23a946,-0.8191253542900085,-0.5426729917526245,-3.0499823093414307,6.0733842849731445,3.324951648712158,-1.5881521701812744,-6.476497650146484,-2.7243921756744385,1.2838218212127686,-2.2283577919006348,-5.2769856452941895,-5.395809173583984,7.067468643188477,2.66036057472229,-0.1340370774269104,-2.579273223876953,-5.29421329498291,-7.059113025665283,6.410924434661865,-4.295798301696777,-5.429746150970459,3.434756278991699,-1.6165554523468018,-1.8987510204315186
6de189e9d,4.224276542663574,4.275719165802002,-1.0595300197601318,3.6049489974975586,0.3136850595474243,-2.046781063079834,-1.1725457906723022,-0.23150460422039032,-1.3762803077697754,1.3594646453857422,-0.7121379375457764,-0.9127553105354309,3.2026541233062744,-0.9314152598381042,-0.43256574869155884,3.6761727333068848,-2.0134470462799072,-3.245724678039551,3.5097579956054688,-2.634073257446289,-3.260706663131714,-0.11049284040927887,-0.6497182250022888,1.6872053146362305
6e1646f0b,-4.011364936828613,-0.4514491558074951,-0.6033905744552612,3.7350926399230957,-1.7602729797363281,2.3953816890716553,-1.9737732410430908,3.284231662750244,-2.618162155151367,0.19609710574150085,-0.6801027655601501,-0.2695969343185425,0.7974718809127808,-1.410866379737854,0.0911344513297081,1.9156326055526733,-2.426497220993042,-1.150600552558899,0.40418753027915955,-0.33170923590660095,1.5283453464508057,-1.508496642112732,-0.12210822105407715,-2.597601890563965
6e851ea36,-1.0402933359146118,-2.896867513656616,-3.9134864807128906,6.213040351867676,2.3461482524871826,-0.08716332912445068,-6.839252471923828,-3.7413103580474854,5.564037322998047,-3.4638376235961914,-3.1731925010681152,-5.458529472351074,6.846436977386475,1.7004241943359375,-0.7907454967498779,-2.5461068153381348,-5.6226959228515625,-6.735802173614502,6.71147346496582,-4.618067741394043,-5.149629592895508,2.6992053985595703,0.5355746746063232,-0.9894249439239502
6e859b763,-2.39365553855896,3.40750789642334,3.289691925048828,5.145984649658203,-0.9447273015975952,-0.437396377325058,-3.2105748653411865,0.657573401927948,-2.1715734004974365,-0.48169565200805664,-1.596793293952942,-1.2132993936538696,-1.2301241159439087,-0.589624285697937,-0.10702241957187653,0.2657198905944824,-0.4502137303352356,-2.688671350479126,-0.7947757840156555,-1.228963017463684,-1.3584319353103638,1.5333033800125122,5.031124591827393,-0.34896862506866455
6e8a6cdfe,-6.46500301361084,-3.3615307807922363,-4.149214744567871,5.874791145324707,-2.047449827194214,1.3140461444854736,-1.5235340595245361,-2.546339988708496,-5.122857093811035,-1.0931692123413086,0.6642957329750061,-3.433741569519043,0.3027626574039459,-5.089695453643799,-2.9961423873901367,-1.4233530759811401,-4.437389373779297,-1.8455171585083008,0.1540765017271042,-2.7073230743408203,-0.6338317394256592,-5.162420272827148,-1.8886269330978394,5.798858165740967
6e8b08ce8,-6.997815132141113,-4.1823649406433105,-3.7623581886291504,5.774110317230225,-1.7587769031524658,3.3853163719177246,-2.1503021717071533,-3.3387582302093506,-4.991821765899658,-2.4547128677368164,1.625637173652649,-3.7413222789764404,0.5702097415924072,-5.038301944732666,-3.4495127201080322,-2.216041088104248,-5.803722381591797,-3.147088050842285,1.0194190740585327,-2.938138723373413,-0.9313185214996338,-4.977534294128418,-1.0022233724594116,5.132213592529297
6ecc35443,-2.1701788902282715,0.42640960216522217,-1.2396068572998047,1.5234171152114868,-1.9113901853561401,-1.4454766511917114,0.7573248147964478,1.4420430660247803,-3.77553653717041,0.38846591114997864,0.3760428726673126,3.1226444244384766,-2.547703266143799,-3.4606618881225586,2.4617996215820312,2.334437370300293,-2.654252052307129,-0.19202232360839844,-0.5004262328147888,-0.9974349737167358,-0.329447865486145,-2.7241992950439453,0.1232796385884285,-0.45322588086128235
6eda19391,-0.12964549660682678,-6.031075954437256,-5.402012348175049,5.352356433868408,-3.357703685760498,-2.543119430541992,-8.211379051208496,-5.128794193267822,0.10158421099185944,-6.9758758544921875,-2.630976676940918,-8.609814643859863,5.801621437072754,-3.2589190006256104,-5.844150543212891,-3.7453901767730713,-8.564523696899414,-10.320744514465332,6.915075302124023,-6.65859317779541,-7.89188289642334,-4.502336025238037,-1.906102180480957,1.2973490953445435
6ef4eb565,-0.930538535118103,-1.4862722158432007,-5.02638053894043,6.247067928314209,4.4980573654174805,-1.154807209968567,-6.708781719207764,-3.2476441860198975,4.986825466156006,-1.4138351678848267,-4.7076416015625,-4.841867923736572,7.510557174682617,2.485902786254883,0.5113717913627625,-2.723538398742676,-4.674126625061035,-5.795176982879639,6.950003623962402,-5.2680816650390625,-5.355839729309082,4.537581443786621,-0.864780068397522,-0.9556659460067749
6f8d040b9,-1.3797271251678467,-3.437196969985962,-3.3032684326171875,5.4860920906066895,-0.6140918135643005,0.5546729564666748,-6.726615905761719,-3.667086124420166,3.6681389808654785,-5.03438663482666,-2.205700159072876,-6.201553821563721,6.077956676483154,-0.7837019562721252,-2.1349682807922363,-2.5429983139038086,-6.410392761230469,-7.329111099243164,6.03340482711792,-4.055277347564697,-5.347227096557617,-0.5999408960342407,0.10764627158641815,-0.25952351093292236
6f96804da,-1.6608974933624268,-2.1005351543426514,-1.9134317636489868,4.801215171813965,-0.1120399534702301,0.5888727307319641,-5.284933090209961,-2.993687629699707,2.5907535552978516,-3.041999340057373,-2.0956621170043945,-4.801300048828125,5.3221282958984375,-0.18826033174991608,-0.6830530762672424,-1.6654661893844604,-5.583677291870117,-5.333770751953125,5.2808122634887695,-2.7415173053741455,-3.5759196281433105,0.21151994168758392,-0.012010045349597931,-0.700995683670044
6f976878c,-3.4346256256103516,-1.1649847030639648,4.9495415687561035,3.3446202278137207,-0.9844866991043091,2.322596788406372,-2.0721704959869385,-0.8170949220657349,-3.0868921279907227,-1.8326278924942017,-0.5979049801826477,-1.8457423448562622,2.9177424907684326,-1.68221914768219,-2.344762086868286,-0.012107595801353455,-3.5940394401550293,-2.7297468185424805,1.6713097095489502,0.38421356678009033,0.041745178401470184,-3.474506378173828,0.5885617733001709,2.279179096221924
6fa69ce64,-2.1622865200042725,-2.946246385574341,-3.283562183380127,4.8926239013671875,-2.612774133682251,-2.0201869010925293,-6.371300220489502,-3.3096909523010254,0.014915447682142258,-4.461785316467285,-3.060657024383545,-6.408278942108154,4.698793411254883,-2.400747776031494,-1.8114851713180542,-2.1837713718414307,-5.783328056335449,-7.059205055236816,5.192852973937988,-4.897500038146973,-5.65659236907959,-2.348747730255127,-1.478826642036438,-0.6578914523124695
6fcaf6dbc,6.09136962890625,-5.455196380615234,-5.609498977661133,4.266551494598389,-2.5072250366210938,-4.697202205657959,-7.66411018371582,-3.3397717475891113,4.471530914306641,-5.725095748901367,-0.9598943591117859,-7.347461223602295,4.269092559814453,-3.1104838848114014,-5.074280261993408,-4.486618995666504,-7.69654655456543,-9.50844955444336,8.08218002319336,-6.132233142852783,-8.485583305358887,-2.4905686378479004,-2.818774461746216,0.4423976540565491
6fe7a5f5e,-3.2665047645568848,-0.4671879708766937,0.30727100372314453,0.9668759703636169,-2.022444009780884,-0.864113450050354,0.16649730503559113,0.5022383332252502,-3.4337151050567627,1.0737308263778687,0.7183430194854736,3.01993465423584,-1.085633635520935,-1.916416883468628,-1.3763887882232666,-0.2646135985851288,-0.29156652092933655,0.23956000804901123,-0.7378862500190735,-0.22951875627040863,2.1474225521087646,-2.4212889671325684,-1.3556472063064575,-0.6601840257644653
700df7012,-3.0716471672058105,1.0710349082946777,-0.33085641264915466,1.8089184761047363,-2.896014451980591,-1.570312738418579,0.7476929426193237,2.0952272415161133,-3.9184181690216064,0.5775806903839111,-1.1527070999145508,0.8902245759963989,-2.851738929748535,-1.8860565423965454,-2.281538724899292,0.9392639994621277,2.987297534942627,0.33002904057502747,-2.596818447113037,0.6272432804107666,1.3274009227752686,-2.9227097034454346,-2.0262234210968018,-0.5669326186180115
70384f847,-2.174989938735962,-1.6682450771331787,-0.31668347120285034,4.186352729797363,-1.2352020740509033,4.63194465637207,-3.855473518371582,2.3598785400390625,-0.5413821339607239,-2.0268146991729736,-2.0507009029388428,-2.3681018352508545,3.693264961242676,-1.02321457862854,-1.1587352752685547,0.565576434135437,-4.506289958953857,-3.49588942527771,4.890834808349609,-0.8044296503067017,-0.8383643627166748,-2.1029160022735596,-0.7217697501182556,-0.777841329574585
705b77383,-6.070036888122559,3.723609685897827,-5.577220916748047,5.872138500213623,-3.382406711578369,-3.0529356002807617,-5.141674995422363,4.498331069946289,-7.409964561462402,-2.9962456226348877,-4.25827693939209,-1.9380258321762085,-6.447353839874268,-3.8238635063171387,6.447109699249268,3.9093382358551025,-3.8434386253356934,-6.384758949279785,-2.783472776412964,-4.3522114753723145,-5.304316520690918,-0.7812635898590088,-1.2132463455200195,-4.157865524291992
70653d037,-5.394712924957275,-4.573250770568848,-4.76163387298584,6.522487163543701,-0.9226871728897095,1.734649419784546,-4.72321081161499,-4.145327091217041,-2.404268741607666,-4.001330375671387,-0.8747289180755615,-6.195677757263184,4.170475482940674,-3.4998087882995605,-4.19984245300293,-3.317728281021118,-7.135754108428955,-5.942999362945557,3.524275302886963,-4.026391983032227,-3.8274872303009033,-3.996065855026245,-0.40054184198379517,5.42535400390625
708b4b240,-3.406580686569214,-1.4327671527862549,-1.0282971858978271,4.839991569519043,0.36411163210868835,0.5211454033851624,-1.5327216386795044,-1.743749976158142,-2.921448230743408,-0.5819770097732544,-0.4053938090801239,-2.4335808753967285,3.045588970184326,-3.9192726612091064,-1.433781385421753,-2.7539491653442383,-4.441909313201904,-1.9967079162597656,2.0180552005767822,-2.1476597785949707,-1.3149139881134033,-2.1372244358062744,-1.3824889659881592,5.144284725189209
708c774b9,-4.175247669219971,-1.097264289855957,-2.5516700744628906,2.4823269844055176,-4.542781829833984,-2.2375309467315674,1.725836992263794,2.814326524734497,-5.075200080871582,2.0089423656463623,0.4790903925895691,2.7551610469818115,-3.0978174209594727,-4.423746109008789,-1.6531860828399658,2.7891201972961426,0.2151249349117279,2.6864004135131836,-2.990206241607666,-0.597863495349884,0.8597615957260132,-4.761717796325684,-1.2464759349822998,0.3019076883792877
708f81747,-3.257750988006592,-3.399409294128418,-4.331324577331543,5.227488994598389,-1.9032684564590454,-2.5542523860931396,-8.038293838500977,-3.9975738525390625,-0.9117527604103088,-5.261663436889648,-3.778167486190796,-7.496945381164551,4.887566089630127,-2.6284265518188477,-1.8778860569000244,-2.6682655811309814,-7.221129417419434,-8.717761993408203,5.38232946395874,-6.269750595092773,-6.62302303314209,-1.4609904289245605,-2.5723180770874023,-0.7001563310623169
70ceac163,-0.02829645946621895,-1.1471574306488037,-1.5181814432144165,3.165355920791626,-0.9981589317321777,0.1267899125814438,-2.82468318939209,-1.1080597639083862,-2.0087456703186035,-1.4468233585357666,-0.5213221311569214,-3.036365509033203,2.2206761837005615,-2.3137145042419434,-0.6150884628295898,-0.9639259576797485,-3.9768707752227783,-3.661900520324707,3.807413339614868,-1.9182685613632202,-1.7616963386535645,-1.925506353378296,-1.1968584060668945,1.7303739786148071
71102761d,-5.217896461486816,0.34883442521095276,-2.0823957920074463,5.4891133308410645,-3.5770442485809326,-0.284751296043396,-2.4873900413513184,3.907832622528076,-5.426126003265381,-0.9440636038780212,-0.48849165439605713,-0.7269344329833984,-3.9052305221557617,-2.966841220855713,0.4168080687522888,1.3882471323013306,-1.8251696825027466,-3.101691246032715,-2.468501091003418,-1.9568134546279907,0.014194220304489136,-1.8954976797103882,-1.7965097427368164,-2.17475962638855
714512eb2,-3.5542402267456055,2.783855438232422,-3.7587831020355225,4.601573467254639,-2.842992067337036,-3.3049252033233643,-2.7777605056762695,-1.5724525451660156,-5.033878803253174,-1.5191469192504883,-1.7273476123809814,-2.792618989944458,-3.6399779319763184,-0.6076505184173584,-2.6603238582611084,-0.1710587441921234,3.703463077545166,-2.664889097213745,-3.7422146797180176,-3.9123640060424805,-2.154210090637207,-1.933520793914795,-1.6175750494003296,-1.4227573871612549
714ecd7cd,-3.659919023513794,2.2083067893981934,-3.7296879291534424,4.163318157196045,-2.3972015380859375,-2.973470687866211,-2.5744497776031494,-1.8016908168792725,-4.06939172744751,-0.2380644679069519,-2.179478168487549,-1.914743185043335,-2.1962013244628906,-0.32288026809692383,-2.6957650184631348,-0.12657684087753296,3.535935640335083,-0.5025766491889954,-2.544501543045044,-2.502153158187866,-1.800295114517212,-1.821951150894165,-1.7639858722686768,-1.8672658205032349
7164a292c,-6.075719356536865,4.346616268157959,-4.374617576599121,5.757045745849609,-4.630372047424316,-4.724773406982422,-4.60801362991333,-1.8966633081436157,-6.725056171417236,-3.115626811981201,-3.252734422683716,-3.9370150566101074,-6.405585289001465,-0.24633470177650452,-3.7205076217651367,-0.7078417539596558,6.538474082946777,-3.8294625282287598,-6.909881114959717,-4.947294235229492,-3.4887728691101074,-3.0874834060668945,-2.6048920154571533,-4.022693634033203
717853206,-3.565901756286621,-1.3852343559265137,-1.7472827434539795,1.5722025632858276,-3.247358560562134,-1.6828231811523438,1.1752291917800903,1.6489614248275757,-4.562184810638428,1.3458517789840698,1.040858507156372,1.1962312459945679,-2.144648790359497,-4.254452705383301,0.04114963114261627,3.087355613708496,-1.2961134910583496,0.03084500879049301,-1.9932353496551514,-0.6310120224952698,3.9178407192230225,-4.2065629959106445,-1.409609317779541,0.7762437462806702
718f2c55a,-3.5651817321777344,-0.8398865461349487,-3.5611701011657715,2.018277406692505,-3.381850481033325,-2.9991960525512695,1.0548691749572754,4.254075050354004,-4.881588935852051,0.4661039113998413,0.25789713859558105,4.817475318908691,-1.9703738689422607,-5.277321815490723,-0.42294859886169434,2.790271759033203,-1.9865825176239014,-0.11575262248516083,-2.2418081760406494,-0.6505845189094543,-0.7471305131912231,-5.153566837310791,0.003914244472980499,3.9107346534729004
71b8a2875,-0.24156461656093597,-3.3853352069854736,-4.292631149291992,4.218644618988037,-1.7509777545928955,-1.940065622329712,-6.909605026245117,-3.9142274856567383,-0.5585305094718933,-4.437356948852539,-2.1842570304870605,-6.604060649871826,5.07638692855835,-2.4773333072662354,-3.079916000366211,-2.6841654777526855,-7.303089141845703,-8.319682121276855,6.650272369384766,-5.218372821807861,-6.63107442855835,-2.9673242568969727,-1.9397376775741577,3.9289045333862305
71f95b9e0,-4.144417762756348,1.7434842586517334,2.958941698074341,4.126750946044922,-1.9474810361862183,1.5859510898590088,-4.128488540649414,1.8473269939422607,-4.431354522705078,-0.6568016409873962,-2.1256372928619385,-2.9289512634277344,-1.3537218570709229,-1.6732616424560547,-2.152523994445801,-0.29400625824928284,-1.7761038541793823,-2.5249555110931396,-1.6987433433532715,-1.0551118850708008,-0.5031572580337524,0.13532860577106476,-1.943009614944458,-1.5258586406707764
7229f26c3,-7.432880401611328,-2.494514226913452,-8.273984909057617,5.8006391525268555,-5.487857818603516,-4.212785243988037,-3.5083024501800537,5.880906105041504,-7.406685829162598,-4.411309242248535,-1.6644675731658936,4.286487579345703,-7.583004474639893,-6.415426254272461,-0.1340741515159607,0.8548188209533691,-3.525578498840332,-5.841725826263428,-3.533344268798828,-4.193233489990234,-2.8821728229522705,-4.931674957275391,-1.5134797096252441,-2.0590176582336426
7260e1bcb,6.306786060333252,5.548557281494141,-3.8459620475769043,4.973017692565918,-0.8214830756187439,-3.4616851806640625,-3.26175856590271,-1.5783244371414185,-2.2962684631347656,1.5316468477249146,-1.6953279972076416,-3.035069704055786,5.458034992218018,-1.936833143234253,-1.7135404348373413,4.029565811157227,-4.774478435516357,-6.830379009246826,6.132853984832764,-4.77506685256958,-6.318574905395508,-1.1827549934387207,-1.9510530233383179,3.776106357574463
72cff3541,-4.34912109375,-1.2981679439544678,-1.3015339374542236,-0.8451811075210571,-4.358980655670166,-1.7970463037490845,0.44137445092201233,1.7446130514144897,-4.821505069732666,0.24699079990386963,-0.6870922446250916,0.8630720376968384,-3.379737377166748,-3.808213710784912,-3.344564437866211,0.05752843618392944,1.0186288356781006,-0.21809065341949463,-3.759918689727783,0.04287470877170563,1.5452340841293335,-5.284533500671387,-2.788055896759033,-0.47735148668289185
72d7c1ddf,-4.872063159942627,-2.314824342727661,-0.2910262644290924,4.622284889221191,-0.4972679615020752,0.4727424085140228,-1.622387170791626,-1.3715903759002686,-3.511629104614258,-0.8479080200195312,-0.21300218999385834,-2.843203544616699,1.2372878789901733,-3.539454460144043,-2.1057510375976562,-2.1724836826324463,-3.4057953357696533,-1.1932836771011353,0.5160537958145142,-1.7618913650512695,-0.1442817747592926,-2.384068012237549,-1.8808196783065796,3.985401153564453
72e8bc7cb,-4.219244956970215,2.5599911212921143,-3.4924769401550293,4.3292388916015625,-3.1757121086120605,-4.20240592956543,-2.3619096279144287,-2.2998781204223633,-4.251603126525879,-1.4696522951126099,-2.462151527404785,-2.2519402503967285,-3.938037633895874,-1.2375738620758057,-3.1353421211242676,-1.311480164527893,5.275739669799805,-1.1543394327163696,-3.681062936782837,-2.5051822662353516,-1.5561274290084839,-2.304692506790161,-2.4181058406829834,-2.728943109512329
73022e436,-2.776916027069092,-4.255634784698486,-1.6371533870697021,-1.5920259952545166,-4.673763751983643,-2.0092997550964355,-3.5817344188690186,-2.3244519233703613,-3.3834800720214844,-3.2617998123168945,-1.0054137706756592,-2.7742462158203125,-0.7120203971862793,-4.656846046447754,-4.386349201202393,-2.803905963897705,-2.3691458702087402,-5.031957626342773,1.4214073419570923,-2.2242493629455566,-0.8016048669815063,-5.657039642333984,-3.329313039779663,-0.7497661113739014
731f955fd,-4.333871841430664,-2.0359485149383545,-2.5171327590942383,5.74034309387207,-1.163199782371521,0.9151331186294556,0.20489291846752167,-1.3273892402648926,-3.3869380950927734,-0.6134023666381836,6.061760902404785,-0.9777407646179199,1.8802030086517334,-3.9125688076019287,-1.779524326324463,-1.4723137617111206,-3.4065709114074707,-1.417604684829712,1.2809826135635376,-2.120164394378662,1.3300491571426392,-2.735483407974243,-0.6178377270698547,5.059840679168701
7322733f3,-5.107776641845703,2.6866073608398438,-3.942582130432129,4.088078498840332,-4.293745994567871,-4.441332817077637,-1.4547393321990967,-2.1265664100646973,-5.810299873352051,-1.5285602807998657,-1.909792184829712,-1.769533634185791,-5.133007526397705,0.6333020329475403,-4.330331325531006,0.37586677074432373,5.989673614501953,-0.7969934940338135,-5.569273948669434,-3.0857505798339844,-1.3277263641357422,-4.465464115142822,-2.1100478172302246,-1.793448567390442
73afe835f,-4.168513298034668,0.37903425097465515,-0.04008680582046509,-0.3895714282989502,-3.9258322715759277,-1.987163782119751,-0.23198093473911285,2.540566921234131,-5.149378776550293,1.1329212188720703,-1.4162952899932861,0.15213175117969513,-3.3877956867218018,-2.1896588802337646,-3.2344865798950195,-0.7985741496086121,2.265857219696045,0.3768816292285919,-3.104555606842041,0.8993587493896484,1.6984994411468506,-4.6315717697143555,-3.466710329055786,-2.013310432434082
73c569158,-2.42287015914917,-0.5915199518203735,-1.2307636737823486,0.1053173691034317,-3.3446078300476074,-1.1253135204315186,0.8588106632232666,-0.059622153639793396,-3.4149646759033203,0.10691545903682709,-0.03477475047111511,0.3210097551345825,-2.047959327697754,-3.70894193649292,0.018202289938926697,2.621917963027954,-0.911749005317688,-0.19444112479686737,-1.7621147632598877,-0.6875947713851929,0.5941449999809265,-3.5516934394836426,-1.3030327558517456,-0.09817689657211304
73d6e4645,-6.175039768218994,-1.674672245979309,-3.7084600925445557,2.861278533935547,-5.687138557434082,-3.1902716159820557,0.9983265995979309,4.892584800720215,-5.6853556632995605,0.21538440883159637,-0.16952593624591827,4.0938849449157715,-3.9368667602539062,-4.66792631149292,-1.4426202774047852,2.342683792114258,-0.735264241695404,0.6596856117248535,-4.363158702850342,-0.12932075560092926,0.7764599919319153,-5.088387966156006,-1.8905048370361328,-2.3087871074676514
7434dedf6,-5.876761436462402,-3.6018877029418945,-5.686254978179932,5.645604133605957,-1.3286436796188354,1.5658327341079712,-4.16190242767334,-2.595019817352295,-4.015648365020752,-3.382469892501831,-0.5451716184616089,-4.7514238357543945,1.1998555660247803,-3.612804412841797,-1.9517418146133423,-2.0167396068573,-6.040199279785156,-4.781207084655762,2.1021828651428223,-3.7452683448791504,-3.3592700958251953,-3.1795401573181152,-1.1679480075836182,5.311710357666016
7443d5207,-4.726768493652344,0.4714187979698181,-6.633223533630371,5.070417881011963,-0.8553263545036316,-2.273118734359741,-4.929276466369629,-0.250970721244812,-5.512063503265381,-3.6462955474853516,-2.6535937786102295,-2.1721692085266113,-4.165345668792725,-4.330686092376709,8.39553451538086,3.372171401977539,-6.2915215492248535,-6.94053840637207,2.1571707725524902,-5.035592555999756,-5.288370609283447,-0.5327189564704895,-0.33042681217193604,-0.4462239146232605
745513573,2.5488462448120117,3.263061761856079,0.25879204273223877,2.2543017864227295,-0.7164031267166138,-1.0351715087890625,0.526488721370697,0.9008955359458923,-2.0623929500579834,3.5788562297821045,0.9897303581237793,1.4797581434249878,0.08074135333299637,-1.4240350723266602,0.9142844676971436,0.9035263061523438,-1.22176992893219,1.5631951093673706,2.36838960647583,-0.5784093737602234,-0.5259360074996948,-1.076790452003479,-1.5596551895141602,0.20837178826332092
7483a2e79,-3.754815101623535,4.0819993019104,-5.252549171447754,4.906517028808594,-1.2225494384765625,-3.216095447540283,-5.8155646324157715,0.33081644773483276,-4.991866588592529,-2.0979888439178467,-3.397155523300171,-3.332092761993408,-4.6680803298950195,-2.231736660003662,4.834837436676025,-0.15951290726661682,-1.364915132522583,-5.268186569213867,-1.2166342735290527,-4.712276458740234,-5.385341644287109,0.9633394479751587,0.08924926817417145,-2.0627198219299316
75094bb01,-2.069713592529297,0.47919923067092896,-0.3921416401863098,1.0375711917877197,-1.8482229709625244,-0.18372711539268494,1.4773207902908325,0.4057711362838745,-2.871403455734253,1.6394755840301514,-0.07808119803667068,1.0903111696243286,-1.3917667865753174,-1.9387292861938477,-1.1501250267028809,1.7171006202697754,0.9051244258880615,1.7121250629425049,-1.1026690006256104,-0.5283044576644897,0.6859261393547058,-2.151747226715088,-1.7551246881484985,-0.20459575951099396
750bb6448,-2.0392582416534424,-0.47789961099624634,2.56337308883667,2.1226346492767334,-3.469864845275879,-1.179062843322754,-0.4297299385070801,0.5891633033752441,-3.5491223335266113,-1.0761175155639648,0.6150025725364685,0.9804655313491821,-1.5300391912460327,-3.053574562072754,-2.7408056259155273,0.14884905517101288,-1.3056068420410156,-1.8520514965057373,-1.7770063877105713,-0.11002737283706665,1.0469143390655518,-4.014179229736328,-1.1972599029541016,-0.599184513092041
75362fb89,-6.7828874588012695,1.9260709285736084,-5.080414772033691,4.935954570770264,-5.367691516876221,-3.440855026245117,-2.1781420707702637,4.169959545135498,-6.565365791320801,-2.607215642929077,-3.2831814289093018,-0.1277703046798706,-4.889937400817871,-1.2781802415847778,-2.8061165809631348,2.9314217567443848,4.276920795440674,-2.866746425628662,-5.802239894866943,-1.369282841682434,-1.2532613277435303,-4.618358135223389,-2.1508402824401855,-3.5532712936401367
7586f270f,-6.244001388549805,1.3574836254119873,-6.621509552001953,5.933467388153076,-4.655753135681152,-4.351553440093994,-0.43843376636505127,4.386805534362793,-7.31251859664917,-2.8260374069213867,-2.3724923133850098,1.3557608127593994,-5.9885406494140625,-6.423657417297363,7.487351417541504,4.206481456756592,-4.42501163482666,-4.851531982421875,-2.666130542755127,-3.14304780960083,-4.2896223068237305,-3.713385581970215,-1.1927471160888672,-3.9891483783721924
763ef52a9,-4.986370086669922,-0.5320757031440735,-6.337702751159668,4.20228385925293,0.43977755308151245,-2.9307751655578613,-7.895931243896484,-1.748482584953308,-4.037313938140869,-3.8981828689575195,-3.822730302810669,-4.46378755569458,-2.256866455078125,-4.119341850280762,6.824158668518066,-2.576449394226074,-6.789918899536133,-7.887514591217041,3.8906311988830566,-5.579286575317383,-6.0226359367370605,2.4951868057250977,-1.8111332654953003,-0.8629000186920166
767a7d7a9,-2.4761643409729004,-3.658766269683838,-5.255283355712891,5.239925384521484,-2.0848004817962646,-2.0578176975250244,-7.5208024978637695,-3.873948574066162,-1.1791534423828125,-5.27775764465332,-3.139162302017212,-7.058957576751709,4.744851112365723,-2.6685383319854736,-2.5362443923950195,-1.9727364778518677,-6.970274448394775,-8.0569486618042,5.8124260902404785,-5.802842140197754,-6.302619934082031,-2.4896962642669678,-1.5560076236724854,0.22739093005657196
767e3787c,-3.8078126907348633,3.176351547241211,-2.524749279022217,5.508735656738281,-0.1367412507534027,-1.670555591583252,-4.874142646789551,-0.7946380972862244,-3.5898594856262207,-1.0775691270828247,-3.001634359359741,-3.582958221435547,-2.6038808822631836,-0.17125310003757477,1.065756916999817,-0.28513187170028687,0.39032748341560364,-3.4856996536254883,-1.6841387748718262,-4.077592849731445,-3.1286256313323975,2.4493534564971924,-1.1009784936904907,-2.570267915725708
76b3bef7a,-6.567808151245117,-2.4083545207977295,-4.62560510635376,1.688785195350647,-6.502048969268799,-4.296279430389404,0.3763008117675781,4.541306972503662,-5.712957382202148,-1.674448847770691,-0.7674447298049927,5.28212833404541,-5.371158599853516,-5.090853214263916,-4.7126569747924805,0.6860389709472656,1.564685583114624,-0.6970048546791077,-5.92988920211792,0.02249116450548172,0.5681596994400024,-6.404164791107178,-1.5705913305282593,-1.879730224609375
76bc9615b,-5.030018329620361,3.453068494796753,0.7067315578460693,5.809497833251953,-1.0007859468460083,3.1174871921539307,-4.086007118225098,3.366176128387451,-4.676222801208496,-0.7728265523910522,-3.0005440711975098,-3.1597955226898193,-2.083141803741455,-0.801007091999054,-0.11653830111026764,3.1171932220458984,-1.5570430755615234,-3.4473466873168945,-2.025460720062256,-1.8011298179626465,-1.0256798267364502,1.9755388498306274,-2.3321762084960938,-3.7387940883636475
76cddc646,-3.907917022705078,-0.5052614808082581,-1.1329562664031982,2.4406375885009766,-2.8976099491119385,-1.2287328243255615,1.3022493124008179,0.2452661395072937,-4.280560493469238,1.2032257318496704,0.0014058947563171387,1.2574665546417236,-2.5045278072357178,-3.174506187438965,-1.6431514024734497,1.1559449434280396,0.6061900854110718,1.0670216083526611,-2.5195538997650146,-1.0680862665176392,0.8791012167930603,-3.838585376739502,-2.085758686065674,-0.08788874745368958
772929215,-3.089308023452759,2.1301403045654297,0.332879900932312,4.453763008117676,-1.2587001323699951,3.3548622131347656,-1.9560139179229736,3.319594383239746,-4.627574920654297,0.9054101705551147,-0.14407393336296082,-1.4955179691314697,-2.1568946838378906,-2.129147529602051,0.219095841050148,0.8159744739532471,-2.532805919647217,-1.5051474571228027,-1.020261287689209,-1.0852251052856445,0.5220454335212708,-1.4883418083190918,-1.7289873361587524,-0.9640812873840332
773710e15,-4.87070894241333,1.0357928276062012,-5.8717522621154785,4.667933464050293,0.31378236413002014,-2.7648184299468994,-6.531721591949463,-1.0647692680358887,-4.503810405731201,-3.1520376205444336,-3.297122001647949,-3.201974868774414,-4.59515905380249,-3.086017370223999,7.0779805183410645,-0.8419975638389587,-5.147233009338379,-6.647021293640137,1.7935388088226318,-4.704949378967285,-5.493760108947754,1.5671861171722412,-0.6993573307991028,-1.4082632064819336
776742a1c,-3.256366014480591,0.7626852989196777,0.7742995023727417,4.5346360206604,-1.2846320867538452,4.664658546447754,-2.0730082988739014,4.166656494140625,-3.9046192169189453,0.5441453456878662,-1.385927677154541,0.3155563771724701,-0.8308438658714294,-2.0302059650421143,0.49957817792892456,1.0993914604187012,-2.0179402828216553,-1.162590742111206,0.015751540660858154,0.08550993353128433,0.7017633318901062,-0.9261446595191956,-1.9678722620010376,-2.588592767715454
779b88e51,7.596675872802734,5.596134185791016,-4.667799949645996,5.198248386383057,0.3821060061454773,-4.792240619659424,-5.74674129486084,-3.088899612426758,-1.754356026649475,1.8605847358703613,-2.406224250793457,-5.902220249176025,5.595579147338867,-2.354077100753784,-1.4338501691818237,-1.6340038776397705,-5.677669525146484,-8.64554500579834,6.649365425109863,-6.716876983642578,-7.519313812255859,-0.19848793745040894,-3.931452751159668,1.8428993225097656
779ea14af,-3.892441749572754,-4.014544486999512,-3.5354666709899902,5.696584224700928,-0.7126545310020447,1.1454721689224243,-6.40640926361084,-4.120166778564453,0.139450803399086,-4.956684589385986,-3.177412986755371,-5.502714157104492,6.010310649871826,-0.49762359261512756,-4.225322723388672,-0.8024056553840637,-7.374690055847168,-7.345976829528809,5.924216270446777,-4.127184867858887,-5.010526657104492,-2.845970869064331,0.631473958492279,3.0896778106689453
77c98152a,4.701080799102783,3.883193016052246,-1.1372501850128174,4.036077499389648,-1.5189813375473022,-1.782768726348877,-1.365768313407898,-0.10441747307777405,-2.626121759414673,0.669388473033905,0.16821163892745972,-0.9809004068374634,1.124131202697754,-2.3726162910461426,0.5400686860084534,3.7465298175811768,-4.389517784118652,-4.321824073791504,3.673537492752075,-2.2546730041503906,-3.169116497039795,-2.605350971221924,-1.0549031496047974,2.5103392601013184
780aa1912,-5.399538516998291,-1.0898290872573853,-2.991331100463867,3.0196709632873535,-4.384540557861328,-0.6191592812538147,0.8852518796920776,3.3065872192382812,-5.427165985107422,0.8777306079864502,-0.11231768131256104,0.8936179876327515,-3.528841972351074,-4.295804023742676,-1.6745988130569458,2.67984676361084,0.5608397722244263,0.7290040254592896,-3.9238290786743164,-0.4794324040412903,1.065771222114563,-4.773451328277588,-2.249068021774292,-0.13111534714698792
781b3953a,-2.7023351192474365,3.2217466831207275,-2.363468885421753,4.783812999725342,0.3469342887401581,-2.2400381565093994,-5.23557710647583,-0.4840119779109955,-3.0047755241394043,-0.6038783192634583,-3.835617780685425,-3.542903423309326,-1.4608460664749146,-1.1795578002929688,2.6831047534942627,-0.719606339931488,-0.9854452610015869,-3.416167736053467,-0.21337057650089264,-3.9317736625671387,-3.4900097846984863,3.4266316890716553,-1.6269868612289429,-2.3648486137390137
78362ba61,-4.580478191375732,3.9220852851867676,-3.000535249710083,4.092291831970215,-4.496603012084961,-5.263674736022949,-3.593855381011963,-2.414249897003174,-6.531955718994141,-2.7183260917663574,-3.205353021621704,-3.1213488578796387,-4.81359338760376,-0.8502494096755981,-4.906008243560791,-1.4549987316131592,6.674206256866455,-3.2078375816345215,-4.996007919311523,-3.679011821746826,-2.0411853790283203,-4.474513530731201,-2.8528811931610107,-3.5821969509124756
787281b82,-2.5218000411987305,-0.9817620515823364,-2.1211602687835693,0.5845295190811157,-3.653751850128174,-2.1791603565216064,1.8137805461883545,1.727552056312561,-3.041872262954712,-0.49926915764808655,6.099375247955322,4.146073818206787,-3.4717164039611816,-3.279271125793457,-1.8073986768722534,-0.05633410066366196,0.2659558951854706,-0.24813297390937805,-2.317673683166504,-1.1198986768722534,1.9722018241882324,-4.5457024574279785,-0.019541069865226746,1.1074998378753662
78f862e89,-6.1122283935546875,4.32367467880249,-5.145898818969727,5.926735877990723,-4.867998123168945,-4.820745468139648,-4.539380073547363,-2.386141777038574,-7.825068473815918,-2.5228769779205322,-3.4673171043395996,-4.060600280761719,-6.308535099029541,-0.34043368697166443,-4.667922019958496,-1.0336627960205078,6.499238014221191,-4.086601257324219,-6.660828590393066,-5.462035655975342,-3.419957160949707,-3.5869028568267822,-3.187654733657837,-3.4970319271087646
79214cee2,4.204354763031006,-2.4521355628967285,-2.923586368560791,4.320950031280518,-1.833597183227539,1.0741839408874512,-4.9986572265625,-1.202681064605713,1.0868380069732666,-3.996570348739624,-0.8027149438858032,-5.057723045349121,4.403759956359863,-2.2068800926208496,-2.0684542655944824,-1.596659541130066,-6.509676456451416,-7.102092266082764,6.181303024291992,-3.564483880996704,-4.954637050628662,-2.2820682525634766,-0.701926052570343,0.9863876700401306
795db1686,-3.569258689880371,-0.6784350872039795,-3.229149341583252,2.4525704383850098,-3.860558032989502,-3.3836326599121094,0.7502794861793518,5.180442810058594,-4.714134693145752,0.983005940914154,0.38071200251579285,4.886196136474609,-2.366389513015747,-4.680190563201904,-1.1747980117797852,2.2044715881347656,-0.16712689399719238,1.8189101219177246,-2.9123992919921875,-1.0048171281814575,-0.4562954902648926,-4.800580024719238,-0.952608585357666,3.490510940551758
796c26ad1,-6.623269081115723,-3.090531826019287,-6.164772987365723,3.7497494220733643,-6.8995866775512695,-5.552419185638428,-1.9963352680206299,6.337542533874512,-5.715696811676025,-4.134663105010986,-1.6222628355026245,5.895951747894287,-5.824007987976074,-6.250156879425049,-3.5725088119506836,0.9607272744178772,-0.23899143934249878,-3.4001173973083496,-5.423263072967529,-2.0307679176330566,-1.8010369539260864,-6.409736633300781,-1.9280736446380615,-2.7650954723358154
79a7f2f43,6.092745780944824,6.203878879547119,-3.8748779296875,5.02970552444458,-1.5793507099151611,-3.1941027641296387,-2.545379161834717,-1.7905172109603882,-3.4969000816345215,2.3715217113494873,-1.5143842697143555,-2.2874066829681396,4.593564987182617,-2.4477221965789795,-2.7643861770629883,3.9467451572418213,-5.0350189208984375,-6.781537055969238,5.15153169631958,-4.940786838531494,-6.292284965515137,-3.981123447418213,-1.7541136741638184,5.211784362792969
7a0158cca,5.603471755981445,-2.714297294616699,-4.971806049346924,4.167072296142578,-2.404660940170288,-3.0597593784332275,-5.627714157104492,-2.6840007305145264,2.2263007164001465,-4.07498836517334,-0.5082662105560303,-5.512531280517578,4.457093715667725,1.0040322542190552,-4.424068450927734,-1.2183101177215576,-6.381040573120117,-7.741620063781738,7.332790851593018,-4.6136932373046875,-7.158492565155029,-3.0445642471313477,-1.5792865753173828,0.6636289358139038
7a0dda1d3,-3.246577024459839,-0.9442581534385681,-2.018791913986206,1.4793568849563599,-1.7172553539276123,-1.03013277053833,-3.4132790565490723,-0.2531602382659912,-4.433322906494141,-1.3803364038467407,-0.9162759780883789,-1.581572413444519,-2.5714614391326904,-4.593493461608887,5.412527561187744,-0.7687090039253235,-4.799278259277344,-3.6794519424438477,1.211075782775879,-1.0922290086746216,-1.0086575746536255,-1.5164459943771362,-0.47263476252555847,-0.868096649646759
7a1fd7aab,-1.5388251543045044,1.236083984375,0.44361379742622375,-1.6160928010940552,-3.149409055709839,-1.549533486366272,-0.8894854784011841,-0.5806621313095093,-3.9569740295410156,0.20574940741062164,-0.6728056073188782,-0.27612560987472534,-2.0880126953125,-2.5223300457000732,-1.9287691116333008,-0.2607918381690979,0.5433453917503357,-1.7210370302200317,-0.8728864192962646,-0.43092042207717896,0.34232985973358154,-3.7626657485961914,-2.458181381225586,-1.781204342842102
7a38b6e03,-0.5684881210327148,-1.3203338384628296,-1.0776336193084717,3.5188465118408203,-1.5333510637283325,0.19813796877861023,-3.1803019046783447,1.1538851261138916,-1.6205592155456543,-1.6370482444763184,-0.818488359451294,-2.5557470321655273,1.3720898628234863,-2.99477219581604,1.6897497177124023,-0.3902685344219208,-4.62249755859375,-3.581782102584839,3.9093093872070312,-1.380576252937317,-2.148911237716675,-1.4703876972198486,2.38910174369812,0.7209024429321289
7a7cd4c19,-5.016027450561523,-1.4371252059936523,-0.9965724945068359,2.4358086585998535,-4.458358287811279,-0.7104095220565796,-0.8516509532928467,3.1524596214294434,-4.875210762023926,-0.4228333532810211,-0.2609734535217285,1.1068307161331177,-3.1564712524414062,-3.526711940765381,-2.0000598430633545,0.9232996106147766,-0.7483431696891785,-1.188615322113037,-3.3851895332336426,0.2374376505613327,1.8536872863769531,-3.893306255340576,-2.300386905670166,-1.7087677717208862
7a7fb42e4,-2.7955241203308105,0.31442776322364807,4.240788459777832,3.8812057971954346,-0.8054894208908081,0.8894091844558716,-4.149947166442871,-1.017978549003601,-1.6066856384277344,-1.0179568529129028,-2.9416112899780273,-3.1035642623901367,4.372070789337158,-0.5997436046600342,-1.0625042915344238,0.4870455265045166,-3.4184834957122803,-3.3167901039123535,3.041452407836914,-0.3476996421813965,-1.2009302377700806,-1.0208678245544434,-0.7545205354690552,-1.6434543132781982
7a9d3c23f,-3.1912169456481934,3.320866346359253,6.46411657333374,4.098647117614746,-2.710770606994629,1.3629515171051025,-2.0634593963623047,3.734063148498535,-4.716997146606445,-0.10573090612888336,-2.584961175918579,-1.349963665008545,-1.371659278869629,-2.64871883392334,-0.5897541642189026,3.4861888885498047,-2.3986809253692627,-2.2929201126098633,-1.4996106624603271,1.4639673233032227,0.17584791779518127,-2.3609085083007812,-0.513593316078186,-3.354674816131592
7aa408ae3,-4.2003583908081055,-0.44128116965293884,-2.4771013259887695,3.1450297832489014,-2.4744319915771484,-1.4178175926208496,1.1158748865127563,0.028160840272903442,-4.516013145446777,1.051245927810669,0.0846792459487915,0.3934399485588074,-2.4412083625793457,-2.938478469848633,-0.9512844085693359,1.7397551536560059,-0.5272347927093506,0.7058192491531372,-2.091614246368408,-2.1158225536346436,2.473578929901123,-2.327465534210205,-2.4148268699645996,0.7315219044685364
7aa569d11,-0.02637387253344059,-4.298133850097656,-1.1830154657363892,0.3328401446342468,-3.880127429962158,-2.926511526107788,-4.868649959564209,-3.001099109649658,-1.7629221677780151,-4.060482025146484,-0.9180166721343994,-4.755590438842773,0.9701634645462036,-4.524518966674805,-3.292790412902832,-2.80354380607605,-4.779884338378906,-6.457466125488281,4.749784469604492,-2.705613136291504,-3.5410423278808594,-4.593356132507324,-2.563105583190918,-0.29219937324523926
7ae03acce,-2.7580618858337402,-1.030933141708374,-0.9647245407104492,-1.7067949771881104,-3.802828788757324,-2.6334848403930664,1.1964890956878662,0.8559497594833374,-3.4340169429779053,-0.24262897670269012,0.34366536140441895,3.4658474922180176,-2.8961095809936523,-3.335294723510742,-2.8536951541900635,-0.9943497776985168,0.6809661984443665,-0.42228806018829346,-1.9990540742874146,-0.2954530715942383,1.0767396688461304,-4.276168346405029,-1.1816380023956299,-1.2174514532089233
7ae4058aa,-0.2639579176902771,-4.775721073150635,-1.5553150177001953,1.1354552507400513,-4.179361820220947,-2.931544780731201,-5.169156074523926,-3.071377754211426,-1.52077317237854,-4.655200481414795,-1.1033238172531128,-5.031863212585449,1.475923776626587,-4.52211332321167,-3.9171764850616455,-2.871159553527832,-5.183597087860107,-7.071890354156494,5.281196594238281,-2.543694496154785,-3.689897298812866,-5.13081693649292,-2.6508102416992188,-0.44210320711135864
7af110303,-7.22237491607666,-1.3216769695281982,-4.8599677085876465,2.7843520641326904,-7.257815837860107,-4.513284683227539,-0.7559618949890137,5.756080150604248,-6.7368950843811035,-1.9562863111495972,-2.0978283882141113,2.5121500492095947,-6.383018493652344,-4.621499538421631,-4.945188522338867,1.1772431135177612,3.541099786758423,-1.8449153900146484,-6.934917449951172,0.48199620842933655,0.6324043273925781,-6.128083229064941,-2.3527908325195312,-3.57521390914917
7af188bff,-4.132645606994629,1.970954179763794,-3.7551214694976807,4.332272529602051,-2.3559272289276123,-3.0512702465057373,-3.1967172622680664,-2.1134743690490723,-4.2718963623046875,-1.7051769495010376,-2.51823091506958,-2.9274606704711914,-2.005549430847168,-0.6015748381614685,-2.302819013595581,-0.1940942108631134,2.782323122024536,-2.822700262069702,-2.4293768405914307,-3.846998691558838,-2.5246710777282715,-1.6668148040771484,-1.725500464439392,-1.977901577949524
7b087df90,-2.5218727588653564,3.598712921142578,-2.2637827396392822,5.105775356292725,-0.14351922273635864,-2.0589442253112793,-5.485161304473877,-0.15538525581359863,-3.3425118923187256,-1.1159569025039673,-3.216292381286621,-3.8355119228363037,-2.3014047145843506,-0.8242877125740051,1.9450527429580688,-0.05871942639350891,-1.534029483795166,-4.470158576965332,-1.02560555934906,-3.996777296066284,-3.87311053276062,2.8605196475982666,-1.1162313222885132,-2.4081153869628906
7b1219fc4,2.394658327102661,3.6534392833709717,0.18092553317546844,2.265476703643799,-0.6130226850509644,-1.3661751747131348,0.6583173871040344,0.5922775268554688,-2.204453945159912,1.907597303390503,0.599431574344635,0.4935567378997803,0.08496418595314026,-1.0495576858520508,1.155008316040039,3.501706600189209,-1.1161003112792969,-1.0049757957458496,1.5065594911575317,-0.3708307147026062,-0.1101544126868248,-1.2085599899291992,-0.36969953775405884,1.790229320526123
7b7d6d206,-3.6145312786102295,2.7027111053466797,-3.289738178253174,4.229985237121582,-2.228698492050171,-3.9692835807800293,-2.1116228103637695,-2.169617176055908,-3.9104385375976562,-0.6081221103668213,-2.443866729736328,-1.7141884565353394,-3.169495105743408,0.18855445086956024,-2.8200230598449707,-0.08290371298789978,5.761837482452393,-0.5852552652359009,-3.629973888397217,-3.325113296508789,-1.6279438734054565,-1.6795542240142822,-2.281907558441162,-2.1817619800567627
7ba22e1e5,-1.7424458265304565,0.5066365003585815,-3.0329339504241943,4.908532619476318,0.6705101728439331,-1.5330946445465088,-5.847105979919434,-2.589378833770752,-0.6872907280921936,-1.2915351390838623,-3.6176884174346924,-4.647580146789551,3.8887577056884766,0.6737774610519409,-0.28800898790359497,-0.6290011405944824,-2.874648332595825,-5.529452800750732,3.5534496307373047,-4.621461391448975,-5.058366775512695,1.400681734085083,-1.793250560760498,-1.1720035076141357
7ba7d8dcd,6.230734348297119,-4.305738925933838,-5.676723003387451,4.951818466186523,-1.1700478792190552,-3.755113124847412,-7.386675834655762,-3.7219772338867188,5.0160675048828125,-5.180459499359131,-1.1273952722549438,-7.383017539978027,5.2771382331848145,-1.9357168674468994,-4.319808483123779,-4.20787239074707,-7.5919647216796875,-9.909927368164062,8.256491661071777,-6.360473155975342,-8.14511489868164,-1.2420899868011475,-2.48022198677063,0.9531340003013611
7ba8d0f10,-6.369936943054199,-2.4119462966918945,-2.1563684940338135,-2.845736026763916,-6.361754894256592,-1.9775731563568115,-0.27389129996299744,5.742829322814941,-5.646710395812988,-0.5489107370376587,-2.2435994148254395,4.015182018280029,-4.214228630065918,-4.564722061157227,-3.397195816040039,0.6609641909599304,-1.1975984573364258,-0.7909009456634521,-4.4709930419921875,1.3603986501693726,1.6916778087615967,-6.320152282714844,-2.3163633346557617,-4.035594940185547
7bfe229c1,4.405844211578369,-1.5438183546066284,0.3666784167289734,-0.9554085731506348,-3.0962600708007812,-2.170574903488159,-2.6545064449310303,-1.0100693702697754,-1.2167773246765137,-1.6646859645843506,1.1177105903625488,-2.335561752319336,-0.8362480998039246,-3.5866949558258057,-0.7797175049781799,-1.4417564868927002,-2.0669467449188232,-3.9363739490509033,3.7634215354919434,-0.6528757810592651,-2.1795499324798584,-3.383416175842285,-1.729200839996338,-0.49425190687179565
7c3b73585,-2.6244540214538574,2.964710235595703,5.772695541381836,4.762845516204834,-1.6157417297363281,0.7461153268814087,-3.201819896697998,2.31130313873291,-4.483765602111816,0.9858343005180359,-1.5667561292648315,-2.0458221435546875,-0.7354571223258972,-2.263718605041504,-0.6460980772972107,0.42754554748535156,-3.296090602874756,-2.2025346755981445,-1.6032826900482178,-0.4254772961139679,-0.43915560841560364,-0.24732711911201477,-0.9760751128196716,1.2989481687545776
7c3f80ebe,5.816989898681641,-5.258589267730713,-5.562616348266602,4.118453025817871,-4.543175220489502,-4.598395347595215,-7.024600028991699,-3.4943625926971436,2.059755563735962,-6.43438196182251,-0.31890514492988586,-7.643994331359863,3.723296880722046,-4.535397529602051,-6.498630523681641,-3.9609177112579346,-8.884401321411133,-10.683649063110352,7.564205169677734,-6.928022384643555,-8.63417911529541,-5.216577529907227,-2.522109031677246,1.2298665046691895
7c424b3c9,0.688388466835022,2.98504376411438,-2.62333345413208,4.472160339355469,1.3249629735946655,-1.2847124338150024,-2.534003496170044,-1.1309691667556763,-1.6645712852478027,3.3591301441192627,-1.9927409887313843,-1.1501113176345825,3.7393226623535156,4.488344192504883,0.16025131940841675,0.686093270778656,-0.3513721823692322,-0.41401392221450806,3.743276357650757,-0.941213071346283,-2.323193073272705,0.4562215209007263,-2.103344202041626,-0.8638878464698792
7c712b45f,-1.5876142978668213,-0.09537535905838013,-1.2922900915145874,2.042156219482422,-1.972591519355774,-1.2465368509292603,0.2240115851163864,3.457340717315674,-4.072383880615234,1.2205431461334229,0.5323958396911621,3.6043643951416016,-0.7926092743873596,-3.49021053314209,-0.5646985769271851,0.7485782504081726,-1.6169438362121582,-0.23693996667861938,-0.6936311721801758,-0.011256128549575806,1.7858246564865112,-3.671391487121582,-0.25920185446739197,3.8705532550811768
7cfaed5a0,2.2599542140960693,-2.97143816947937,-5.098828315734863,5.06532621383667,-1.2670572996139526,-2.6627774238586426,-6.578538417816162,-3.400900363922119,0.11242088675498962,-3.6902518272399902,-2.448746681213379,-6.648165225982666,5.283102035522461,-2.6486501693725586,-3.8178162574768066,-3.0403823852539062,-7.463016510009766,-8.170215606689453,6.456914901733398,-6.079170227050781,-7.201519012451172,-1.9629695415496826,-2.3250153064727783,1.334983229637146
7d064b789,5.501008987426758,-4.810375213623047,-5.303353309631348,4.442527770996094,-3.4468207359313965,-4.700660228729248,-7.60059118270874,-3.4156713485717773,2.4535274505615234,-6.114377975463867,-1.405578374862671,-7.810070037841797,4.600888252258301,-4.016547679901123,-5.566217422485352,-4.191043376922607,-9.301687240600586,-10.918859481811523,7.592994689941406,-6.720992088317871,-8.935262680053711,-3.732642412185669,-2.6903076171875,0.6626068353652954
7d188d367,-3.6839208602905273,-4.926036834716797,-6.546738147735596,5.436616897583008,-1.5331891775131226,-0.27125880122184753,-6.696201324462891,-5.1423563957214355,-1.0815753936767578,-5.472120761871338,-3.0422444343566895,-7.449528217315674,4.985136985778809,-3.124823570251465,-4.8307695388793945,-3.833047389984131,-7.781927108764648,-8.071194648742676,4.925073623657227,-5.221957206726074,-6.376410484313965,-3.4428300857543945,-0.808428943157196,3.502126693725586
7d4c75228,-2.2390332221984863,-4.422265529632568,-5.75294303894043,5.870009422302246,-1.8518164157867432,-0.7072582244873047,-8.013197898864746,-4.908143520355225,2.4298720359802246,-6.2980570793151855,-3.821791887283325,-7.396678447723389,6.400196552276611,-0.7931244969367981,-4.763558864593506,-3.5395305156707764,-7.256401538848877,-9.094565391540527,6.051569938659668,-5.641619682312012,-7.086081504821777,-1.5514400005340576,0.7859503626823425,0.04601670801639557
7dafb75e0,-2.028301954269409,-3.2167558670043945,-3.198930501937866,5.6344099044799805,0.31667622923851013,4.88181209564209,-6.521548271179199,-3.0257837772369385,4.158474922180176,-4.259499549865723,-2.2429039478302,-5.836632251739502,6.052708148956299,0.4535558521747589,-2.2243950366973877,-1.413388729095459,-5.549314498901367,-6.376877784729004,5.859611511230469,-3.9583139419555664,-4.280203819274902,0.6864892244338989,0.5527554750442505,-0.5063489675521851
7df2eb324,-3.9343342781066895,-1.8033473491668701,-2.6875216960906982,5.472774505615234,0.24802732467651367,0.8081541657447815,-1.1091105937957764,-1.6929045915603638,-3.3454442024230957,-0.1778850555419922,0.47660309076309204,-2.166093111038208,1.8667405843734741,-4.0146565437316895,-1.4650639295578003,-1.3639048337936401,-4.086562156677246,-1.7673966884613037,1.1072306632995605,-2.480820655822754,-0.4376477897167206,-2.865516185760498,-1.3807785511016846,5.100222110748291
7e025e0bf,-6.146249294281006,-1.8430428504943848,-6.140460014343262,4.508711814880371,-5.919554710388184,-4.807186603546143,-0.610837996006012,6.399750709533691,-5.7432146072387695,-3.9189260005950928,-1.820173978805542,5.466757297515869,-5.052959442138672,-6.088752269744873,0.4341151714324951,3.515556573867798,-2.1091976165771484,-3.956237554550171,-3.9996283054351807,-2.4355554580688477,-2.791287899017334,-5.209331512451172,-0.6311808228492737,-3.0562782287597656
7e0cfe1ff,5.066719055175781,-4.708978652954102,-5.170255661010742,4.890281677246094,-2.0357491970062256,-2.6791932582855225,-6.3502888679504395,-3.6891558170318604,1.6475791931152344,-5.075807571411133,-1.049712061882019,-7.085620403289795,5.7996826171875,-3.114208221435547,-4.514935493469238,-3.6880078315734863,-7.833113193511963,-8.791010856628418,7.180474281311035,-6.313759803771973,-7.288206577301025,-3.138669013977051,-1.960243582725525,2.128194570541382
7e14bfa8e,-2.15138578414917,2.5310518741607666,-0.057972416281700134,4.7253875732421875,-1.3470380306243896,1.57906973361969,-0.9052475094795227,1.7606456279754639,-2.7327449321746826,0.5023576617240906,5.9754815101623535,-0.3975788354873657,-2.047828197479248,-0.5326012372970581,0.5598734617233276,3.284764289855957,-1.1605042219161987,-1.2799561023712158,-1.5318942070007324,-1.7675557136535645,1.0343341827392578,0.1185305267572403,0.3461908996105194,-0.8554047346115112
7e44c0517,-0.2671698033809662,1.9592583179473877,0.6559752225875854,-0.24674971401691437,-2.1842427253723145,-1.2734227180480957,-0.9406826496124268,-0.16243138909339905,-3.186088800430298,0.5623862743377686,-0.42755335569381714,-0.14099350571632385,-0.9658435583114624,-1.0625343322753906,-1.7047948837280273,0.03278440237045288,0.41426345705986023,-1.3881467580795288,0.29961562156677246,-0.06696480512619019,0.2833918333053589,-2.86326265335083,-2.1484596729278564,-0.2503048777580261
7e4cddea9,-5.077131271362305,0.35443663597106934,-6.406930923461914,4.947299003601074,-0.37643855810165405,-2.729800224304199,-5.190226078033447,-0.05718603730201721,-5.43189811706543,-3.471165180206299,-2.2509028911590576,-1.1527187824249268,-4.647156238555908,-2.737621307373047,7.482539653778076,2.363654613494873,-6.018263816833496,-6.585874080657959,2.1345205307006836,-4.697528839111328,-5.3473286628723145,-0.6389751434326172,-0.4925346374511719,-0.642025351524353
7e71fb999,-0.4160306453704834,0.2291821837425232,-0.6933373212814331,4.776213645935059,2.6926727294921875,-1.4750573635101318,-3.6912121772766113,-2.3760714530944824,0.6340707540512085,-1.6915640830993652,-3.626699447631836,-3.31101131439209,5.62930154800415,1.9920626878738403,-0.4967506527900696,-1.498915195465088,-3.0610873699188232,-4.960484981536865,5.9493560791015625,-1.9435465335845947,-3.5676932334899902,2.4947357177734375,-0.06670773029327393,-1.6454895734786987
7e9996cde,5.429815769195557,-3.9990298748016357,-5.928003787994385,4.382687568664551,-2.8890480995178223,-5.134792804718018,-7.613002777099609,-3.746913433074951,2.1353068351745605,-5.410660743713379,-1.7301580905914307,-7.913018226623535,4.616697311401367,-3.916799306869507,-5.084123611450195,-4.207737922668457,-8.905213356018066,-10.668181419372559,7.35304069519043,-7.086333751678467,-8.815500259399414,-3.1980550289154053,-2.7867848873138428,0.7447355389595032
7eabc039d,-5.66483736038208,-1.4145532846450806,-2.6716926097869873,2.91550612449646,-5.3044114112854,-2.279442548751831,-0.5174580812454224,5.41732120513916,-5.360517501831055,0.2409258484840393,-1.1871421337127686,2.672377586364746,-3.849194288253784,-4.540188312530518,-0.8328447341918945,2.0617668628692627,-1.0395667552947998,-0.16731785237789154,-3.665296792984009,0.7886826992034912,0.9998512268066406,-4.2458672523498535,-1.9815258979797363,-2.871556282043457
7eeb43895,5.535016059875488,-4.959714889526367,-5.063084602355957,4.302844524383545,-3.957864999771118,-3.919461727142334,-6.832427024841309,-2.986572742462158,1.9538464546203613,-6.279621124267578,-0.5027666091918945,-7.233657360076904,4.006105422973633,-4.182157039642334,-5.557568073272705,-3.4869632720947266,-9.099525451660156,-10.348045349121094,7.386281967163086,-6.361128807067871,-8.399941444396973,-4.6395134925842285,-2.2785415649414062,2.310213804244995
7f062e3ed,-3.3814303874969482,-0.8009354472160339,-2.785600423812866,1.397568702697754,-3.390097141265869,-3.0507776737213135,1.2053980827331543,2.2957851886749268,-4.574826240539551,-0.3736514747142792,0.30999717116355896,4.755781173706055,-1.866197943687439,-5.762403964996338,-0.2656570374965668,2.6711885929107666,-3.114337921142578,-0.5749229788780212,-2.052739381790161,-1.794512152671814,-1.150327444076538,-5.303432464599609,0.0007938295602798462,3.6418426036834717
7f5a74a8b,-1.139096975326538,-0.3007991909980774,-1.0594704151153564,2.6330983638763428,-1.1730083227157593,0.804868221282959,-2.0140199661254883,0.194645494222641,-1.7376174926757812,-0.7930826544761658,-0.8147621154785156,-2.1485157012939453,1.9155465364456177,-1.7954802513122559,1.3761131763458252,-0.49932074546813965,-3.2539303302764893,-2.987571954727173,2.992483139038086,-0.8368582129478455,-0.853370189666748,-1.3812052011489868,-0.8481274247169495,-0.05745439976453781
7f6e5e0c0,-1.4048516750335693,-0.4770246148109436,0.045614972710609436,5.536015510559082,0.7966969013214111,-0.2214973121881485,-5.050422668457031,-3.4918317794799805,0.4786972403526306,-2.7988550662994385,-3.5952062606811523,-4.498510360717773,5.850161552429199,4.606138229370117,-2.0433928966522217,-0.9318529963493347,-2.9857401847839355,-5.20672082901001,5.415040016174316,-1.635046362876892,-4.08192253112793,0.8293218016624451,-0.2799820601940155,-1.2382057905197144
7f8da4ec2,-1.0005223751068115,0.957342267036438,6.314695358276367,2.9653356075286865,-1.2178045511245728,0.1517452895641327,-0.7363240122795105,0.189469575881958,-2.5291948318481445,0.7128894925117493,-1.538318157196045,-0.3177541494369507,1.3004014492034912,-1.5528637170791626,-1.0211317539215088,1.4678421020507812,-1.6151998043060303,-0.06522530317306519,1.2723619937896729,2.221724271774292,0.6536999344825745,-1.9014320373535156,0.24239161610603333,-0.7705543041229248
7f9fdae3f,-5.451167106628418,-4.606338024139404,-4.950954437255859,5.621148109436035,0.1687265932559967,1.7414815425872803,-5.2799272537231445,-4.5146260261535645,-1.4551608562469482,-4.462203025817871,-2.1642894744873047,-6.163114547729492,4.974329948425293,-2.9253532886505127,-4.5131354331970215,-3.5332465171813965,-7.329963684082031,-5.935650825500488,4.149352550506592,-4.209015846252441,-4.883190155029297,-2.86946964263916,-0.3707740306854248,5.267904281616211
7fb4d1a5b,-4.475452423095703,-0.25668609142303467,-3.103621244430542,1.8148218393325806,-3.66935396194458,-3.294888734817505,1.782182216644287,1.2601382732391357,-4.9125566482543945,2.67671799659729,0.028056427836418152,2.894953966140747,-3.217172384262085,-3.01942777633667,-0.5144562721252441,2.2873034477233887,1.3646577596664429,4.047528266906738,-3.2458672523498535,-1.5295400619506836,0.9222187995910645,-4.035780429840088,-1.8860762119293213,-0.16625212132930756
7fc6be4e4,-2.399636745452881,-0.6418728232383728,0.6667041778564453,5.368462085723877,1.1215391159057617,4.626546382904053,-0.7894682884216309,-0.656531810760498,-2.381436824798584,-0.6772608160972595,-0.9081721305847168,-1.0199596881866455,1.9677015542984009,-2.6376795768737793,-0.25466614961624146,-0.7300647497177124,-1.4193933010101318,-1.489914894104004,2.5307743549346924,2.1816651821136475,0.18998751044273376,-0.19584709405899048,-0.5383435487747192,4.516510963439941
7fdb5e049,1.5178205966949463,2.0052614212036133,0.39462393522262573,2.9218125343322754,-0.6906976699829102,-0.3390800952911377,0.0377751961350441,0.6597687005996704,-3.211512327194214,1.6130338907241821,0.5957381725311279,-0.05076730251312256,-0.11110500991344452,-2.1571102142333984,0.4570331275463104,0.8530042767524719,-1.3421170711517334,-0.6084703207015991,1.2352714538574219,-0.8020414113998413,-0.3620404005050659,-1.698074460029602,-0.7897674441337585,3.4462108612060547
8007833af,-6.604577541351318,3.883043050765991,-5.197443008422852,5.6105194091796875,-4.709498405456543,-5.122994422912598,-3.780670404434204,-2.6894755363464355,-7.382862091064453,-2.2394049167633057,-3.0380845069885254,-3.9474244117736816,-6.988451957702637,-0.5959966778755188,-4.398725509643555,-1.4905213117599487,6.646116256713867,-2.842740297317505,-7.073582649230957,-5.503152847290039,-3.137692451477051,-3.7391631603240967,-2.7540838718414307,-3.180866003036499
803e8ff4c,-1.6116994619369507,0.8423779606819153,1.6292693614959717,2.4780492782592773,-2.634409189224243,-1.4392759799957275,-0.7222034931182861,-0.11320233345031738,-3.113197088241577,-0.4157296419143677,-0.09966066479682922,-0.47400879859924316,-1.7151654958724976,-1.7684707641601562,-2.140028953552246,0.12801067531108856,0.45591306686401367,-1.2417969703674316,-1.5746454000473022,-0.5109942555427551,0.30074799060821533,-2.494030237197876,-1.193242073059082,-1.313767433166504
8069f20d9,-2.345557689666748,2.881279706954956,5.6884870529174805,4.194864273071289,-2.140373706817627,-0.9149291515350342,-2.614976406097412,-0.5797608494758606,-4.324570655822754,0.8830103278160095,-1.8203561305999756,-2.1818273067474365,-1.1201797723770142,-2.0013344287872314,-0.4478035867214203,-0.24203720688819885,-1.9311017990112305,-1.9837534427642822,-0.8828140497207642,-0.32158368825912476,-0.12558086216449738,-1.5298893451690674,-2.1491408348083496,-3.0824389457702637
808b6ea46,-1.294070839881897,2.9248576164245605,6.6406025886535645,4.23531436920166,-2.0366764068603516,-0.7081819772720337,-2.4462709426879883,0.5389517545700073,-3.5894410610198975,0.3520798981189728,-2.0466222763061523,-1.635517954826355,-0.8413401246070862,-1.8481312990188599,-0.6660731434822083,0.22936174273490906,-1.6093213558197021,-2.0047595500946045,-0.31619107723236084,1.4365381002426147,0.18039478361606598,-1.4742960929870605,-1.014264464378357,-3.295872688293457
80bbaff26,-4.163572311401367,3.1589739322662354,-3.990494728088379,5.491974353790283,-2.3491451740264893,-3.6547794342041016,-2.9223215579986572,-1.989997148513794,-4.552046775817871,-1.5575270652770996,-2.1588170528411865,-2.669238328933716,-3.560206413269043,-0.5842344760894775,-2.1065237522125244,-1.0929850339889526,4.959064483642578,-2.514005184173584,-3.4096388816833496,-4.388641834259033,-2.4395155906677246,-1.1103039979934692,-1.8899062871932983,-1.384092926979065
80bc56061,-1.1433894634246826,-1.5872178077697754,-2.1906137466430664,3.967366933822632,-1.0902079343795776,-0.43770891427993774,-5.5623459815979,-2.549057960510254,1.6216495037078857,-2.6686387062072754,-2.5259172916412354,-5.018898010253906,4.505381107330322,-1.4866020679473877,-0.22382842004299164,-2.901197910308838,-5.030097007751465,-5.099206447601318,4.912397861480713,-2.6073105335235596,-4.1462721824646,0.08450063318014145,-0.7284092903137207,-1.094339370727539
80d10d363,-2.853858709335327,0.20652703940868378,-1.8615293502807617,1.9678966999053955,-1.8356292247772217,-1.3474788665771484,-0.7015876770019531,0.07686502486467361,-4.50640869140625,0.4406934380531311,-0.8312162756919861,0.010709673166275024,-2.7949275970458984,-4.683544158935547,4.881129264831543,3.4893569946289062,-3.4383108615875244,-0.9239532351493835,-0.2070716917514801,-1.9025722742080688,-1.2230300903320312,-2.9544715881347656,-0.4520459771156311,-0.688071608543396
80d53acbc,-2.845041275024414,0.7042129039764404,2.372089385986328,3.2004215717315674,-1.8072694540023804,0.006575301289558411,-0.514190137386322,1.6608632802963257,-3.653693437576294,1.2295773029327393,-0.23263472318649292,0.9273868203163147,-0.8179594278335571,-2.2915046215057373,-1.0569522380828857,-0.09186865389347076,-0.7921400666236877,0.957774817943573,-1.0654886960983276,-0.15390852093696594,0.8024261593818665,-1.2593960762023926,-1.2229424715042114,0.8151059746742249
8108e9e2a,-0.18519505858421326,-0.7250834703445435,0.006211120635271072,0.7612460255622864,-0.09865657240152359,5.7264018058776855,-1.9566657543182373,-0.23991160094738007,-1.8247393369674683,-0.587731122970581,0.1151387095451355,-1.8945478200912476,0.7389194369316101,-1.815114140510559,0.12130187451839447,0.6829953193664551,-2.878941535949707,-1.8736748695373535,2.172132730484009,-0.18229416012763977,0.49696463346481323,-2.6991686820983887,-1.0607503652572632,0.05733092129230499
813af36d3,-1.9295544624328613,1.6823315620422363,-2.108896493911743,4.2283830642700195,-0.06184832751750946,-1.8445502519607544,-3.1469006538391113,-0.9075976014137268,-1.5627621412277222,0.010111719369888306,-2.0480775833129883,-2.157681941986084,0.18642687797546387,0.4002983868122101,-0.3114873468875885,0.12022364884614944,0.8727113008499146,-1.960802435874939,-0.06798848509788513,-3.141003131866455,-2.13392972946167,1.0831860303878784,-1.4266929626464844,-1.7533890008926392
815d4a15d,-4.156650543212891,3.1798269748687744,-2.727436065673828,5.33098030090332,-0.38615745306015015,-2.1981334686279297,-5.480255603790283,-0.982333779335022,-4.289624214172363,-1.1249008178710938,-3.576021671295166,-4.028316974639893,-3.1020500659942627,-0.805321455001831,1.198453426361084,-0.679084837436676,-0.02121114730834961,-3.97176456451416,-1.9999462366104126,-4.389953136444092,-3.6898281574249268,3.0885066986083984,-1.5343828201293945,-2.6926815509796143
81677b2c6,-3.564171552658081,0.7627893686294556,-2.6501288414001465,3.406463146209717,-1.0439465045928955,-1.4227521419525146,-1.885744333267212,0.902224600315094,-3.7989139556884766,0.8036827445030212,-1.498436689376831,0.004850777797400951,-1.7437982559204102,-2.1770293712615967,3.622605800628662,1.0765395164489746,-1.7000088691711426,-0.30236440896987915,-0.3141598403453827,-2.7113304138183594,-1.4096966981887817,0.4239344000816345,-0.9987763166427612,-0.6449794769287109
81aded687,-3.277348041534424,2.4733617305755615,4.8087029457092285,4.7137298583984375,-2.3400280475616455,2.841829776763916,-3.3153207302093506,0.5555629730224609,-4.799415588378906,-0.7498424053192139,-1.7227160930633545,-2.7625412940979004,-1.315626621246338,-2.2444300651550293,-1.7499147653579712,1.034849762916565,-1.680748462677002,-3.1866650581359863,-1.820369839668274,-0.8076433539390564,-0.31504708528518677,-0.6863167881965637,-1.6718450784683228,-2.5750772953033447
81bc9880b,-5.378991603851318,0.9386196136474609,-7.330013275146484,4.6654253005981445,0.2759380638599396,-3.0156660079956055,-7.546597003936768,-1.5392258167266846,-4.520529747009277,-3.839388847351074,-4.2022504806518555,-4.341984748840332,-4.5689873695373535,-3.30741024017334,7.139156341552734,-1.1431849002838135,-5.874357223510742,-7.482491493225098,2.31032133102417,-5.88627290725708,-6.552332878112793,1.621974229812622,-1.2237176895141602,-1.2621351480484009
820b4bb9e,-3.4334518909454346,2.5675783157348633,-5.22862434387207,4.592320442199707,-0.4451332092285156,-2.0452966690063477,-3.895618438720703,1.9498317241668701,-4.3684234619140625,-2.3580751419067383,-2.0597171783447266,-1.6287049055099487,-2.617091178894043,-0.5783150792121887,4.894386291503906,1.2649621963500977,-2.8284029960632324,-4.5462260246276855,-0.468976765871048,-3.1647448539733887,-4.26395845413208,-0.9576604962348938,-0.4346749782562256,3.446248769760132
8227824e9,-6.433631896972656,-5.258345603942871,-4.444286346435547,5.3654561042785645,-2.7445127964019775,0.24954628944396973,-3.9393703937530518,-4.440755844116211,-2.7717583179473877,-4.352884769439697,-0.7231464385986328,-6.071091651916504,3.055131673812866,-4.241286277770996,-5.769604206085205,-3.8537936210632324,-5.98795223236084,-5.131938934326172,2.0195088386535645,-3.573974609375,-2.7424378395080566,-5.25308084487915,-1.1487696170806885,4.332088470458984
8241fc826,-3.4983198642730713,0.5689520239830017,-3.4871985912323,4.40291690826416,-1.5707101821899414,-1.396019458770752,-2.757740020751953,-0.9292561411857605,-3.5051209926605225,-1.080394983291626,-1.4076651334762573,-2.4287021160125732,-1.1551240682601929,-1.6030325889587402,-1.022218942642212,0.4590587019920349,-0.5312768220901489,-2.7817230224609375,-0.15590275824069977,-3.746708869934082,-1.3683538436889648,-0.8055863380432129,-1.7840663194656372,-0.573910117149353
8252ff47d,-2.7658743858337402,-0.8406223058700562,0.3314971327781677,3.6434779167175293,-1.6994941234588623,-0.07170668244361877,-1.950459599494934,0.12737290561199188,-2.570333242416382,-0.9048630595207214,0.3908257484436035,-1.144711971282959,0.21863408386707306,-0.95871502161026,0.7195705771446228,0.9018532633781433,-2.231539249420166,-2.3656437397003174,0.5609314441680908,0.16669884324073792,1.0812108516693115,-2.064581871032715,-0.8736465573310852,-1.106976866722107
8265631d1,5.516980171203613,5.7085981369018555,-3.572157382965088,4.45171594619751,-0.029771897941827774,-2.628041982650757,-3.4650368690490723,0.5875487327575684,-3.11633563041687,2.112039089202881,-1.514845609664917,-2.948519229888916,3.32790470123291,-1.8733844757080078,-0.4075244069099426,1.902839183807373,-4.549829483032227,-5.565948486328125,4.414561748504639,-4.638065338134766,-5.269052982330322,-1.1124755144119263,-2.2067067623138428,3.0881991386413574
82808ee33,-4.5988359451293945,-0.5612940788269043,-1.1357269287109375,-1.608556866645813,-4.314258575439453,-3.2330193519592285,-1.438841700553894,-2.061922550201416,-5.230985641479492,-0.5114752054214478,-1.885581135749817,-1.046223521232605,-3.6835145950317383,-3.1762259006500244,-4.249663352966309,-2.6248512268066406,2.7313077449798584,-1.3534232378005981,-2.818148374557495,-1.4809205532073975,0.45723825693130493,-4.741519451141357,-4.300675392150879,-2.4222817420959473
828bdc0bb,-4.786593437194824,0.28836920857429504,-2.423044443130493,2.581043243408203,-3.8102669715881348,-3.2597928047180176,1.2373778820037842,-0.3592033386230469,-4.944399356842041,0.14306405186653137,-1.133775234222412,0.727910041809082,-3.835789680480957,-2.2693772315979004,-3.400691032409668,0.8265491724014282,3.8355367183685303,0.5890911817550659,-4.034168720245361,-1.6102194786071777,0.5133816599845886,-4.252826690673828,-2.4542651176452637,-1.2413556575775146
829453953,-6.592707633972168,-2.075349807739258,-7.984922409057617,4.825165748596191,-5.747891902923584,-4.640012741088867,-1.7687797546386719,5.808854103088379,-6.70304536819458,-4.585015296936035,-1.2587764263153076,5.415732383728027,-6.151032447814941,-6.582985877990723,-0.1459622085094452,1.4912333488464355,-2.8800048828125,-5.458499908447266,-4.025317668914795,-3.9594311714172363,-2.785923480987549,-5.749316215515137,-1.2061083316802979,2.0172207355499268
829713c5c,0.37293970584869385,3.2303669452667236,5.564787864685059,3.3799984455108643,-1.9204570055007935,-0.7662413120269775,-0.4899730682373047,1.3569462299346924,-3.454511880874634,3.0022850036621094,-0.45599353313446045,-0.11982423067092896,-1.0377631187438965,-1.7885949611663818,-0.08414213359355927,0.7236624956130981,-0.7159100770950317,0.8415809869766235,0.25914275646209717,1.1420323848724365,0.5179483890533447,-1.8394906520843506,-0.413276731967926,-0.9398781061172485
82a8943d2,-3.1194300651550293,-0.7360970973968506,-0.5798488855361938,0.8188742995262146,-2.8046717643737793,0.02604524791240692,-0.15138527750968933,3.0775198936462402,-4.448914527893066,0.5726789236068726,0.039397187530994415,0.47234851121902466,-2.1825406551361084,-3.8393752574920654,-0.8024863004684448,0.8801512718200684,-1.967389464378357,0.8650333881378174,-2.1355721950531006,-0.021894093602895737,1.1092898845672607,-3.4440841674804688,-2.179625988006592,0.06934622675180435
82b8cf44d,-0.3767121732234955,-4.243744850158691,-1.8017921447753906,1.8666837215423584,-4.5834431648254395,-3.073291778564453,-5.098117351531982,-2.795395612716675,-2.009019613265991,-4.544919013977051,-0.3366469144821167,-4.6055192947387695,0.8583791255950928,-4.598851680755615,-2.6010589599609375,-2.21315860748291,-5.451913356781006,-6.887207984924316,4.481698036193848,-2.82525634765625,-3.9337446689605713,-4.947838306427002,-2.50744891166687,-0.6680026650428772
82e1a9793,-5.586140155792236,-1.052285075187683,-2.327256202697754,4.542238235473633,-4.703586578369141,-1.0147277116775513,-0.489463210105896,4.23015022277832,-5.486289978027344,-0.9293410181999207,-0.41446226835250854,2.127955198287964,-3.865318536758423,-4.055558204650879,-1.0879710912704468,1.2463487386703491,-0.7923033237457275,-1.6614338159561157,-3.2474613189697266,0.003832384943962097,1.16559636592865,-3.359344005584717,-1.8143668174743652,-2.7086076736450195
82ec9ea50,-0.580383837223053,2.488905906677246,1.1118401288986206,3.0867605209350586,-0.6733589172363281,0.07398238033056259,-1.5209258794784546,2.349109649658203,-2.9968156814575195,2.321321487426758,-1.4832960367202759,-0.45725691318511963,-0.5668367743492126,-2.0252580642700195,3.2827155590057373,2.6958541870117188,-1.7967562675476074,0.6923288106918335,0.8015074133872986,-0.4735538065433502,-0.3366186320781708,-0.23204267024993896,-1.388077974319458,-0.5710378885269165
82f0ad1a7,-5.040947914123535,2.2288472652435303,-3.6669976711273193,4.22564697265625,-3.1126935482025146,-3.6411075592041016,-1.3809940814971924,-1.6718956232070923,-5.156182289123535,-0.6658755540847778,-2.0515799522399902,-1.440996527671814,-4.54225492477417,-0.8657393455505371,-2.822638988494873,-0.9000365734100342,5.856843948364258,-0.4826110005378723,-4.263655185699463,-3.510209560394287,-1.2591924667358398,-2.9335646629333496,-2.1108224391937256,-1.7610313892364502
8341398b5,-7.694427490234375,-3.2835235595703125,-6.776951789855957,3.445868730545044,-7.807043075561523,-6.124847412109375,-1.6090131998062134,6.69149112701416,-6.55547571182251,-3.667917013168335,-1.6360949277877808,5.916237831115723,-6.626731872558594,-5.691380500793457,-4.059441566467285,1.031198501586914,0.190842866897583,-2.7884552478790283,-6.341878414154053,-1.2553504705429077,-1.534166693687439,-6.893899917602539,-2.1372427940368652,-3.776707172393799
838ee57d5,-3.009031057357788,0.6751196980476379,-1.837623119354248,1.5854287147521973,-2.3828318119049072,-2.7013118267059326,1.6886696815490723,1.110289216041565,-3.5329508781433105,1.5124717950820923,-0.33206361532211304,2.8944687843322754,-2.701408863067627,-2.5666799545288086,-0.1683458834886551,2.396804094314575,0.9557844400405884,1.8956159353256226,-2.302687644958496,-1.4067901372909546,0.29495275020599365,-2.1337599754333496,-1.4884560108184814,-0.34937018156051636
83937e581,-1.3008449077606201,0.3303314447402954,0.2870098352432251,0.835655689239502,-1.5735135078430176,-1.1234335899353027,0.265240341424942,0.7178606390953064,-3.2296838760375977,0.8926417231559753,0.14674793183803558,2.161175012588501,-1.7212375402450562,-2.3631505966186523,1.84878671169281,0.8560847043991089,-1.4295899868011475,0.09031515568494797,0.28413575887680054,0.07463209331035614,0.11460894346237183,-1.983971118927002,-0.8154794573783875,-0.40294522047042847
83d3cc8e2,-2.185859441757202,0.4196179211139679,1.0578254461288452,0.8202822804450989,-1.7019891738891602,-0.6324847936630249,1.915736198425293,0.3603634238243103,-3.627096176147461,1.820345401763916,-0.1871032416820526,1.302616834640503,-1.5688039064407349,-2.9133076667785645,-0.35349875688552856,-0.48479506373405457,0.3687075078487396,1.3904075622558594,-0.514074444770813,0.21264730393886566,1.386392593383789,-2.3415324687957764,-2.872954845428467,-0.9591816663742065
8421eb235,-3.4493579864501953,1.5262640714645386,-3.6366662979125977,4.070744037628174,-1.643660306930542,-2.1190683841705322,-3.828314781188965,-0.06728869676589966,-3.654362201690674,-1.947668194770813,-1.996772050857544,-2.6093831062316895,-2.225385904312134,-1.592800498008728,0.038804709911346436,1.240747094154358,-0.7075977325439453,-4.450379371643066,-1.271235704421997,-3.899960517883301,-2.9196617603302,0.2871198356151581,-1.6183221340179443,-2.2423770427703857
844544936,-3.40301513671875,0.5800475478172302,5.889002799987793,3.165130138397217,-1.6643166542053223,-0.13971781730651855,-2.101736307144165,-1.3592448234558105,-3.433884859085083,-1.375450849533081,-1.8601895570755005,-1.8319432735443115,1.4422729015350342,-1.2097960710525513,-1.8584345579147339,1.125257968902588,-2.2424371242523193,-2.589637279510498,0.6791071891784668,0.8937506079673767,-0.09859084337949753,-2.0130913257598877,-0.47817462682724,-1.543778657913208
848a12070,-2.150029420852661,0.05508919805288315,3.9494476318359375,1.238821268081665,-2.035454511642456,0.30808374285697937,0.31820735335350037,2.358351945877075,-2.488475799560547,0.8167029619216919,0.13417918980121613,0.7633366584777832,0.10421477258205414,-1.7824288606643677,-0.07852905988693237,2.8633036613464355,-1.6884429454803467,0.2080271989107132,-0.7448270320892334,1.483750343322754,1.2571306228637695,-2.806999444961548,-0.4003872871398926,-0.5851715803146362
848dd0607,-1.0157197713851929,0.9045151472091675,-1.0938770771026611,4.263733863830566,0.11273885518312454,0.5323047637939453,-0.06955757737159729,0.8142519593238831,-0.9985479116439819,0.33973783254623413,2.556645393371582,1.2923088073730469,0.932999849319458,-2.274665355682373,1.5008082389831543,-0.3114028871059418,-1.5145376920700073,-0.7706761956214905,2.4695024490356445,-0.5999869108200073,0.07093292474746704,0.17670291662216187,5.038673400878906,4.205070972442627
850ddac0a,-4.62166166305542,0.6336173415184021,-5.831124782562256,5.6299028396606445,-1.4665606021881104,-1.890174150466919,-3.3194186687469482,0.9681955575942993,-6.207397937774658,-3.336376190185547,-1.9575260877609253,-0.6552879810333252,-4.791651248931885,-4.708160400390625,8.369538307189941,3.2400426864624023,-5.492680072784424,-6.146060943603516,1.403109073638916,-3.532832622528076,-4.615139961242676,-1.2428804636001587,0.03212299942970276,-0.8077560067176819
852f9c2cf,-3.472468614578247,4.5745697021484375,-3.832096576690674,5.009192943572998,-2.653249502182007,-4.313899040222168,-3.6069600582122803,-2.426671266555786,-4.853691577911377,-2.2935397624969482,-2.1839301586151123,-2.8830699920654297,-3.3909997940063477,4.552712440490723,-2.2799131870269775,0.21346242725849152,7.2700724601745605,-2.400341033935547,-2.965177059173584,-2.024521589279175,-3.2335777282714844,-2.967716693878174,-2.0771102905273438,-3.168829917907715
854da9916,6.017007350921631,-2.2190918922424316,-0.0558827668428421,-1.0531976222991943,-4.471414089202881,-2.3225715160369873,-2.2646968364715576,0.519434928894043,-1.3466229438781738,-2.3018879890441895,4.6339311599731445,-1.8668347597122192,-1.792292833328247,-4.321540355682373,-2.399554967880249,-1.3972777128219604,-3.727267265319824,-5.068244457244873,4.429958343505859,-0.6026986837387085,-2.6765403747558594,-4.849368095397949,-1.6910737752914429,0.21498985588550568
85a0c6cbb,-4.5105485916137695,-1.6138746738433838,-0.8124274015426636,-2.9505345821380615,-5.007646083831787,-0.801979660987854,-1.0658336877822876,5.757053375244141,-4.627858638763428,-0.4595164656639099,-2.9452624320983887,1.3206443786621094,-3.259085178375244,-2.3637378215789795,-4.2199530601501465,0.7501115798950195,1.974453091621399,-1.4637259244918823,-2.687704563140869,2.8504018783569336,1.3774304389953613,-5.609827995300293,-3.0783562660217285,-4.465279579162598
85a13c5d3,-2.434555768966675,3.580087184906006,-2.3778207302093506,4.760857105255127,-2.691720962524414,-0.910447359085083,-2.042330741882324,2.1725995540618896,-5.050527095794678,0.19499942660331726,-1.675094723701477,-0.6157084107398987,-2.787259101867676,-2.866058588027954,4.58042573928833,3.709780693054199,-2.164839029312134,-2.7769384384155273,-1.318002462387085,-2.2682201862335205,-2.731917381286621,-1.9941940307617188,-0.5313407182693481,-1.8224811553955078
85a44d188,-3.583265781402588,-0.23017148673534393,-3.6479837894439697,2.4054055213928223,-1.0247811079025269,-1.066710114479065,-3.6811835765838623,0.01841902732849121,-3.7818727493286133,-2.4416136741638184,0.02347463369369507,-0.9756914377212524,-3.4416918754577637,-3.807469606399536,5.859292984008789,-0.3931780457496643,-4.348798751831055,-4.605543613433838,2.034324884414673,-2.126326322555542,-1.913264513015747,-0.8840372562408447,4.974096298217773,-0.09025941789150238
85b951df8,-7.249172687530518,-0.09499119222164154,-5.960447311401367,3.2544631958007812,-6.35892915725708,-5.353226184844971,-1.0286390781402588,5.257753372192383,-6.783910751342773,-2.4150819778442383,-1.316021203994751,1.5441402196884155,-6.0366740226745605,-3.467357873916626,-5.187729358673096,0.7194780111312866,4.851292133331299,-2.146836042404175,-6.736050128936768,-0.6479281783103943,0.03207003325223923,-6.144400119781494,-2.5270633697509766,-1.9443466663360596
85c622121,-3.547398567199707,3.069596767425537,-1.780977725982666,5.259735584259033,0.1892024576663971,-1.3033719062805176,-5.7637739181518555,-0.43001511693000793,-3.648871898651123,-1.0077074766159058,-3.089940071105957,-4.094297409057617,-2.280918836593628,-0.8478453159332275,1.3523509502410889,-0.2159583568572998,-1.8570737838745117,-4.529987335205078,-0.600364089012146,-4.286797523498535,-3.446143627166748,2.880695343017578,-1.3803802728652954,-2.3380112648010254
85d896c99,-2.845750570297241,-3.9516241550445557,-4.140673637390137,5.223723411560059,-1.712099552154541,-2.1512179374694824,-7.5945658683776855,-3.967039108276367,-0.7934514880180359,-5.360576152801514,-3.5263102054595947,-7.530184268951416,5.2930378913879395,-2.8358631134033203,-2.561528205871582,-3.513986587524414,-7.902280807495117,-8.801494598388672,5.428574562072754,-5.959883689880371,-6.47536039352417,-1.5277600288391113,-2.3812081813812256,0.21924015879631042
86378a891,-2.2141478061676025,-4.838533878326416,-5.278284072875977,5.403434753417969,-3.304873466491699,-2.305290460586548,-7.700384616851807,-3.9410266876220703,-1.0144028663635254,-6.1738176345825195,-2.860832691192627,-7.482681751251221,4.766626358032227,-3.4961745738983154,-3.420050859451294,-2.5677247047424316,-8.124034881591797,-9.28536605834961,6.024070739746094,-6.32645845413208,-6.992354869842529,-3.7367725372314453,-1.9254610538482666,0.42575448751449585
864c7cf66,-4.047900199890137,-0.6356340050697327,-3.5724072456359863,0.9322177171707153,-4.054697036743164,-4.064140319824219,1.8166210651397705,1.1609288454055786,-4.151315689086914,-0.8905929923057556,-0.936817467212677,4.112112522125244,-2.9242424964904785,-4.118372917175293,-0.9288933873176575,2.7882885932922363,0.5681157112121582,-0.0741058886051178,-3.119495391845703,-1.6203701496124268,-0.7771642804145813,-4.822713375091553,-1.1108535528182983,-1.1891146898269653
86516a59b,-1.2087714672088623,-1.722373604774475,-4.575693130493164,5.66934871673584,1.2277212142944336,-2.101673126220703,-7.6794891357421875,-4.179140090942383,-0.10316137969493866,-3.5597121715545654,-4.427206039428711,-6.953946113586426,6.05828857421875,-1.528390884399414,-0.47382473945617676,-4.264551639556885,-7.212925910949707,-8.323530197143555,6.5666303634643555,-5.227116584777832,-7.1714043617248535,1.1921017169952393,-2.3940508365631104,-0.04816345125436783
86681bee1,-4.315888404846191,-0.49599647521972656,-2.707393169403076,3.5562009811401367,-4.388050556182861,-1.7217159271240234,-1.4456560611724854,4.926348686218262,-4.855485439300537,-0.2507995367050171,-0.9248270988464355,2.4784271717071533,-3.331843137741089,-4.239774703979492,0.6211153268814087,1.7721525430679321,-2.3123021125793457,-1.2561068534851074,-2.595484733581543,-0.6253398656845093,0.24703772366046906,-2.7802510261535645,-1.9144504070281982,-2.5797181129455566
86797d9ba,0.5446336269378662,-3.941431999206543,-0.014326483011245728,1.4425441026687622,-4.300605297088623,-2.5194528102874756,-4.95680570602417,-2.771033763885498,-2.077465772628784,-4.011646270751953,-0.9067150354385376,-4.6137847900390625,1.6977108716964722,-4.574795722961426,-2.502931594848633,-2.656614303588867,-4.697148323059082,-6.5184197425842285,4.8889384269714355,-2.1209120750427246,-3.6485910415649414,-4.947683811187744,-2.756000518798828,-0.5043308138847351
8697e8bd8,-1.6820008754730225,-2.15251088142395,-2.2604868412017822,4.221299648284912,-1.4548283815383911,-0.2420245260000229,-3.9845876693725586,-1.7186614274978638,-1.8849728107452393,-2.2678747177124023,-1.2837443351745605,-3.7839784622192383,3.415956974029541,-3.079601526260376,-0.3387656807899475,-1.4119913578033447,-5.421268939971924,-4.257976055145264,4.173805236816406,-3.2379846572875977,-2.9803287982940674,-1.9593456983566284,-1.3044660091400146,3.1975367069244385
86a229236,-6.193276405334473,-3.726445198059082,-4.178389549255371,4.818848609924316,-1.458707571029663,0.8980711102485657,-1.8750253915786743,-3.160754442214966,-4.495322227478027,-2.0198493003845215,0.12219373881816864,-3.4064581394195557,0.9246783256530762,-3.287780523300171,-3.1097137928009033,-1.788686990737915,-4.2699480056762695,-2.5140888690948486,1.398926019668579,-2.418377161026001,-1.7964907884597778,-4.009156227111816,-1.4182416200637817,5.176679611206055
86b01f91f,-4.655304431915283,-0.734407901763916,-5.544281959533691,4.846240043640137,-1.319356083869934,-1.4696897268295288,-5.279535293579102,-0.4251042306423187,-5.053106307983398,-3.8556697368621826,-1.6863921880722046,-2.278944253921509,-4.3319597244262695,-4.875942230224609,7.596407413482666,1.497948408126831,-6.708155632019043,-6.761539936065674,2.4196858406066895,-4.010080814361572,-3.998516798019409,-0.6962510943412781,3.0107500553131104,-0.0837806835770607
86b7e2ffd,-0.7568752765655518,0.054291777312755585,0.30974045395851135,-0.3136236071586609,-1.5335299968719482,-0.4148975908756256,-0.8442209362983704,-0.3918512165546417,-3.259498357772827,0.5141813158988953,-0.4217327833175659,-0.5261215567588806,-0.23091557621955872,-2.359156370162964,0.26658374071121216,0.8868296146392822,-1.9763981103897095,-1.2569092512130737,2.205578327178955,-0.47947198152542114,-0.09874668717384338,-2.5379765033721924,-1.8950941562652588,0.06203314661979675
86bb45056,-3.187349319458008,1.4431065320968628,-2.522273063659668,4.031141757965088,-0.5752072930335999,-1.4646018743515015,-2.3993265628814697,2.1542611122131348,-4.310290336608887,-0.3842945098876953,-1.7864042520523071,1.6337321996688843,-2.3624460697174072,-2.731255054473877,4.585147857666016,-0.2476605474948883,-2.836820125579834,-2.310011148452759,0.5071371793746948,-2.901463031768799,-1.7476751804351807,1.1111102104187012,-0.832500159740448,-1.5235353708267212
86bda2515,-2.5662596225738525,1.1206629276275635,-1.2181581258773804,3.984523296356201,-1.1569427251815796,-0.9443899989128113,-2.0516419410705566,2.9318132400512695,-2.9737548828125,0.09563341736793518,-1.4455487728118896,-0.56855708360672,-1.1421124935150146,-2.2505898475646973,4.085611343383789,-0.05386224389076233,-2.1167969703674316,-1.1161677837371826,0.6161742210388184,-0.8423954844474792,-0.7697048187255859,0.3914085030555725,-1.1647871732711792,-1.4587023258209229
86c65015b,-5.123604774475098,-2.5143301486968994,-0.2619633674621582,4.80364990234375,-1.2296274900436401,0.7602074146270752,-0.6128782629966736,-1.1336641311645508,-4.242314338684082,-0.36943569779396057,0.5743709206581116,-1.3526618480682373,1.1589454412460327,-4.228240966796875,-2.427840232849121,-1.7517411708831787,-1.5945255756378174,-0.9585225582122803,0.7639063596725464,-1.2211642265319824,0.7353951930999756,-3.7419466972351074,-1.7691826820373535,4.84882116317749
86e6beb0c,-2.9426519870758057,-0.8306747674942017,-1.2753190994262695,-0.08818714320659637,-3.09873628616333,-2.4839766025543213,1.3953630924224854,2.9178054332733154,-3.862431049346924,0.42909830808639526,0.3236563503742218,4.6852922439575195,-2.689645767211914,-3.7768101692199707,-0.83709716796875,0.1756577491760254,-1.6206457614898682,0.477542906999588,-2.2395572662353516,-0.5766392946243286,0.27853330969810486,-3.752830743789673,-0.6159737706184387,-0.009380719624459743
86eec0c08,-0.08993294835090637,-1.0633893013000488,-2.9289536476135254,5.805215358734131,0.6836302280426025,0.9352468848228455,-4.572344779968262,-1.6397802829742432,4.272244930267334,-2.7652628421783447,-1.85835599899292,-1.9339971542358398,6.53974723815918,0.3667750954627991,-0.8632558584213257,-1.5294861793518066,-3.722015380859375,-5.250709533691406,6.081552505493164,-2.405327796936035,-3.0816383361816406,1.0929034948349,7.0278520584106445,1.2702916860580444
871429c88,-4.026496887207031,-1.5575406551361084,-2.7180399894714355,0.670400857925415,-4.2930426597595215,-3.030205249786377,1.7585519552230835,1.490041732788086,-4.688541412353516,0.293703556060791,0.19346483051776886,3.779778242111206,-3.323270559310913,-4.802672386169434,-1.1848669052124023,1.0315113067626953,-0.9855861663818359,0.6219449043273926,-3.438122510910034,-1.5175212621688843,0.3033381998538971,-5.09770393371582,-1.236085295677185,-0.1958993673324585
87ad1a79c,6.362418174743652,-6.008851051330566,-4.089090824127197,2.9543299674987793,-6.237730979919434,-4.927022933959961,-6.534117221832275,-1.4493781328201294,1.2698636054992676,-6.872696399688721,0.8768442869186401,-6.674298286437988,-0.24677959084510803,-5.618817329406738,-5.280407905578613,-3.296130418777466,-7.424604892730713,-10.408815383911133,6.608264446258545,-5.591860771179199,-7.362547874450684,-5.961952209472656,-2.592416763305664,-0.01991105079650879
87edc6ad9,-3.5069468021392822,1.5025489330291748,-3.27091646194458,4.051644325256348,-3.600581645965576,-3.229569673538208,-0.22173196077346802,0.8415186405181885,-4.052437782287598,3.0611729621887207,-0.7461848855018616,1.266163945198059,-2.8171465396881104,-1.5075280666351318,-3.0197885036468506,0.3361412286758423,3.6786484718322754,3.9057652950286865,-3.075613498687744,-2.1402034759521484,-0.056671857833862305,-3.15807843208313,-2.4891538619995117,-2.0795798301696777
885540a1b,-1.5773497819900513,0.9993947744369507,5.779664993286133,2.3299455642700195,-1.607568383216858,-0.6804517507553101,-1.171088695526123,0.2067616879940033,-3.051093816757202,-0.8463447690010071,-0.5984273552894592,-0.33320480585098267,0.43491673469543457,-1.6525044441223145,-1.48554265499115,0.33777785301208496,-1.6923264265060425,-2.2624592781066895,0.28072917461395264,1.212942123413086,0.0389837771654129,-2.4639055728912354,0.18391045928001404,-0.00389060378074646
888fe0a8b,-2.69317889213562,-3.9648547172546387,-3.4276273250579834,5.373430252075195,-0.8265222311019897,5.4760212898254395,-5.598145484924316,-0.46886593103408813,1.7939915657043457,-4.344729423522949,-2.386056900024414,-4.425167560577393,5.873737812042236,0.06156686693429947,-4.025972366333008,-0.6950697302818298,-5.415738105773926,-6.216268062591553,5.3333821296691895,-2.7468650341033936,-3.3224000930786133,-2.581648349761963,-0.07749548554420471,-0.17648500204086304
889442c75,-0.39461997151374817,-0.5696992874145508,-3.7733922004699707,5.313017845153809,0.19602593779563904,-1.1755658388137817,-7.193107604980469,-4.221415042877197,0.7059147357940674,-2.915569543838501,-4.276828289031982,-6.342826843261719,6.214006423950195,1.0755623579025269,-2.69331431388855,-1.148754596710205,-5.260525226593018,-7.349826812744141,5.695494651794434,-5.252524375915527,-6.357863903045654,0.10447514057159424,-0.8273695111274719,-0.9987865686416626
88acfc06f,-2.8924245834350586,3.0623626708984375,3.3928112983703613,4.819482326507568,-1.2300167083740234,-1.1880848407745361,-3.4304685592651367,-0.806303858757019,-3.607276439666748,-0.5313411355018616,-2.407661199569702,-2.9808943271636963,-1.7250574827194214,-1.2198827266693115,-0.5310708284378052,-0.26186591386795044,-0.0580708272755146,-2.715989589691162,-1.5783319473266602,-1.4455400705337524,-1.201133370399475,0.8672270178794861,-1.3242173194885254,-2.716022253036499
88be53830,-2.3052802085876465,2.9023966789245605,6.385286331176758,4.902973175048828,-2.7452051639556885,-0.113684743642807,-2.4061667919158936,0.10427293926477432,-4.410037994384766,0.49208152294158936,-1.1082727909088135,-1.7305045127868652,-1.6066110134124756,-2.2657437324523926,-1.81520414352417,-0.3358530104160309,-0.8194250464439392,-1.3875231742858887,-1.7496331930160522,0.030670329928398132,0.008237108588218689,-2.1230897903442383,-0.6627805829048157,-1.720710039138794
88cbc1e07,-4.513267517089844,2.7536025047302246,-4.718230247497559,4.997040271759033,-2.752272844314575,-3.6391422748565674,-3.457402229309082,-1.8519620895385742,-4.946384429931641,-1.8545444011688232,-2.6147823333740234,-2.9157168865203857,-3.6852896213531494,-0.7476052045822144,-2.4062726497650146,-0.26187843084335327,3.3347654342651367,-2.9780032634735107,-3.4810879230499268,-4.718535423278809,-2.831770896911621,-1.7250983715057373,-1.9387959241867065,-2.246163845062256
88f845482,-3.879197359085083,3.071298837661743,-5.32489013671875,4.554915428161621,-0.18743565678596497,-2.842813730239868,-4.113918304443359,-0.22592750191688538,-3.988393545150757,-1.4225353002548218,-3.073819160461426,-2.1622257232666016,-3.271317720413208,1.5641593933105469,5.48461389541626,2.554190158843994,-1.6003137826919556,-3.5829784870147705,-0.08665122091770172,-3.397347927093506,-4.762886047363281,-0.12071207165718079,-0.35230910778045654,-1.3594179153442383
890a3e4dd,-1.5606539249420166,2.4680051803588867,-0.38684773445129395,4.5385589599609375,-1.4428067207336426,-0.8299142718315125,-2.080712080001831,3.8053536415100098,-3.4134416580200195,2.720890998840332,-1.832596778869629,-0.5655463933944702,-1.2550078630447388,-1.4815032482147217,4.324627876281738,2.247361183166504,-2.151628017425537,1.183260440826416,-0.047308895736932755,-1.0672227144241333,-0.7204699516296387,-0.5958636403083801,-1.1873817443847656,-1.6665984392166138
892f2856b,6.196076393127441,-5.221353054046631,-6.203436851501465,4.514335632324219,-2.3489573001861572,-4.791977882385254,-8.146775245666504,-4.203101634979248,4.487604141235352,-5.769845485687256,-1.357048511505127,-7.753647327423096,4.619953155517578,-2.807244062423706,-5.518898010253906,-4.693142414093018,-7.826496124267578,-10.198665618896484,8.237198829650879,-6.417809009552002,-8.957525253295898,-2.814493417739868,-2.755434989929199,0.5504036545753479
897882424,-7.631340026855469,-2.5641703605651855,-7.607373237609863,5.103947639465332,-6.671699523925781,-4.917348384857178,-1.8745254278182983,6.0602898597717285,-7.188737392425537,-4.08254861831665,-1.8725627660751343,5.110912799835205,-6.790227890014648,-6.430575370788574,-0.0013528019189834595,2.200531482696533,-2.6435561180114746,-4.85818338394165,-4.591307640075684,-2.943133592605591,-1.8889434337615967,-5.632962703704834,-1.7862482070922852,-3.256089925765991
897dec4a0,-1.977527379989624,-3.1151037216186523,-3.982081174850464,5.931228160858154,0.7852994203567505,3.4014625549316406,-6.761462211608887,-3.7380547523498535,3.856886386871338,-3.91841721534729,-3.1719887256622314,-5.98729944229126,6.386080265045166,1.273830771446228,-2.8069841861724854,-2.0078606605529785,-5.98781156539917,-6.286393642425537,6.072085380554199,-3.8107829093933105,-4.503809452056885,0.14722925424575806,0.5232926607131958,-0.8214272260665894
8984410b4,-4.42504358291626,-1.4934099912643433,-2.9893648624420166,0.402936190366745,-4.68364143371582,-3.2474873065948486,1.815781593322754,2.109546661376953,-4.616882801055908,-0.07029086351394653,0.12358008325099945,4.587944507598877,-4.000280380249023,-4.196716785430908,-2.18275785446167,0.6288257241249084,-0.14719033241271973,0.00856693834066391,-3.7863433361053467,-1.0103833675384521,0.560508131980896,-5.023927688598633,-1.1318048238754272,-1.0029157400131226
89c80dc08,-2.036097764968872,-3.452571153640747,-0.6350222826004028,0.4823070764541626,-4.346799373626709,-2.6808507442474365,-5.172339916229248,-2.181725263595581,-2.6531386375427246,-3.840968370437622,-1.3884902000427246,-4.254331588745117,0.513617217540741,-4.51377010345459,-2.198272466659546,-2.9028005599975586,-3.8264992237091064,-5.650974750518799,3.0995593070983887,-1.6119296550750732,-2.8830552101135254,-4.208195209503174,-3.227381706237793,-1.5398317575454712
89c89ea72,0.3212430477142334,-2.6916399002075195,-0.9648193120956421,2.352821111679077,-2.430346727371216,-1.9466865062713623,-4.298337936401367,-2.231339931488037,-2.0044491291046143,-3.0216801166534424,-0.9980106353759766,-4.920597076416016,1.9601092338562012,-3.7362027168273926,-1.1163735389709473,-2.088202476501465,-5.6553449630737305,-6.457663536071777,4.96018123626709,-2.3524250984191895,-4.341555595397949,-3.069411039352417,-2.112917184829712,0.5463365316390991
89d9af020,-5.690616607666016,-0.3487880229949951,-3.772500514984131,2.5763401985168457,-5.251878261566162,-4.065435409545898,0.12746179103851318,2.3899953365325928,-5.722178936004639,-0.8624613881111145,-1.169590711593628,0.3589937388896942,-4.414287090301514,-3.2374489307403564,-4.4914045333862305,1.3478217124938965,4.108025074005127,-0.3256208300590515,-5.362055778503418,-0.3950704038143158,0.5813401937484741,-5.637384414672852,-2.153660774230957,-0.16448016464710236
89fe7fca6,-5.247255325317383,3.3649215698242188,-0.4137724041938782,4.989022731781006,-2.919511318206787,0.5767712593078613,-3.6205482482910156,3.776637315750122,-5.903033256530762,-0.6127646565437317,-3.532245397567749,-2.697598457336426,-3.77192759513855,-2.5046768188476562,1.1640645265579224,2.6750893592834473,-2.3000192642211914,-3.3334481716156006,-2.856708526611328,-1.522646427154541,-1.1977514028549194,0.7020083665847778,-2.065643548965454,-4.847980499267578
8a455fa04,-5.118259429931641,0.036005500704050064,-6.128715991973877,4.423759937286377,-1.3622500896453857,-0.8854522705078125,-6.4290900230407715,0.9496408700942993,-5.8675217628479,-3.2470672130584717,-2.3466110229492188,-2.8084981441497803,-4.900707721710205,-4.418495178222656,7.240085601806641,-0.47505897283554077,-6.6067657470703125,-6.499533653259277,1.7935161590576172,-4.724155902862549,-4.435295581817627,-0.19248923659324646,-0.4651264548301697,-0.15748518705368042
8a554bb18,-6.389056205749512,-2.102505683898926,-6.084849834442139,4.71838903427124,-4.877854347229004,-3.1904220581054688,-0.7064121961593628,5.521852493286133,-6.036503791809082,-1.9992988109588623,-0.2083495855331421,4.7099785804748535,-4.942630290985107,-5.263618469238281,-0.14427690207958221,1.0851629972457886,-2.434119701385498,-2.807617425918579,-3.077613353729248,-2.9490673542022705,-0.8742858171463013,-4.428182601928711,-1.0517950057983398,-0.25163882970809937
8aa67d98d,7.021406650543213,5.281164646148682,-3.183030843734741,4.423698425292969,-0.24290992319583893,-4.1447343826293945,-4.6651082038879395,-1.5911412239074707,-2.1359200477600098,1.1645786762237549,-1.624307632446289,-4.71806526184082,4.581284046173096,-2.6813912391662598,-1.722593069076538,-1.3216991424560547,-5.586798191070557,-8.018147468566895,5.770975112915039,-5.4691033363342285,-6.915378570556641,-1.241654872894287,-2.6904444694519043,1.7717443704605103
8aa8fe771,-5.582508563995361,3.486923933029175,-4.984142303466797,5.533581733703613,-3.532522678375244,-5.00349760055542,-3.560976028442383,-2.7992472648620605,-5.515039443969727,-2.357273578643799,-2.757202625274658,-3.386133909225464,-5.004800796508789,-0.5369701385498047,-3.9092202186584473,-1.2542471885681152,6.152339935302734,-2.5620830059051514,-5.620192050933838,-5.059630870819092,-3.006293535232544,-2.2466888427734375,-2.5875492095947266,-2.822000503540039
8aab34fbf,-2.532031297683716,-1.50760018825531,0.44198596477508545,0.18056520819664001,-2.3556060791015625,1.0543161630630493,-0.9628758430480957,2.3404953479766846,-2.772833824157715,-0.8092422485351562,0.5582388043403625,0.6726705431938171,-0.2671778202056885,-2.542985200881958,-0.962067723274231,1.7597227096557617,-1.8461110591888428,-1.929775357246399,0.29642096161842346,0.5487670302391052,0.934799313545227,-3.7513089179992676,-0.6434083580970764,-0.10896287858486176
8aaf74b7a,-1.6649092435836792,-3.0585391521453857,-1.1675376892089844,1.7197785377502441,-2.235715627670288,-1.8389695882797241,-3.9832375049591064,-2.1923630237579346,-2.623894691467285,-2.78279185295105,-0.6927993297576904,-3.4108877182006836,1.292966365814209,-3.800783395767212,-1.359429955482483,-1.9589014053344727,-2.8949337005615234,-5.495700836181641,3.5585994720458984,-2.327653646469116,-1.657001256942749,-2.767256498336792,-2.341702938079834,0.059821128845214844
8ad354343,-1.2099722623825073,-1.7899492979049683,-4.17978048324585,5.522043228149414,-0.9007754325866699,-1.1912765502929688,-7.629098415374756,-5.041717529296875,1.3299391269683838,-3.80092716217041,-4.16320276260376,-7.247430324554443,6.435367584228516,0.7112593054771423,-3.7554609775543213,-2.265591859817505,-6.273253917694092,-7.97136116027832,6.032476425170898,-5.483021259307861,-6.909672737121582,-0.8984767198562622,-0.5496070384979248,-1.022741675376892
8b0468a55,-3.7617111206054688,1.638261079788208,-3.442945957183838,3.5493040084838867,-1.5279889106750488,-1.7960493564605713,-2.5473883152008057,1.8086990118026733,-4.890984535217285,-0.1604921966791153,-1.8447279930114746,-0.7332219481468201,-3.9941751956939697,-1.5492240190505981,5.187979698181152,2.6126813888549805,-2.73179292678833,-2.158470869064331,-1.0785984992980957,-3.084144115447998,-2.4695205688476562,0.3545711636543274,-0.9921159744262695,-1.4028674364089966
8b2162a9a,0.26447972655296326,-2.504181146621704,-5.097735404968262,5.843346118927002,1.4789555072784424,-1.9040690660476685,-7.655365943908691,-3.9160499572753906,4.668338775634766,-3.7798705101013184,-3.7231340408325195,-6.287750720977783,7.0379533767700195,0.7366100549697876,-1.5861759185791016,-3.1728243827819824,-6.218155860900879,-7.811848163604736,6.89194917678833,-5.635532379150391,-6.649714469909668,2.0659546852111816,-1.3311076164245605,-0.6127474308013916
8b4549fcb,-1.8855730295181274,-3.6763229370117188,-2.8286242485046387,4.464166164398193,-2.7837276458740234,-1.6859614849090576,-6.14085578918457,-2.561156988143921,-1.6251707077026367,-5.134321212768555,-1.6815414428710938,-5.551361560821533,3.489978313446045,-3.101483106613159,-1.9210057258605957,-1.9517145156860352,-6.288191318511963,-7.402324676513672,4.954635143280029,-4.2418599128723145,-4.996897220611572,-3.085207939147949,-1.9612712860107422,-0.22322246432304382
8b506f51d,-3.6004652976989746,0.5301283001899719,-4.775074005126953,4.767939567565918,-1.4814223051071167,-1.4349915981292725,-4.314764976501465,0.7505382299423218,-5.478423118591309,-2.219027519226074,-0.7839450240135193,-2.095968246459961,-4.818951606750488,-3.8134846687316895,5.952456951141357,0.10296526551246643,-4.880552291870117,-5.1060872077941895,0.5479326844215393,-3.7312557697296143,-3.0144805908203125,-1.551478624343872,-0.4573820233345032,-1.30487060546875
8b5f83172,-5.0387420654296875,-0.4754040241241455,-2.1711902618408203,2.59541916847229,-4.875983238220215,-2.584221363067627,-0.4489215314388275,4.779378414154053,-5.350222587585449,0.5004661083221436,-0.38899436593055725,2.376880645751953,-4.022623538970947,-3.405143976211548,-2.5305469036102295,1.2401244640350342,-0.1303981989622116,-0.8127999901771545,-3.8548922538757324,0.500029444694519,1.6618497371673584,-4.165351867675781,-2.354518413543701,-3.4436326026916504
8b8f1beaa,-4.270009994506836,3.2411229610443115,-3.3159897327423096,4.438897132873535,-2.9242098331451416,-4.042170524597168,-2.6169700622558594,-1.9178436994552612,-5.080456733703613,-0.7693040370941162,-2.7191085815429688,-2.166149139404297,-4.400487899780273,-0.5439525246620178,-2.86346697807312,-1.0361430644989014,5.468104839324951,-1.0838954448699951,-4.477394104003906,-3.88818621635437,-1.7653621435165405,-2.139488935470581,-2.3320393562316895,-2.4549248218536377
8ba33506f,-2.2980644702911377,-1.9932953119277954,-5.403044700622559,5.928976058959961,2.7849907875061035,-0.6362361311912537,-6.679890155792236,-3.9687726497650146,-0.1422988921403885,-2.566101551055908,-3.369264841079712,-6.286396503448486,5.469428539276123,-0.27101635932922363,-1.2466459274291992,-3.00740385055542,-6.349208831787109,-6.708526134490967,5.457269668579102,-5.494152069091797,-6.335853576660156,1.8908144235610962,-0.8352670669555664,3.1254310607910156
8bb09d1ac,-5.278707027435303,1.697218894958496,-3.225231647491455,3.9057960510253906,-4.134774684906006,-4.317420959472656,-0.7951650619506836,-1.7722452878952026,-5.447609901428223,-0.553358793258667,-1.9978742599487305,-1.0680267810821533,-4.6308183670043945,-1.4228849411010742,-3.9425625801086426,-0.5861967206001282,4.784639835357666,-0.014660313725471497,-4.806199550628662,-3.3973548412323,-0.7180767059326172,-4.188733100891113,-2.9025511741638184,-2.298827648162842
8bd2dcf17,6.728226184844971,-4.776291847229004,-4.034359455108643,2.870988130569458,-3.887272357940674,-4.754012584686279,-6.613180160522461,-3.417830467224121,2.6402621269226074,-5.974079608917236,-0.05934438109397888,-6.817109107971191,2.1397924423217773,-3.3044161796569824,-6.421815395355225,-3.9625372886657715,-6.978428840637207,-10.001784324645996,7.737969875335693,-5.320776462554932,-7.758037090301514,-4.708703517913818,-2.759138584136963,0.2058059573173523
8bf232851,-6.2256364822387695,-0.2863655686378479,-2.939913034439087,1.1583789587020874,-5.587048530578613,-3.115804672241211,0.39841794967651367,5.558371067047119,-5.732518196105957,-0.533928632736206,-2.485546350479126,1.7979778051376343,-3.8623623847961426,-3.2837343215942383,-2.652221202850342,3.0360403060913086,2.9867300987243652,-0.6635278463363647,-4.693826675415039,1.0488569736480713,1.0962620973587036,-4.305332660675049,-2.130805253982544,-3.5899577140808105
8bf28af37,-8.170714378356934,-0.546440839767456,-7.046262741088867,4.332045078277588,-7.456606864929199,-5.737901210784912,-0.37002718448638916,5.759172439575195,-7.344037055969238,-3.0773708820343018,-2.422025680541992,3.7401065826416016,-6.848735332489014,-3.1379833221435547,-4.327983856201172,2.7604403495788574,4.106207847595215,-2.755227565765381,-7.214204788208008,-0.9888249039649963,-0.7396514415740967,-6.929701805114746,-2.0348267555236816,-3.8439669609069824
8bf3680f6,-0.6330696940422058,-3.16483473777771,-5.204124450683594,5.923849582672119,1.240400791168213,-0.40483593940734863,-7.6905903816223145,-4.2615437507629395,4.858489036560059,-4.421867847442627,-3.261141300201416,-6.3929619789123535,6.908994674682617,1.3539440631866455,-1.7530354261398315,-3.443723678588867,-5.974762439727783,-7.961396217346191,6.407238960266113,-5.403921604156494,-6.299160003662109,2.3568997383117676,-0.30906498432159424,-0.5227325558662415
8c1384bc5,-1.89697265625,-1.4683475494384766,-1.546121597290039,4.555856227874756,-0.6344864964485168,-0.15038177371025085,-5.138031005859375,-1.9523738622665405,-1.091578483581543,-2.7717761993408203,-2.434622287750244,-4.6291728019714355,4.24292516708374,-1.8353140354156494,-1.2064976692199707,-2.3301124572753906,-5.329229354858398,-5.505547523498535,4.376996994018555,-3.053532361984253,-3.1970481872558594,-0.7873277068138123,-1.1309881210327148,-0.4672510027885437
8c3801df7,-4.250291347503662,-0.8181033134460449,0.022566378116607666,5.09275484085083,0.8970538377761841,7.521890640258789,-4.339413642883301,2.6065173149108887,-1.1209748983383179,-1.6288509368896484,-2.2512121200561523,-2.649556875228882,4.200779438018799,0.6420270204544067,-0.99284827709198,1.0784094333648682,-4.51093864440918,-3.3212599754333496,4.199662685394287,-1.667939305305481,-0.6028508543968201,-0.9558473825454712,0.37582752108573914,5.081151962280273
8c76ae5d1,-2.324167013168335,-0.5336267948150635,-3.0331859588623047,3.5067098140716553,-0.4876909852027893,-2.02775239944458,-5.436877727508545,-0.7248973846435547,-3.4533016681671143,-2.756251811981201,-1.753244400024414,-3.039543628692627,-0.9728271961212158,-4.414978981018066,6.531684875488281,-1.0496180057525635,-5.791717052459717,-5.6700849533081055,4.068838119506836,-2.43415904045105,-3.6639156341552734,0.1780603677034378,-0.9263619184494019,-0.6335341930389404
8c97e1be3,-3.3589301109313965,-0.17662282288074493,-0.21639549732208252,-1.83896005153656,-3.267820119857788,-0.7505593299865723,1.7897965908050537,-0.3134182095527649,-4.493916988372803,0.7710047960281372,0.9463814496994019,0.808063805103302,-3.0842623710632324,-3.304715871810913,-2.3327198028564453,0.16202190518379211,1.921880841255188,0.17804867029190063,-1.915142297744751,0.18363243341445923,1.4234930276870728,-4.445937633514404,-3.0363099575042725,-1.015959620475769
8c9901ea4,-2.431872844696045,-1.6636935472488403,-2.535463809967041,5.497593879699707,0.8245048522949219,0.7491949796676636,-5.466190814971924,0.1942163109779358,0.04475373402237892,-2.891771078109741,-3.6908843517303467,-4.0616960525512695,5.717795372009277,-0.12411192059516907,-0.7330896854400635,-1.0773669481277466,-5.259178161621094,-5.387487411499023,5.483513355255127,-3.3156943321228027,-4.266778469085693,0.3850019574165344,-0.28996512293815613,0.7228975296020508
8ca49dac4,-3.600571393966675,-1.9147151708602905,-3.519261360168457,5.56081485748291,-0.41141122579574585,0.7867298722267151,-3.779897689819336,-2.2221760749816895,-2.3539466857910156,-2.8017501831054688,-0.7579402923583984,-4.781166076660156,3.636122226715088,-3.530125856399536,-1.3749992847442627,-2.8201422691345215,-5.680227279663086,-4.783472537994385,2.8244612216949463,-3.6718616485595703,-2.6799190044403076,-1.8863580226898193,-0.8051515817642212,4.900754928588867
8cc7be1ef,-4.305695056915283,3.631312370300293,-0.8111425042152405,5.081940650939941,-0.7863941788673401,-2.3532776832580566,-5.427335739135742,-1.1941416263580322,-4.133793830871582,-1.8006802797317505,-3.615067720413208,-4.403709888458252,-2.8835411071777344,-0.6223123669624329,0.5187414884567261,-0.41192179918289185,0.13491424918174744,-4.4723429679870605,-2.2895736694335938,-4.18326473236084,-3.5914247035980225,2.4106526374816895,-1.4815590381622314,-3.271756172180176
8cdac6cc5,-4.068858623504639,-0.5675868988037109,-3.405454635620117,0.8678663372993469,-3.8768372535705566,-3.7640280723571777,1.7301347255706787,1.502695083618164,-4.060663223266602,-0.2849539518356323,-0.17378997802734375,3.539289712905884,-3.490785598754883,-3.1323013305664062,-1.902001142501831,0.6645559072494507,1.043297290802002,0.32165834307670593,-3.990424156188965,-1.5332815647125244,0.06621339917182922,-4.395254135131836,-1.4216346740722656,2.5876381397247314
8d1e9d6c1,-6.904062271118164,0.6419447660446167,-3.3523406982421875,4.48992919921875,-4.719403266906738,0.057923465967178345,-0.9321181774139404,4.230857849121094,-5.770997047424316,-0.19933569431304932,-1.903374195098877,0.946130096912384,-4.6078572273254395,-3.0229651927948,-2.0783262252807617,1.7699966430664062,2.465834140777588,-0.39443206787109375,-4.464601516723633,1.0964829921722412,1.6046154499053955,-4.156005859375,-2.0342977046966553,-3.6242339611053467
8d2f603fa,-6.330541133880615,-1.6763197183609009,-5.337918281555176,2.7281458377838135,-5.326210021972656,-4.579779624938965,0.1938621699810028,4.906611442565918,-5.828444957733154,-1.4879544973373413,-1.0245405435562134,3.8224120140075684,-4.270941257476807,-5.009213924407959,-3.9925169944763184,1.004162311553955,3.6658008098602295,-1.0834475755691528,-5.275529384613037,-0.28080034255981445,1.129199743270874,-6.284123420715332,-1.8663394451141357,2.4619717597961426
8d73a8fe9,-0.04685378074645996,0.961521327495575,-3.6189634799957275,5.332400798797607,1.072657585144043,-0.8750696182250977,-5.388454914093018,-2.659958839416504,-0.7512561082839966,-1.925825834274292,-2.936058282852173,-4.6315717697143555,4.629368782043457,3.9258601665496826,-0.060357920825481415,-0.22122527658939362,-3.744548797607422,-5.936962604522705,4.851883888244629,-3.337127447128296,-5.400365829467773,-0.0019010156393051147,-0.8098099231719971,0.7961558103561401
8d76a5841,-4.418762683868408,-4.419859886169434,-5.620292663574219,5.895794868469238,-0.4149293899536133,1.7243666648864746,-5.853397369384766,-4.66595458984375,-1.7429896593093872,-4.953859806060791,-2.3753509521484375,-7.060854911804199,5.036279678344727,-3.237569570541382,-3.772667407989502,-3.4887619018554688,-8.02795696258545,-7.0579681396484375,4.719688892364502,-4.822366237640381,-5.639671802520752,-2.437621831893921,-0.6063855886459351,5.32138729095459
8da7476d3,-6.044500827789307,-3.394643783569336,-2.3224313259124756,2.393653631210327,-1.3903578519821167,0.08238129317760468,0.7246545553207397,-2.2707700729370117,-4.474877834320068,-0.897135317325592,1.1302545070648193,-1.5506402254104614,-0.6771804094314575,-4.193119525909424,-3.4207868576049805,-1.3048982620239258,-2.01210355758667,-1.3793867826461792,-1.3790806531906128,-1.0116196870803833,0.9610697031021118,-5.612543106079102,-1.6860756874084473,4.81740665435791
8dc663cc1,-5.359448432922363,0.11116873472929001,-3.6998941898345947,2.2525696754455566,-5.049976348876953,-3.859823226928711,1.7448146343231201,1.2236318588256836,-5.4638237953186035,-0.3066561818122864,-1.105090856552124,2.2765066623687744,-4.256569862365723,-3.2836358547210693,-2.9754748344421387,2.452071189880371,3.0798768997192383,0.8266816735267639,-4.850813865661621,-1.146950602531433,0.05293834209442139,-5.28078556060791,-2.0663836002349854,-1.3334294557571411
8dc99d34c,-1.1503043174743652,-0.08992616832256317,-0.09879741072654724,4.347452640533447,0.608150839805603,3.9987375736236572,-1.8612288236618042,0.18287049233913422,0.8744522333145142,-1.0193665027618408,-0.1291380077600479,-0.1768895983695984,4.271867275238037,-0.47903183102607727,-0.09762388467788696,0.5729250907897949,-2.1126298904418945,-2.0751335620880127,4.655372619628906,-0.2598804235458374,-0.5125308036804199,-1.1866132020950317,5.874018669128418,1.2450071573257446
8dd622336,-4.696719646453857,0.5526077747344971,-5.131152153015137,4.433010578155518,-3.534576892852783,-2.6797893047332764,-1.6535553932189941,2.514718532562256,-5.854209899902344,1.149288535118103,-1.5034525394439697,0.764723539352417,-4.342593193054199,-3.9812676906585693,4.921964645385742,2.6420912742614746,-3.4119622707366943,-0.8316061496734619,-1.9998817443847656,-2.8906197547912598,-1.5015392303466797,-2.351353406906128,-1.4048651456832886,-1.631211519241333
8dec41842,-4.309492588043213,2.577681303024292,-0.591969907283783,5.459280490875244,-0.4470180869102478,-1.6264278888702393,-5.840242862701416,-1.634015679359436,-4.409961700439453,-1.9079275131225586,-2.94374418258667,-4.480677604675293,-1.621461272239685,-0.9731681942939758,-0.47735708951950073,-0.3232133984565735,-1.3777859210968018,-5.176046371459961,-1.167316198348999,-4.450371742248535,-2.972407817840576,2.4322948455810547,-2.225350856781006,-2.2168467044830322
8e05ea88f,-2.7192914485931396,2.0927233695983887,-0.5637263655662537,4.95347785949707,-2.169206142425537,-1.4817299842834473,-1.0852042436599731,-0.1469569206237793,-3.699632406234741,1.7969169616699219,-1.24908447265625,-1.0065592527389526,-1.5139514207839966,-1.1674294471740723,-1.0408469438552856,2.416196346282959,0.529582679271698,-0.14595583081245422,-1.4757847785949707,-2.014286756515503,-0.5523949861526489,-1.0272583961486816,-1.3648946285247803,-1.7007737159729004
8e063da9b,-3.8450965881347656,0.8908354640007019,-6.366926670074463,5.695830345153809,-2.0008158683776855,-2.7639665603637695,-4.490107536315918,0.10189308971166611,-6.200887680053711,-2.5583717823028564,-1.5445424318313599,-2.0731868743896484,-4.913136959075928,-3.913339138031006,6.54395055770874,2.201270580291748,-5.3127665519714355,-6.236560821533203,0.4576324224472046,-5.085555076599121,-4.397214889526367,-2.0328269004821777,-0.46957382559776306,-1.0478880405426025
8e2a4d634,-4.876576900482178,-0.400369256734848,-3.727613925933838,3.085524082183838,-3.768441915512085,-2.418137550354004,0.38681989908218384,2.5362489223480225,-4.844736576080322,-0.7483466863632202,0.15480050444602966,2.9469003677368164,-3.9716835021972656,-3.3390729427337646,-1.8676435947418213,-0.03833768889307976,0.9645405411720276,-0.6761057376861572,-3.284567356109619,-2.0235955715179443,0.245024174451828,-3.575514793395996,-1.110832929611206,0.8628709316253662
8e4775622,-5.624373912811279,-0.6887315511703491,-2.5060677528381348,3.797290086746216,-5.309869766235352,-2.175812005996704,-0.49669334292411804,5.644444942474365,-4.4113664627075195,-0.2694994807243347,-1.2568073272705078,3.3203816413879395,-4.862068176269531,-3.1153945922851562,-3.254666328430176,1.7811518907546997,3.0539143085479736,0.1306692212820053,-4.66980504989624,1.6479965448379517,0.9280539751052856,-4.63446044921875,-2.2067129611968994,-4.024106502532959
8e528028b,-2.7807748317718506,-3.725505828857422,-3.01721453666687,5.615946292877197,-1.4757624864578247,0.007766664028167725,-7.160221576690674,-4.793725967407227,2.375545024871826,-5.613869667053223,-3.0811655521392822,-5.770256042480469,5.961806774139404,-0.7455236911773682,-3.1257052421569824,-2.4606070518493652,-6.468796730041504,-7.549947738647461,5.818443298339844,-3.721332550048828,-5.160356521606445,-1.5135726928710938,5.297167778015137,0.6468249559402466
8e71e48ff,-7.052282333374023,4.104691028594971,-5.109091281890869,6.160446643829346,-5.115658283233643,-4.899533748626709,-5.195908546447754,-2.1588549613952637,-7.827876567840576,-4.05040168762207,-3.3496646881103516,-5.001762390136719,-6.805861473083496,-0.4626276195049286,-4.562493324279785,-0.6592062711715698,5.869614124298096,-5.191527843475342,-7.464778900146484,-5.835790634155273,-3.910305976867676,-3.6023664474487305,-2.6233692169189453,-4.375065326690674
8e879abea,-5.734128952026367,-1.626845359802246,-4.504452705383301,4.472772121429443,-6.095630645751953,-3.278636932373047,-1.1410033702850342,5.466378211975098,-6.034792423248291,-1.455443263053894,-0.5297902226448059,3.549776554107666,-4.9762372970581055,-5.112220764160156,-0.533474326133728,1.7799582481384277,-0.7432602643966675,-1.5351841449737549,-4.4032368659973145,-0.3409009575843811,-0.4995531737804413,-4.881594181060791,-1.5279479026794434,-2.206810474395752
8ea5e9098,3.6261038780212402,-4.61036491394043,-0.776473343372345,1.2645204067230225,-5.280003547668457,-3.139366388320923,-5.222848892211914,-2.586592435836792,0.230802983045578,-4.571897983551025,0.2318757325410843,-5.030823230743408,1.3509700298309326,-4.565460205078125,-4.387457847595215,-2.84279203414917,-4.840587139129639,-7.359860897064209,5.800877094268799,-2.8567211627960205,-4.5146918296813965,-5.669002532958984,-2.159738540649414,-0.24756982922554016
8ec2fa5d8,-6.71962308883667,4.405068397521973,-5.399574279785156,6.012418270111084,-5.225122928619385,-5.241839408874512,-4.721597671508789,-2.6190359592437744,-7.483174800872803,-3.3713884353637695,-3.1689882278442383,-4.553628444671631,-6.7750043869018555,-0.44990232586860657,-4.622084617614746,-0.9632823467254639,6.828159332275391,-3.8365330696105957,-7.335356712341309,-5.556640148162842,-3.8750808238983154,-3.937326669692993,-2.818113327026367,-3.931612730026245
8f08fecc4,-2.9324729442596436,-5.635338306427002,-5.340638160705566,5.4420342445373535,-3.0496041774749756,-2.190993070602417,-7.92085599899292,-4.7622480392456055,-0.8632835149765015,-6.568028926849365,-3.2342329025268555,-8.345388412475586,5.375591278076172,-3.347855806350708,-4.569711685180664,-3.482712745666504,-8.480048179626465,-9.842155456542969,5.992978572845459,-6.352667808532715,-7.485390663146973,-3.976963758468628,-1.9688454866409302,0.7463146448135376
8f1a07b59,-1.003043293952942,0.4940970242023468,-1.7152303457260132,2.878911018371582,-1.3794363737106323,-1.1526381969451904,-0.5204424858093262,0.38634181022644043,-4.022221088409424,-0.8611096143722534,-0.8663640022277832,0.7614642977714539,-0.8954761624336243,-3.8858351707458496,4.3686203956604,3.68308687210083,-4.1561665534973145,-2.3355610370635986,1.7906789779663086,-1.9112015962600708,-1.9528690576553345,-2.8207907676696777,0.008068390190601349,0.7714042663574219
8f1d1ee6b,0.016839459538459778,0.3662424385547638,-4.205667018890381,5.614952564239502,1.6941416263580322,-1.7900738716125488,-6.835366249084473,-3.285858392715454,0.8296971321105957,-1.880903720855713,-4.623595714569092,-5.918036460876465,6.216959476470947,0.5931525230407715,-1.022108793258667,-1.2693732976913452,-4.867288112640381,-7.125290393829346,6.11769962310791,-5.530029296875,-6.526308059692383,1.6777689456939697,-1.2202914953231812,-0.7957808971405029
8f308b3d3,0.37434542179107666,-1.232389211654663,0.38887646794319153,1.1856586933135986,-2.034409999847412,1.245699405670166,-1.963671326637268,1.3956323862075806,-2.667389392852783,-0.7518082857131958,-0.08932163566350937,-1.3504791259765625,0.3386845588684082,-2.74984073638916,-0.1656859964132309,-0.3252575695514679,-3.521775722503662,-2.3704681396484375,2.6746773719787598,-0.15684759616851807,-0.6326296329498291,-2.5638322830200195,-1.2081481218338013,0.7158737182617188
8f309bb98,-2.315122365951538,-1.3472822904586792,-2.068232536315918,4.561789512634277,0.8750327825546265,-0.15511909127235413,-4.729375839233398,-3.0247135162353516,-0.756417453289032,-2.120253562927246,-2.7406134605407715,-5.144144058227539,4.724146366119385,-1.3001935482025146,-2.0999755859375,-3.2402710914611816,-5.000857353210449,-4.726654529571533,4.2471513748168945,-3.459317445755005,-3.914700508117676,0.34351426362991333,-0.8467338681221008,2.4607956409454346
8f37d32c2,-2.7963008880615234,-3.560534954071045,-2.313776731491089,5.501225471496582,-0.5198254585266113,4.7999396324157715,-5.64758825302124,-2.6869864463806152,0.37686124444007874,-4.522182941436768,-1.0292128324508667,-5.074583053588867,4.360498428344727,-1.1156694889068604,-1.769928216934204,-0.6871054172515869,-5.666068077087402,-6.350017547607422,5.248594284057617,-2.3295183181762695,-3.5803210735321045,-1.4217476844787598,-0.21539613604545593,-0.14468306303024292
8f8217c50,-1.730238437652588,-0.7248491644859314,-1.161906123161316,3.476025342941284,-1.2391645908355713,0.7803642153739929,-2.3038551807403564,-0.785354495048523,-1.6555877923965454,-0.9455686211585999,-0.464163601398468,-1.4768503904342651,2.384321689605713,-1.843231439590454,0.8703242540359497,-0.1705004870891571,-3.1610002517700195,-2.50504469871521,3.2649879455566406,-1.1744199991226196,-0.3490280508995056,-1.914170503616333,-0.8444372415542603,0.13078999519348145
8f887e6b9,-3.305081605911255,-0.40703439712524414,0.28067272901535034,-0.08009498566389084,-3.4950060844421387,-0.8204943537712097,1.4701118469238281,1.4501396417617798,-4.41422176361084,1.3879793882369995,-0.669681191444397,0.8397895097732544,-2.609626531600952,-3.6400582790374756,-1.4837085008621216,-0.29489120841026306,0.7241820096969604,0.9679762125015259,-2.2896509170532227,0.004069969058036804,1.444820761680603,-4.054089069366455,-2.9846580028533936,-1.0922605991363525
8fd4cd332,2.6391725540161133,4.525294780731201,-1.1076686382293701,3.745055675506592,-0.6371636986732483,-2.0094258785247803,-0.9540121555328369,1.2891122102737427,-3.705683708190918,4.879143714904785,-0.8452434539794922,0.18972426652908325,0.4264580011367798,-0.7327336072921753,1.000767469406128,0.8307633996009827,-0.85547935962677,1.2977280616760254,2.422717332839966,-1.67611563205719,-1.3216840028762817,-1.074519157409668,-2.987365245819092,1.4057103395462036
8fefe1c3e,-7.367803573608398,4.189091682434082,-5.218483924865723,5.757373809814453,-5.197463035583496,-5.772068500518799,-5.617510795593262,-3.087623119354248,-8.225174903869629,-4.490929126739502,-3.977834701538086,-5.338250160217285,-6.446417331695557,-0.5912289619445801,-5.650424003601074,-1.5791200399398804,6.66772985458374,-5.522825241088867,-7.315938472747803,-5.903642177581787,-4.276033878326416,-3.9658172130584717,-3.498352289199829,-4.455965042114258
9029f31b7,-0.21777686476707458,2.132197618484497,-0.3524794578552246,2.6161839962005615,-1.6353098154067993,-1.671876072883606,0.0034857988357543945,0.5453525185585022,-3.4816689491271973,2.8699004650115967,-1.065456748008728,0.5916618704795837,-1.0542724132537842,-2.7397608757019043,2.3795816898345947,3.269821882247925,-0.8493874073028564,1.1789764165878296,0.08647564053535461,-1.2842415571212769,-0.7205361127853394,-2.3476672172546387,-1.1353679895401,1.0720877647399902
9065f71df,-2.546731948852539,0.1701466143131256,6.121933937072754,3.5416924953460693,-0.740851640701294,0.4362497329711914,-1.858133316040039,-1.3345959186553955,-2.9799883365631104,-1.0622859001159668,-1.970109224319458,-2.0615720748901367,2.9530839920043945,-1.342740535736084,-1.4003384113311768,2.1469357013702393,-2.7861597537994385,-2.699307680130005,2.302957534790039,0.1506708860397339,-0.4204588532447815,-1.4204323291778564,-0.385865718126297,-0.7933961153030396
906890122,-1.1970860958099365,2.8485779762268066,-0.6151000261306763,3.945514440536499,-1.0450177192687988,-1.476318597793579,-2.3752872943878174,0.9809086322784424,-3.3209688663482666,0.798492968082428,-1.6971580982208252,-1.3630428314208984,-1.9825519323349,-1.5273044109344482,4.184080600738525,0.7067574262619019,-1.5605655908584595,-0.9809803366661072,-0.3876984119415283,-1.9598997831344604,-2.1195755004882812,-0.3406580686569214,-0.6669447422027588,-0.9347337484359741
909dd653a,-1.0991474390029907,0.2678660452365875,5.864293098449707,1.8423349857330322,-2.0862467288970947,0.030744433403015137,-1.0517797470092773,-0.2700715959072113,-2.83624005317688,-0.33931851387023926,-0.7540294528007507,-0.2455926090478897,0.7091014385223389,-1.7928674221038818,-1.7787795066833496,0.2794230282306671,-0.6803886294364929,-1.5461444854736328,-0.07681349664926529,1.9727413654327393,0.7156050205230713,-2.523207426071167,-0.3811197280883789,-1.3768243789672852
90c001537,-3.7766356468200684,-0.7729207277297974,-0.560093104839325,-2.6031086444854736,-3.397944450378418,-2.0309619903564453,0.46494626998901367,1.0629608631134033,-4.2468390464782715,0.6926570534706116,-0.4865890145301819,3.5312552452087402,-2.4524643421173096,-3.238523244857788,-1.7382806539535522,-0.38684535026550293,-1.3771045207977295,0.2447384148836136,-1.8342899084091187,-0.1362038552761078,1.0724704265594482,-4.157837390899658,-1.47971773147583,-1.7367310523986816
90d8de72b,-2.4432342052459717,0.24231091141700745,-2.8378379344940186,5.12947940826416,0.7775390148162842,-1.657029390335083,-5.4835381507873535,-2.4822945594787598,-0.9875015020370483,-2.006007194519043,-3.4915313720703125,-4.513962268829346,4.018276691436768,0.26589202880859375,-0.8326130509376526,-0.7860915660858154,-2.330869436264038,-5.5402021408081055,3.458704948425293,-4.744881629943848,-4.694000720977783,1.4038078784942627,-1.9218342304229736,-1.6822078227996826
90ee11fdd,-0.971859335899353,-2.9037530422210693,-1.475733995437622,1.7601333856582642,-2.949610710144043,-0.8841301798820496,-4.572389125823975,-1.7598528861999512,-2.825319766998291,-3.366100788116455,-0.7408324480056763,-4.667675018310547,1.0330147743225098,-4.373635292053223,1.3431048393249512,-1.9777950048446655,-5.861423492431641,-5.583868980407715,3.9287471771240234,-2.2176566123962402,-3.2570974826812744,-3.28897762298584,-2.0617165565490723,-0.06073315441608429
911410be5,-6.12926721572876,-1.235572338104248,-5.467127323150635,5.0171284675598145,-4.656768798828125,-3.4069042205810547,-1.431316614151001,5.514418125152588,-6.05755090713501,-0.6128031611442566,-1.3676389455795288,4.4803032875061035,-5.124183177947998,-4.552757263183594,0.6739819645881653,1.4798469543457031,-1.8537061214447021,-1.7803839445114136,-3.602623224258423,-2.7486023902893066,-1.465645432472229,-3.903357744216919,-1.6606509685516357,-1.8532687425613403
91230eb94,-2.0606257915496826,-0.5442704558372498,-1.0158288478851318,1.4217177629470825,-0.699289858341217,-2.31200909614563,-5.032776355743408,-1.0295064449310303,-2.8885140419006348,-1.9485281705856323,-2.150681972503662,-3.383206844329834,-0.09464035928249359,-3.9122962951660156,3.664764404296875,-4.376886367797852,-3.6009459495544434,-4.2215471267700195,3.590930461883545,-0.45870304107666016,-2.062976360321045,0.8850773572921753,-3.2653260231018066,-1.5479443073272705
912391168,-4.106936454772949,3.2767093181610107,-2.547928810119629,5.277042388916016,-0.873501181602478,-2.309069871902466,-5.664125919342041,-1.1849398612976074,-3.674409866333008,-1.7215725183486938,-3.5273971557617188,-4.32399320602417,-3.01753568649292,-0.939842939376831,0.8402296304702759,-0.8868517875671387,0.2658613920211792,-4.215613842010498,-2.03591251373291,-4.311551094055176,-3.4886817932128906,2.5059139728546143,-1.5700407028198242,-3.0714855194091797
91390f004,-5.18344783782959,1.877840280532837,-5.089669227600098,4.551000595092773,-2.150157928466797,-2.3145318031311035,-4.436583042144775,3.249143362045288,-6.152302265167236,-1.103950023651123,-3.4034042358398438,-1.5784412622451782,-5.732517242431641,-3.478707790374756,7.047327041625977,2.0326712131500244,-3.948639154434204,-3.6809160709381104,-1.755122423171997,-3.4494168758392334,-3.8507089614868164,-0.3107590079307556,-0.9575932621955872,-2.5997588634490967
913d068d5,-4.90400505065918,-1.5877856016159058,-3.8583157062530518,3.600795269012451,-4.425942897796631,-2.95405912399292,1.338672399520874,4.4776811599731445,-5.05344295501709,-1.304569959640503,-0.24034413695335388,5.185795783996582,-3.968841075897217,-5.034422874450684,-0.22327718138694763,2.407508373260498,-1.211291790008545,-0.6751073598861694,-2.806180477142334,-1.052217960357666,-0.7207618355751038,-4.133373737335205,-0.8635472059249878,0.1211916133761406
91718392f,-3.3164305686950684,-0.6406145691871643,-1.2989542484283447,2.0179638862609863,-2.2159907817840576,-1.2406809329986572,0.3176528513431549,1.486769199371338,-3.995302438735962,1.018689513206482,-0.5646401643753052,1.2141263484954834,-1.9210028648376465,-3.3676211833953857,-0.9300869703292847,-0.9843854904174805,0.6413463354110718,1.4391697645187378,-1.3855043649673462,-0.6506437659263611,1.4357821941375732,-2.1685235500335693,-2.456684112548828,0.2545788288116455
917e06722,-2.892803430557251,-4.609484672546387,-5.034812927246094,5.410175800323486,-3.287766933441162,-1.595523476600647,-6.8100409507751465,-3.6552181243896484,-1.4115238189697266,-5.418715476989746,-2.6142358779907227,-6.671785831451416,4.610415935516357,-3.1748344898223877,-3.344954490661621,-1.560537338256836,-7.117430686950684,-7.945063591003418,5.770864486694336,-5.603707313537598,-5.943355560302734,-4.14240026473999,-1.5569789409637451,0.6128345727920532
91c52abc7,-5.674103736877441,-2.39080548286438,-3.3176796436309814,2.9826319217681885,-6.180157661437988,-4.000100612640381,0.3299713432788849,5.40814208984375,-5.412536144256592,-3.019930362701416,-0.8721094131469727,5.373780727386475,-5.160456657409668,-5.350872993469238,-2.9586262702941895,1.7342841625213623,-1.2389254570007324,-2.9331562519073486,-4.643144607543945,-0.62147456407547,-1.1562386751174927,-5.878666877746582,-0.9307525157928467,-2.607815980911255
91e2476b6,-3.8077683448791504,0.10063779354095459,-4.38786506652832,4.1160888671875,-2.0143537521362305,-1.8075625896453857,-2.172790050506592,-0.1665244698524475,-5.2444586753845215,-2.519458532333374,-0.917820394039154,-0.3615068793296814,-3.1373231410980225,-4.250270366668701,6.086823463439941,3.720435619354248,-4.680748462677002,-4.7382588386535645,1.3169374465942383,-3.5471062660217285,-2.894024610519409,-2.223522186279297,0.3212440013885498,-0.5665228366851807
920a7f806,-1.9259382486343384,3.043447494506836,-4.787508010864258,4.282375335693359,-0.0881805419921875,-3.035120964050293,-5.233816623687744,-0.6261613368988037,-2.979590892791748,-1.028874158859253,-3.505643129348755,-3.458141565322876,-2.222932815551758,-1.643018126487732,4.458743572235107,-0.7227928638458252,-1.8586174249649048,-4.3105387687683105,0.11473798006772995,-4.266250133514404,-4.997496604919434,1.6385016441345215,-0.7928817272186279,-1.2963253259658813
923b713aa,-1.8397231101989746,-1.9270838499069214,-0.364357054233551,-1.225662112236023,-2.1270840167999268,-1.5441334247589111,-1.422884225845337,-0.6286367774009705,-3.203665256500244,-0.21587391197681427,-1.1459697484970093,-1.1240830421447754,-0.283856600522995,-3.5295724868774414,-1.2126481533050537,-1.6345691680908203,-1.4280657768249512,-1.8470783233642578,2.0484261512756348,-0.17495819926261902,0.8259531259536743,-3.012133836746216,-2.653301477432251,-0.6588096618652344
927796856,0.7034124135971069,-1.2496236562728882,0.6581061482429504,-1.8666071891784668,-3.4767909049987793,-2.536898136138916,-1.7894502878189087,-1.4518511295318604,-2.464275598526001,-1.5363335609436035,0.40598469972610474,-1.1565577983856201,-1.4810612201690674,-3.280100107192993,-2.27140736579895,-1.7447483539581299,-0.47010135650634766,-2.8123252391815186,2.498357057571411,0.4059423804283142,-0.33737677335739136,-3.8340721130371094,-2.639357805252075,-1.1606061458587646
928deee72,-0.9035701751708984,-3.2975831031799316,-4.810114860534668,6.28658390045166,1.4210851192474365,2.1812174320220947,-7.413365840911865,-3.4745779037475586,5.521414279937744,-4.104787826538086,-2.494980812072754,-5.713070869445801,7.065165996551514,1.6030194759368896,-1.4524800777435303,-2.5312867164611816,-5.659631729125977,-6.846004486083984,6.255463123321533,-4.504077434539795,-4.674141883850098,2.159249782562256,0.20580381155014038,-0.6062617301940918
92ab93a32,-1.014578938484192,-0.7065512537956238,-0.6648287177085876,0.7601773738861084,-1.5083303451538086,0.40865737199783325,-1.0952662229537964,-0.4566095471382141,-3.2183635234832764,-0.0009527727961540222,0.5188444256782532,-1.2811434268951416,-0.0992620438337326,-2.8322598934173584,0.9292150139808655,0.13922767341136932,-2.7909188270568848,-1.5508809089660645,1.2950092554092407,-1.1144649982452393,1.1942310333251953,-2.790290355682373,-1.330744743347168,0.7725237011909485
92ac00af7,-3.6691582202911377,-0.9475117921829224,-0.5329406261444092,1.3451206684112549,-2.3254013061523438,-1.5104020833969116,-0.04850086569786072,0.25888118147850037,-3.9011054039001465,1.0790942907333374,-0.4976867735385895,0.23147724568843842,-1.6963739395141602,-3.2607004642486572,-1.6288177967071533,-0.9846152067184448,0.8953946828842163,0.7633662223815918,-1.6247992515563965,-0.05646943300962448,1.3023637533187866,-2.829488754272461,-2.9716081619262695,-0.34963008761405945
92b4e565c,-4.513663291931152,0.15873625874519348,-2.313579797744751,3.0145633220672607,-3.7744131088256836,-2.853893756866455,0.4158516526222229,2.679750919342041,-4.384192943572998,0.15602852404117584,-1.003281593322754,0.8629921674728394,-3.2861645221710205,-2.6237146854400635,-1.943608045578003,3.0884597301483154,3.053921937942505,0.5036123394966125,-3.757405996322632,-0.880088210105896,0.3331184387207031,-3.6559793949127197,-1.3796900510787964,-0.30370861291885376
92b88617c,-3.4378926753997803,-1.5539071559906006,-2.1935248374938965,6.084901332855225,0.9189366102218628,6.132816791534424,-4.759588718414307,-2.323194742202759,0.02071322500705719,-2.2468464374542236,-1.5793969631195068,-3.796079397201538,6.199567794799805,2.323277473449707,-1.907557725906372,0.3708932101726532,-5.588408470153809,-4.6412858963012695,5.459550857543945,-1.9777817726135254,-2.4527249336242676,-1.9958170652389526,1.1348265409469604,3.5452136993408203
92ba3e87d,-6.531900405883789,-4.409848690032959,-4.868690013885498,5.866189479827881,-1.9778096675872803,1.1678086519241333,-3.8420300483703613,-3.5444726943969727,-4.108419895172119,-3.544802188873291,-0.6809622049331665,-5.554574012756348,1.6579549312591553,-4.372921943664551,-3.5304155349731445,-2.1824960708618164,-6.10821533203125,-4.9384236335754395,1.7643903493881226,-3.9764065742492676,-2.7961418628692627,-3.990147113800049,-1.3739404678344727,4.876984596252441
92f29b565,-6.494327545166016,0.009389067068696022,-7.033506393432617,4.659346580505371,-0.916303277015686,-3.1809587478637695,-7.454745292663574,-1.5312860012054443,-5.416022777557373,-4.825171947479248,-3.348794460296631,-3.6292076110839844,-4.949138641357422,-3.851139545440674,7.796579837799072,0.2770645022392273,-6.915135860443115,-8.280738830566406,2.7481088638305664,-5.643808364868164,-6.360383033752441,0.6432745456695557,-0.8293604850769043,-1.3349756002426147
933a8e9e1,-6.41133451461792,-0.4482383728027344,-3.9878499507904053,4.601126670837402,-4.961885452270508,-2.4958605766296387,0.29129475355148315,4.596020698547363,-5.526876449584961,-0.6883507966995239,-0.9197961091995239,1.7810523509979248,-4.188628196716309,-3.166616439819336,-2.4257125854492188,3.8620190620422363,1.7194814682006836,-0.24078474938869476,-4.766150951385498,0.3938734829425812,0.9908139705657959,-4.613368034362793,-1.5111913681030273,-1.5211971998214722
93432ccd0,-0.2092885971069336,-1.2083384990692139,-0.6748882532119751,2.255220890045166,-1.4870754480361938,-0.09303927421569824,-2.2574961185455322,-0.117165207862854,-0.7005391716957092,-0.03763718903064728,-0.890975832939148,-1.3517541885375977,2.8597412109375,-1.9435291290283203,2.255897283554077,-0.5844798684120178,-2.5223183631896973,-1.3100013732910156,3.772282123565674,-0.5688912868499756,-0.49808675050735474,-1.676143765449524,-0.9241785407066345,-0.2304859757423401
938ecb4d7,-0.20817981660366058,0.8448300957679749,-0.11468034237623215,1.7306978702545166,-0.11706788837909698,0.9078865647315979,1.615962028503418,0.5536887645721436,-1.517432451248169,1.1638997793197632,7.70208740234375,1.5413739681243896,0.5190740823745728,-1.6073113679885864,1.5134040117263794,0.6892116069793701,-1.6434444189071655,0.2592719495296478,1.494455099105835,-0.320808082818985,1.8215985298156738,-1.2193868160247803,0.7785919904708862,1.4709458351135254
938f80a50,7.834547519683838,-4.698479175567627,-1.005935549736023,1.0571928024291992,-6.097900867462158,-4.395561695098877,-5.063121795654297,-1.1198228597640991,0.5966848134994507,-4.684146881103516,1.5521953105926514,-4.872925281524658,-1.2291522026062012,-5.51466703414917,-4.747448444366455,-2.5944573879241943,-5.686824798583984,-7.739491939544678,6.285402297973633,-2.9058706760406494,-5.351383209228516,-5.984524726867676,-3.248314142227173,-0.1831185519695282
9394c7bbb,-2.410473346710205,-2.4570162296295166,1.3947700262069702,5.356761932373047,-1.0882925987243652,3.351088523864746,-5.123982906341553,-2.3130922317504883,0.8038819432258606,-3.3852524757385254,-2.720555305480957,-4.412750720977783,5.6659135818481445,-0.6301979422569275,-3.2630488872528076,-1.0988823175430298,-3.8607912063598633,-4.492365837097168,5.742637634277344,-0.7247961163520813,-2.9628677368164062,-1.719916820526123,-0.21921837329864502,-0.8152867555618286
9396154be,-3.226595640182495,2.951460838317871,-2.7952089309692383,4.845318794250488,0.7412121891975403,-2.402120351791382,-5.273202896118164,-0.7431381344795227,-3.196514129638672,-0.5670276880264282,-3.87097430229187,-3.5352656841278076,-1.1888178586959839,-0.7507220506668091,1.8762414455413818,-0.35980021953582764,-0.9681674838066101,-3.774232864379883,-0.003157366067171097,-4.574156761169434,-3.7972261905670166,3.5521328449249268,-1.9442756175994873,-2.081925630569458
93d33351a,-1.3307360410690308,0.7508789300918579,-0.11480499804019928,1.5836982727050781,-0.7960543036460876,0.8683773875236511,-0.6112796664237976,3.0791609287261963,-0.2918347120285034,0.13565482199192047,0.12712663412094116,1.6107685565948486,0.12522783875465393,-1.2202686071395874,0.6993310451507568,1.304946780204773,-0.8201342821121216,-0.8399977087974548,0.8361803889274597,0.3973293900489807,1.35495126247406,-0.7469719648361206,5.790255546569824,0.5029957890510559
93e6b8ec8,-1.442409634590149,1.7945311069488525,3.7095632553100586,2.89479398727417,-1.03334379196167,1.6207075119018555,-0.851764440536499,1.3584320545196533,-1.2379282712936401,0.5270656943321228,-0.07286673784255981,0.9118520617485046,-0.05301874876022339,-1.2035622596740723,-0.6745569705963135,0.4733477830886841,-1.2153306007385254,-0.5949028730392456,0.3479565978050232,0.9104418158531189,0.7145023345947266,-1.0835283994674683,4.431395530700684,0.11284300684928894
9415b4591,1.9092016220092773,-3.986299991607666,-1.8131364583969116,3.13051176071167,-3.288297653198242,-2.40444278717041,-4.469771385192871,-1.5571194887161255,-0.8604296445846558,-4.70023250579834,-0.933479905128479,-4.651105880737305,1.6264996528625488,-4.023045063018799,-3.1368181705474854,-2.2092788219451904,-5.659822940826416,-7.651576995849609,5.756075859069824,-3.207451343536377,-4.864419937133789,-4.087104320526123,-2.2134056091308594,0.6109750270843506
943712f48,7.17165994644165,-4.872696399688721,-2.335526466369629,1.9555801153182983,-4.281373023986816,-2.3210906982421875,-5.712934494018555,-1.4515657424926758,1.918021559715271,-5.293510913848877,1.604688048362732,-6.075989246368408,-0.0889606848359108,-4.678799629211426,-3.655238628387451,-2.8849737644195557,-6.636297702789307,-8.173816680908203,6.1911773681640625,-3.3247368335723877,-6.058300971984863,-4.938137531280518,-2.6336469650268555,-0.05190800130367279
9452bf187,-5.6591668128967285,-1.8212776184082031,-1.893250584602356,-0.8040379285812378,-4.942036151885986,-1.1171236038208008,-0.3052523732185364,4.875058174133301,-5.166161060333252,-0.0733707994222641,-1.5743272304534912,3.2630927562713623,-3.674680709838867,-3.844162940979004,-4.26889181137085,0.2957174777984619,2.2164063453674316,-1.1094183921813965,-4.194851398468018,1.399228811264038,2.314913272857666,-5.651740074157715,-2.935822010040283,-1.839961051940918
9471e1ea3,-2.714768409729004,-4.009322166442871,-4.338369846343994,5.425987243652344,-2.748992443084717,-2.2972323894500732,-7.88137149810791,-4.031337738037109,-0.6562781929969788,-5.136083126068115,-3.2703113555908203,-7.329768657684326,5.2971110343933105,-2.6565442085266113,-3.65901255607605,-2.220912218093872,-7.315042495727539,-8.682718276977539,5.970661163330078,-6.392613410949707,-6.677088737487793,-2.7035481929779053,-1.8525744676589966,0.07965020835399628
947822926,-0.4644954204559326,-0.03571634739637375,-0.15341772139072418,3.8683829307556152,-0.03744928538799286,5.148229598999023,-2.166764736175537,0.31782233715057373,0.9785507917404175,-0.8451293110847473,-0.0024314001202583313,-0.6594561338424683,2.918962001800537,-1.1638743877410889,0.931768536567688,2.1890687942504883,-2.9600331783294678,-2.1938858032226562,4.757416725158691,-0.4091898798942566,0.017000481486320496,-0.9178011417388916,6.706116199493408,1.7685399055480957
948700ad7,-4.1189751625061035,2.6813690662384033,1.5130136013031006,5.436838626861572,-3.026285409927368,1.8363091945648193,-2.56343150138855,4.417161464691162,-5.314962863922119,0.10751265287399292,-1.9279882907867432,-2.2323105335235596,-2.370246410369873,-2.97605299949646,0.5953299403190613,2.9386754035949707,-3.1210219860076904,-2.5111756324768066,-1.7501604557037354,-0.6805524826049805,-0.18507622182369232,-0.2915786802768707,-1.8090239763259888,-2.9637181758880615
94a9898cb,-6.72210693359375,0.686538577079773,-3.828416347503662,2.256662368774414,-5.880362033843994,-3.754779815673828,-0.6239562034606934,3.6574504375457764,-6.4167327880859375,-1.9044290781021118,-1.7989555597305298,1.01896333694458,-4.9334211349487305,-2.471083164215088,-4.758047580718994,1.3942840099334717,4.205356121063232,-1.8747062683105469,-6.0851545333862305,0.4031389355659485,0.9403384327888489,-5.303125381469727,-2.308821678161621,-2.740692138671875
94e63cf8b,5.882256507873535,5.19174861907959,-4.588616371154785,4.653054714202881,0.9766701459884644,-6.001974582672119,-6.634160041809082,-3.8217110633850098,-1.2567284107208252,2.6284103393554688,-3.983992576599121,-6.295022010803223,5.603794097900391,-2.4761767387390137,-1.396859884262085,-3.2528233528137207,-5.06636381149292,-8.79157829284668,6.418206214904785,-6.046450614929199,-7.169966220855713,0.6830077171325684,-4.784454345703125,-1.7540556192398071
950594fd7,-4.625226974487305,-1.4289203882217407,-4.474161148071289,5.140767574310303,-3.5699260234832764,-2.3293251991271973,-1.5199381113052368,4.596185207366943,-5.157864093780518,-1.702486276626587,0.0522194504737854,3.9645915031433105,-2.71415114402771,-4.177396774291992,0.11236368119716644,1.3342337608337402,-2.753835678100586,-2.441591739654541,-2.490079164505005,-2.9405741691589355,-1.1685785055160522,-4.1889824867248535,-1.1893937587738037,2.8335084915161133
950862280,-2.2119300365448,0.7139185070991516,0.29346537590026855,0.4987470507621765,-2.1935908794403076,-0.816900372505188,1.90948486328125,0.9130890369415283,-3.492664337158203,2.2478983402252197,0.018919773399829865,3.194063663482666,-1.5699560642242432,-1.9014173746109009,-0.805704653263092,1.1414601802825928,0.24142539501190186,1.2744331359863281,-1.046483039855957,-0.03253059834241867,1.5868191719055176,-2.481696844100952,-1.4850953817367554,-0.34835755825042725
950dd68c4,-5.825596332550049,-2.5631303787231445,-2.181786298751831,4.157610893249512,-1.406984806060791,0.7762105464935303,-0.2767319679260254,-1.9380848407745361,-4.862171649932861,-0.304352343082428,0.716951310634613,-1.9142167568206787,0.41334959864616394,-4.620420455932617,-2.2797272205352783,-1.388852834701538,-3.465594530105591,-1.2356559038162231,-0.29935625195503235,-2.375293254852295,0.2678729295730591,-3.663022518157959,-1.8755264282226562,5.4323811531066895
951be2b61,-3.055422306060791,-4.224425315856934,-5.019142150878906,5.402887344360352,-2.476118564605713,-1.8293168544769287,-7.225481986999512,-3.9474332332611084,-1.230426549911499,-5.008609771728516,-3.0222771167755127,-6.983650207519531,4.901468753814697,-2.7621583938598633,-3.6621031761169434,-2.1431448459625244,-6.5376200675964355,-7.861460208892822,5.549741744995117,-6.066915988922119,-6.228835105895996,-3.3012454509735107,-1.7973768711090088,0.22677190601825714
955cf5f38,-1.4149941205978394,-0.3606470227241516,0.7023530602455139,-0.5280305743217468,-2.1736929416656494,-0.7031209468841553,-1.4771963357925415,-0.04058591276407242,-2.3623647689819336,0.19110216200351715,-0.3506040573120117,-0.48049286007881165,-0.5561235547065735,-2.472743272781372,0.6184788942337036,-1.1392314434051514,-0.6606659889221191,-1.1307461261749268,1.2281241416931152,0.044401682913303375,0.08176533877849579,-2.1849539279937744,-0.7649210691452026,-0.5806565284729004
9577bc965,-1.5170533657073975,2.671827793121338,5.957181453704834,4.043790817260742,-2.7475366592407227,-0.27038273215293884,-1.6302441358566284,0.9935393333435059,-4.189106464385986,2.734004497528076,-1.4142143726348877,-0.5269553065299988,-1.674552321434021,-2.2951154708862305,-1.1768648624420166,0.23226794600486755,-1.3523303270339966,1.316887617111206,-1.4989159107208252,0.2507694363594055,0.4123879373073578,-1.996032953262329,-0.6697622537612915,-2.2906270027160645
95a24149c,-8.267348289489746,-1.0744067430496216,-6.254080772399902,3.3888280391693115,-7.366248607635498,-4.755700588226318,-1.6347912549972534,4.836642742156982,-7.2462615966796875,-1.8236562013626099,-2.394723892211914,1.9647529125213623,-6.746344089508057,-3.89717960357666,-5.902544021606445,0.9263103008270264,4.862499713897705,-1.0455260276794434,-7.781830787658691,-0.8596101403236389,0.11451728641986847,-7.020562171936035,-2.933410882949829,-3.6314001083374023
95d39c9e9,5.87375545501709,-3.7482759952545166,-5.684398651123047,4.847169876098633,-0.10414904356002808,-3.9132602214813232,-7.522540092468262,-3.0216524600982666,5.716485023498535,-3.7580456733703613,-1.8071507215499878,-6.370855331420898,5.29996395111084,-1.2872329950332642,-2.6733922958374023,-4.0565667152404785,-5.962473392486572,-8.102194786071777,7.7281389236450195,-5.830132007598877,-7.46681547164917,0.4184381365776062,-2.7504045963287354,-0.43280109763145447
9613f93c9,-5.658836841583252,-2.4000282287597656,-2.8307061195373535,1.1256840229034424,-5.4341206550598145,-2.8159871101379395,0.6759318709373474,4.846497535705566,-5.154512405395508,-2.182692527770996,-0.797527551651001,4.3905415534973145,-3.7810487747192383,-4.395716667175293,-3.290346622467041,0.38801270723342896,-0.9157456159591675,-2.3598244190216064,-3.8148715496063232,-0.2139456570148468,0.34289419651031494,-5.7835893630981445,-1.1211888790130615,-1.7406227588653564
9657af2e8,-3.4208810329437256,-0.12780506908893585,-2.3985047340393066,1.3641622066497803,-3.0287842750549316,-2.807971715927124,1.2456684112548828,1.62881600856781,-4.001689910888672,0.5458991527557373,0.21723268926143646,3.5763697624206543,-3.0339841842651367,-3.2725515365600586,-0.281083881855011,0.7279592156410217,-0.3610052764415741,0.5940397381782532,-2.3491907119750977,-1.6817834377288818,-0.21048066020011902,-2.9201338291168213,-1.2245604991912842,-0.49638238549232483
973cd3954,-3.69203782081604,2.5267462730407715,-0.5919812917709351,5.436373233795166,-1.2011380195617676,-2.0388882160186768,-3.7983663082122803,-0.4446530044078827,-4.188374996185303,-1.2430260181427002,-2.208390712738037,-3.289790630340576,-2.013425588607788,-0.7028347849845886,-1.1403217315673828,0.7021597623825073,0.9860174655914307,-3.6615233421325684,-2.3584229946136475,-3.354721784591675,-2.189368486404419,0.31255778670310974,-1.6658775806427002,-2.639277458190918
9743cbcc5,-4.546427249908447,0.08767150342464447,-6.526882648468018,4.536823749542236,-2.189744710922241,-2.7073869705200195,-4.403356075286865,0.6280037760734558,-6.609105587005615,-2.7501235008239746,-1.8324689865112305,-1.4792020320892334,-4.95816707611084,-5.2559943199157715,7.364491939544678,2.8130831718444824,-6.137209415435791,-5.764509677886963,0.31133705377578735,-4.972878456115723,-3.623922348022461,-1.8574743270874023,-0.3601398468017578,-0.6477044224739075
97929971c,-5.13586950302124,-1.031153917312622,-1.3970478773117065,-0.6876199245452881,-5.374106407165527,-2.3200676441192627,1.0198442935943604,4.063924312591553,-5.142197132110596,0.0019078701734542847,-1.7667127847671509,1.2731997966766357,-3.5668821334838867,-5.17696475982666,-2.347313165664673,3.3749630451202393,1.2088665962219238,0.01939252018928528,-3.917004108428955,1.41446053981781,1.541074514389038,-5.044561386108398,-1.7543981075286865,-2.7307989597320557
97984fbd0,-2.8283329010009766,-1.4025721549987793,-2.468083143234253,5.200102806091309,-0.25872164964675903,3.364914894104004,-3.723975419998169,-0.8069870471954346,-1.9011378288269043,-2.517237901687622,-1.6304551362991333,-2.8425259590148926,2.6472415924072266,-1.9267299175262451,0.5934204459190369,1.5990837812423706,-4.688490390777588,-4.4476447105407715,3.7010819911956787,-3.5355396270751953,-2.8027219772338867,-0.5729512572288513,-0.9427502751350403,0.23050029575824738
979e1671b,-1.1696475744247437,0.13687872886657715,-4.332710266113281,5.45347261428833,0.9235727787017822,-1.3303028345108032,-6.586297512054443,-3.153799057006836,-1.3896089792251587,-2.445333957672119,-4.316300392150879,-5.570581912994385,4.345274925231934,0.7946622371673584,-0.3949665427207947,-0.3729481101036072,-4.821210861206055,-7.424051284790039,4.850378036499023,-5.3859124183654785,-6.459285736083984,0.6695361137390137,-1.4507522583007812,0.8813309669494629
97a36ae45,-3.744868278503418,-0.13676859438419342,-1.4329874515533447,0.5866047739982605,-3.905045509338379,-2.4316182136535645,-1.6408307552337646,-1.4497201442718506,-4.549930572509766,-1.2265440225601196,-1.9207639694213867,-1.2378917932510376,-3.0235092639923096,-1.8561944961547852,-4.067802906036377,-1.3177870512008667,3.8830907344818115,-1.8602946996688843,-2.480539560317993,-0.6999236345291138,0.2716478407382965,-4.814748764038086,-3.0869736671447754,-1.9516569375991821
980d6724b,-5.6661057472229,0.44342684745788574,-6.809698104858398,4.123932838439941,0.03123857080936432,-3.1335253715515137,-8.098933219909668,-2.368969678878784,-4.229726791381836,-4.496912479400635,-4.00327205657959,-5.0507097244262695,-3.142024517059326,-3.507047414779663,5.793115615844727,-2.348963499069214,-5.521689414978027,-8.132604598999023,2.4372167587280273,-5.84698486328125,-6.7227463722229,2.3439016342163086,-1.689176082611084,-1.3029919862747192
984e1fe6e,-3.7357234954833984,-0.029351718723773956,-3.48219895362854,2.8769173622131348,-2.435347557067871,-1.8399540185928345,1.7648321390151978,1.8516430854797363,-3.9943830966949463,0.18169568479061127,-0.1108626127243042,3.500434398651123,-2.6741344928741455,-2.3458924293518066,-0.35905805230140686,2.1851189136505127,0.5860306620597839,0.1588107794523239,-2.707925796508789,-1.6065739393234253,0.4238198399543762,-3.5379512310028076,-1.1997523307800293,1.510521411895752
985decd97,-6.48035192489624,3.390087127685547,-5.277307510375977,5.6565351486206055,-4.379000663757324,-5.369278907775879,-2.8637053966522217,-2.4695141315460205,-6.4669623374938965,-1.466135025024414,-2.633181571960449,-2.5940442085266113,-5.856837749481201,-0.6099841594696045,-5.064976692199707,-1.3554238080978394,6.773367881774902,-1.7300302982330322,-6.462263107299805,-4.827611446380615,-2.3003711700439453,-3.5925533771514893,-2.6055002212524414,-2.6229028701782227
987f05fda,7.151218891143799,-4.264737129211426,-2.8060054779052734,3.1638050079345703,-5.067286014556885,-3.945411443710327,-5.41103458404541,-1.9412604570388794,0.8818362355232239,-5.243279457092285,1.2580139636993408,-5.881776332855225,1.2996234893798828,-4.660652160644531,-4.687075614929199,-2.8231563568115234,-7.326531410217285,-8.652848243713379,7.138067722320557,-4.171187877655029,-6.093618869781494,-5.589329719543457,-2.5057942867279053,0.9910354018211365
988292ebb,-3.035890579223633,0.6845365166664124,4.926736831665039,4.301769733428955,-0.3819195032119751,0.37258705496788025,-2.828110933303833,-0.19651386141777039,-2.248558521270752,0.3780772387981415,-2.0222742557525635,-2.083150863647461,2.0482704639434814,-0.6952635049819946,0.06638620793819427,-0.49816709756851196,-1.4763360023498535,-1.4777849912643433,1.4683424234390259,0.01823526620864868,-0.08579549193382263,0.12338285148143768,-1.3117163181304932,-1.1093493700027466
988478ecb,-1.449749231338501,3.7608633041381836,-0.9108836650848389,4.536447048187256,-1.1466726064682007,-1.9434943199157715,-3.119194269180298,2.739931583404541,-3.7520694732666016,0.43344786763191223,-2.437775135040283,-1.6186821460723877,-1.968395709991455,-1.8874120712280273,4.471407890319824,1.8043832778930664,-1.7600113153457642,-2.5235772132873535,-0.6917243003845215,-1.9253591299057007,-2.68685245513916,0.13685494661331177,-0.322842538356781,-0.35489386320114136
98972d68b,-4.319904327392578,3.5609347820281982,-2.3709075450897217,5.12483024597168,-2.7444307804107666,-1.150834083557129,-3.451314926147461,1.514560580253601,-6.287226676940918,-0.5299999117851257,-2.0762252807617188,-3.1977574825286865,-4.067030906677246,-1.9099676609039307,0.7533761262893677,1.9795640707015991,-0.9749298691749573,-3.727963924407959,-2.8433244228363037,-4.0278544425964355,-1.994374394416809,-0.20358212292194366,-1.6733006238937378,-2.205986738204956
98a5002b7,3.6491880416870117,3.919957399368286,0.23760053515434265,2.2038040161132812,-1.0534284114837646,-1.1700623035430908,-0.04639212042093277,0.7876139879226685,-2.9514927864074707,3.9012086391448975,0.15300917625427246,0.7115902900695801,-0.007222026586532593,-1.4458472728729248,0.5436955690383911,0.9558626413345337,-0.8112137317657471,2.0670790672302246,2.142987012863159,-0.43265458941459656,-0.44101378321647644,-1.9851458072662354,-1.924115777015686,1.4341354370117188
98a98a4b9,-5.587167739868164,2.349745750427246,-4.095113754272461,4.77703857421875,-3.404900074005127,-4.398360729217529,-2.6928164958953857,-2.1870012283325195,-5.4604668617248535,-1.7039055824279785,-2.9949328899383545,-2.5376601219177246,-4.9681901931762695,-1.1164209842681885,-3.786736488342285,-1.3137359619140625,5.202356338500977,-1.1729092597961426,-5.133823394775391,-3.9241459369659424,-2.0053977966308594,-2.521327018737793,-2.3114025592803955,-2.7350029945373535
98cdab3e2,-4.971019268035889,-1.6090152263641357,-1.884556531906128,-1.923302173614502,-5.131521224975586,-2.0092012882232666,-0.18370161950588226,4.739516735076904,-4.830440521240234,-1.2641350030899048,-1.1410057544708252,4.866529941558838,-3.6859917640686035,-3.587862014770508,-3.889618396759033,0.48169076442718506,-1.374199628829956,-1.7419524192810059,-3.7968719005584717,0.4817521870136261,0.6282802224159241,-5.456582069396973,-0.9109500050544739,-3.3779869079589844
98f6cb2de,4.830907821655273,-3.4838387966156006,-3.0950069427490234,4.391554832458496,-3.1756858825683594,-1.8005805015563965,-6.191170692443848,-3.2004575729370117,0.9609479904174805,-5.196739673614502,-0.7525490522384644,-6.751224040985107,4.616425514221191,-2.6828880310058594,-4.551510334014893,-0.7453634738922119,-8.135385513305664,-9.215088844299316,7.252257347106934,-5.075345039367676,-6.333384037017822,-4.353709697723389,-1.2982560396194458,1.6599209308624268
99218e927,-2.310624599456787,-4.28151798248291,-5.158466815948486,5.334756374359131,-2.844571590423584,-1.8820220232009888,-7.223714828491211,-3.6158194541931152,-1.2518137693405151,-4.960132598876953,-2.911463499069214,-6.871253967285156,4.700368404388428,-2.9935860633850098,-3.7154910564422607,-2.161104202270508,-7.227228164672852,-7.882554531097412,5.607494831085205,-5.86963415145874,-5.687209606170654,-3.4478111267089844,-1.863074541091919,0.7215582132339478
995c22165,-5.668450355529785,-1.6526508331298828,-4.206740379333496,1.2179772853851318,-5.38214111328125,-4.327465057373047,0.34913045167922974,5.639981269836426,-5.187703609466553,-1.3165770769119263,-0.9145880341529846,5.3384294509887695,-5.038089752197266,-4.2971882820129395,-3.806027412414551,0.8491170406341553,1.1774046421051025,-0.5281356573104858,-5.142452239990234,-0.1222059428691864,0.14519542455673218,-5.508937835693359,-1.1529688835144043,-1.6647700071334839
9981dc289,-4.2522687911987305,-0.19583161175251007,-4.7134690284729,5.5350494384765625,-2.6179325580596924,-1.5671576261520386,-0.7923606634140015,4.178581237792969,-5.17684268951416,-1.0240373611450195,-0.2820393443107605,2.741067409515381,-2.34765887260437,-4.810219764709473,1.4074013233184814,2.0522851943969727,-2.626077651977539,-2.9611434936523438,-0.9384802579879761,-2.7399730682373047,-0.7473571300506592,-3.470871925354004,-0.5320577025413513,3.8163645267486572
9989e1bf7,-7.169487476348877,-0.033174607902765274,-5.073624610900879,3.190376043319702,-6.448660373687744,-5.036930561065674,-0.9659305810928345,4.18032169342041,-6.769433498382568,-2.0225107669830322,-2.485659122467041,2.606464385986328,-6.138878345489502,-3.3909952640533447,-4.936832427978516,0.860512375831604,4.248654365539551,-1.6891299486160278,-6.736842155456543,-0.6309248805046082,0.27141332626342773,-5.445992469787598,-2.123537540435791,-3.467466354370117
9999f1a89,-2.5101938247680664,-3.093900680541992,-0.7546626329421997,4.344734191894531,-1.7348414659500122,0.5298116207122803,-6.308401584625244,-3.6746230125427246,-0.011832617223262787,-4.576402187347412,-2.6653056144714355,-6.126959800720215,4.575974464416504,-1.5501980781555176,-2.0127346515655518,-1.9878489971160889,-6.514464378356934,-6.68426513671875,5.08882999420166,-2.4384965896606445,-4.2705464363098145,-2.316237449645996,-0.540687084197998,-0.8643465042114258
99ad98e91,-5.150742530822754,-5.180032730102539,-3.683809757232666,5.580420970916748,-0.8984742164611816,1.771801233291626,-5.578413963317871,-4.363267421722412,-1.9718198776245117,-5.008807182312012,-1.801809310913086,-6.849831581115723,4.557779312133789,-3.771376609802246,-4.4173359870910645,-4.734825134277344,-7.69672966003418,-6.604768753051758,4.02585506439209,-3.939897298812866,-4.3328166007995605,-3.349437713623047,-0.7776427268981934,4.471794128417969
99c73bf89,-4.253631591796875,-1.0240570306777954,-0.9143394827842712,0.8665881156921387,-3.2401344776153564,-1.0355197191238403,0.88528972864151,0.47059550881385803,-4.753571510314941,1.7141557931900024,-0.23819337785243988,1.237847924232483,-2.4607291221618652,-3.5111045837402344,-1.2114778757095337,1.759089469909668,-0.7955828309059143,2.0967912673950195,-2.4346373081207275,-0.608593225479126,1.5257439613342285,-4.168783664703369,-2.6623895168304443,-0.7896565198898315
9a06dc729,-1.532886266708374,-2.842006206512451,-3.6489014625549316,5.299042224884033,-2.712599515914917,-0.47300127148628235,-5.445926189422607,0.10380269587039948,-0.40546369552612305,-4.212272644042969,-2.454623222351074,-4.753445148468018,4.753649711608887,-2.7187893390655518,-2.891514778137207,-1.4861681461334229,-5.823065280914307,-6.373018741607666,5.331820964813232,-4.631579875946045,-4.782764911651611,-2.7720468044281006,-1.6596497297286987,0.5539993643760681
9a13bb065,-2.955749988555908,0.29906460642814636,-1.0469038486480713,1.5630178451538086,-2.297814130783081,-0.6265221834182739,-0.45587506890296936,0.7868292927742004,-4.514684677124023,2.214334487915039,-0.526493489742279,0.27690815925598145,-2.6346094608306885,-4.197900295257568,4.37192440032959,2.8793463706970215,-2.6416609287261963,1.813248872756958,-0.7809352874755859,-1.3527017831802368,-0.02660641074180603,-2.8360068798065186,-0.8649837374687195,-1.5863468647003174
9a28952a9,-5.394545078277588,-4.377625942230225,-5.275345802307129,5.812423229217529,-1.2590148448944092,1.2479532957077026,-5.093072414398193,-4.402718544006348,-3.2560906410217285,-4.6575446128845215,-1.2492294311523438,-6.696392059326172,3.6500306129455566,-4.957246780395508,-3.9548301696777344,-4.80949592590332,-7.79622745513916,-6.650112152099609,3.43485426902771,-4.0319013595581055,-3.8339080810546875,-4.057900428771973,-1.0966706275939941,5.451327800750732
9a447ded0,0.060847289860248566,-3.465298652648926,-2.405677080154419,4.393956184387207,-2.8510172367095947,1.9951295852661133,-5.02000617980957,0.5920202136039734,-0.09625134617090225,-4.303971290588379,-1.8706344366073608,-4.504006385803223,4.111251354217529,-2.605428695678711,-3.381500720977783,-1.3067206144332886,-5.611966609954834,-6.597317218780518,5.547919273376465,-2.6674845218658447,-3.9138550758361816,-3.558065414428711,-2.3343427181243896,-0.9817394018173218
9a7d598ce,-2.9524827003479004,1.1026569604873657,-0.14174717664718628,3.596747875213623,-1.4769361019134521,-1.0094231367111206,-1.4632991552352905,-0.02646379917860031,-3.5565130710601807,0.918380856513977,-1.1747578382492065,-0.6099696159362793,-1.404017686843872,-2.1014437675476074,1.9879004955291748,2.1444778442382812,-1.1453289985656738,-0.41562750935554504,-0.4314166307449341,-1.6875381469726562,-0.46619942784309387,-0.6997172832489014,-1.48846435546875,-0.8813419938087463
9a8f6735d,-1.7598724365234375,2.317237377166748,-2.8528971672058105,3.9179670810699463,-2.1729214191436768,-2.9379804134368896,-1.1266467571258545,-0.47898223996162415,-3.6984755992889404,4.5799455642700195,-1.1321011781692505,-0.0926726907491684,-1.176929235458374,-0.9547864198684692,-0.9702946543693542,0.7149978280067444,2.4073538780212402,3.5113093852996826,-0.7192691564559937,-3.1479437351226807,0.26065561175346375,-2.0417776107788086,-3.7609081268310547,-1.4736140966415405
9a903791d,-4.875564098358154,-0.27300825715065,-7.187361717224121,4.729930877685547,-1.0267599821090698,-2.352980852127075,-6.758254528045654,-0.7898498773574829,-5.84813928604126,-4.162550926208496,-2.5831236839294434,-3.1849493980407715,-4.5525593757629395,-4.608774185180664,7.3662333488464355,1.5756281614303589,-7.355470657348633,-8.159544944763184,2.6938371658325195,-5.884894847869873,-6.07122278213501,-0.09716391563415527,-0.924954891204834,1.3397424221038818
9aaaedb65,1.0668460130691528,-1.6169054508209229,-5.400694847106934,4.92387056350708,-0.16334785521030426,-0.9128674268722534,-5.370131015777588,-2.6117100715637207,-0.7858924865722656,-2.63490891456604,-2.1429312229156494,-5.139057636260986,5.597853660583496,-3.5043318271636963,-2.707192897796631,-1.9507982730865479,-7.583809852600098,-7.366724967956543,5.759200096130371,-5.1831536293029785,-6.324056148529053,-2.4463446140289307,-1.3350319862365723,5.604733943939209
9af4e926d,-5.1850504875183105,1.0083348751068115,-3.993030548095703,3.5441479682922363,-3.9992644786834717,-4.87604284286499,-0.04831678420305252,-1.1712441444396973,-5.000025749206543,3.797496795654297,-1.4368938207626343,0.8128384947776794,-4.146182060241699,-1.9138462543487549,-3.4138565063476562,-1.108989953994751,5.067958831787109,4.819461822509766,-4.077394008636475,-3.484949827194214,1.8633946180343628,-4.031536102294922,-4.2139482498168945,-2.1735997200012207
9b04cb537,-2.7141523361206055,2.8733935356140137,6.815394878387451,4.539694786071777,-2.150277853012085,0.3158552348613739,-2.832322120666504,0.6225202083587646,-4.637434482574463,-0.11862067878246307,-1.6503140926361084,-2.6233789920806885,-0.7554977536201477,-2.4706966876983643,-1.5626921653747559,-0.08793328702449799,-1.8589913845062256,-2.4565188884735107,-1.6100043058395386,0.28831711411476135,-0.2732194662094116,-1.9288941621780396,-0.6490309834480286,0.3955671787261963
9b166a820,6.661968231201172,-5.03659725189209,-5.41703462600708,4.204468727111816,-3.8456056118011475,-5.994833946228027,-7.856316566467285,-3.210876226425171,2.9259371757507324,-5.917940139770508,-0.9494799375534058,-7.066816329956055,3.246382236480713,-4.247855186462402,-6.127368450164795,-4.0098795890808105,-7.729436874389648,-10.378133773803711,8.067781448364258,-6.454536437988281,-8.871678352355957,-4.202899932861328,-3.1890854835510254,0.3464808464050293
9b2b0d92a,-3.20143723487854,-0.07930272817611694,-0.46183180809020996,0.2905072569847107,-2.6610875129699707,-1.2062028646469116,1.870893120765686,-0.09596647322177887,-4.102135181427002,1.0647305250167847,-0.35661643743515015,1.1772806644439697,-2.053995132446289,-4.52052116394043,-0.611712634563446,2.809832811355591,0.9544571042060852,0.8540778756141663,-1.7705097198486328,-0.9558736085891724,0.8210387825965881,-3.9455361366271973,-2.0202465057373047,0.42877137660980225
9b404af94,-7.270658493041992,-2.156003952026367,-7.312889575958252,4.759796142578125,-6.129281520843506,-5.336854457855225,-1.1751205921173096,6.64597749710083,-6.403506278991699,-4.336988925933838,-2.250142812728882,6.190995693206787,-6.110747337341309,-5.486420631408691,-0.16638809442520142,2.530593156814575,-1.7638533115386963,-4.431765556335449,-4.678518295288086,-2.809450626373291,-2.687007188796997,-5.30450963973999,-1.72886323928833,-3.3060171604156494
9b6882579,0.9618966579437256,3.135291576385498,0.8304003477096558,2.834958791732788,-0.9750205278396606,-0.5744550228118896,-0.6858108639717102,0.48799043893814087,-2.3586602210998535,3.090219736099243,-0.24439537525177002,0.23202946782112122,-0.6047959327697754,-1.0535396337509155,0.3564348816871643,0.32647445797920227,0.459499716758728,0.501065194606781,1.3536993265151978,-0.13453730940818787,-0.17894163727760315,-0.8691785931587219,-1.503265142440796,-0.6418260335922241
9bbe1050a,5.603055477142334,5.553196907043457,-1.4130216836929321,3.993591785430908,-0.41211625933647156,-2.757699966430664,-1.6973925828933716,-0.22403360903263092,-2.932055711746216,3.32407808303833,-0.02539306879043579,-1.6217234134674072,1.8885290622711182,-1.362884283065796,-0.5324978232383728,1.2224065065383911,-3.127052068710327,-2.8704652786254883,3.7080883979797363,-2.8964133262634277,-3.4774582386016846,-1.4526926279067993,-2.0049192905426025,1.6770994663238525
9be1aaa1a,-6.371239185333252,-0.9552938938140869,-5.0638508796691895,3.1871228218078613,-5.957787990570068,-4.333250999450684,0.7487144470214844,4.706153869628906,-6.069536209106445,-0.21571937203407288,-1.242804765701294,3.0396127700805664,-3.947812080383301,-5.1079607009887695,-2.727752685546875,2.4884071350097656,2.1151394844055176,-0.7808437347412109,-4.819489479064941,-0.254604697227478,1.7814602851867676,-6.017299175262451,-2.0213968753814697,1.6818902492523193
9c1b276aa,-0.43565818667411804,1.2912299633026123,0.812003493309021,1.3801343441009521,-1.361603856086731,-0.31790891289711,-0.0016422318294644356,0.7731717228889465,-2.3740053176879883,2.736555814743042,-0.04214753210544586,0.934999942779541,-0.07683386653661728,-0.7378093004226685,-0.3420897126197815,1.0075238943099976,-1.0055882930755615,2.0563161373138428,0.2501690983772278,0.025956451892852783,0.7862604856491089,-2.058382987976074,-1.0475279092788696,-0.6381547451019287
9c63c471e,1.2290692329406738,-2.974799633026123,-1.2775921821594238,3.0647530555725098,-2.9524457454681396,-1.9775140285491943,-3.8749241828918457,-2.0473995208740234,-1.1056945323944092,-3.430762529373169,-0.5015898942947388,-4.184045314788818,1.8332830667495728,-3.7784979343414307,-2.1701669692993164,-1.0586684942245483,-5.0966362953186035,-6.374656677246094,5.815315246582031,-2.778395414352417,-3.9843084812164307,-3.7791056632995605,-1.9338921308517456,0.5253596305847168
9c6c3078b,-3.4419612884521484,-0.5467491149902344,-4.540115833282471,4.799681186676025,-2.0389673709869385,-1.9870059490203857,-3.3986353874206543,0.20882770419120789,-4.710868835449219,-3.0502171516418457,-2.0275325775146484,-1.4085853099822998,-2.351306438446045,-4.966835021972656,6.876736164093018,3.623805522918701,-6.027079105377197,-4.920221328735352,1.9197038412094116,-3.358064889907837,-4.145277976989746,-2.928746223449707,0.25001463294029236,-0.33406904339790344
9c9532135,-3.0382723808288574,0.783586859703064,5.907437324523926,2.9882349967956543,-0.9125662446022034,0.5829906463623047,-2.944197416305542,-0.34650883078575134,-2.604722738265991,-0.019272848963737488,-1.86161470413208,-1.6452739238739014,1.4243810176849365,-1.3918386697769165,-1.0948560237884521,-0.27864980697631836,-2.3106203079223633,-1.6275138854980469,0.570359468460083,0.6477602124214172,0.12005631625652313,-1.252286672592163,-0.9311880469322205,-0.9868564605712891
9d3024eb7,0.9933406114578247,1.964808464050293,-2.9609432220458984,4.71619987487793,0.7156456708908081,-0.6604084968566895,-3.8278815746307373,-1.9825774431228638,-0.7308834195137024,-0.7189477682113647,-1.6886491775512695,-3.312251329421997,4.699493408203125,5.181649208068848,-0.2945624887943268,0.5847837328910828,-1.8640108108520508,-4.362442970275879,4.457604885101318,-2.093710422515869,-4.390822887420654,-0.31253501772880554,-0.866470456123352,0.9748438596725464
9d8605c28,-4.468862533569336,-1.479859709739685,-2.771226406097412,0.8735983967781067,-3.727346897125244,-2.3735299110412598,-0.1587853878736496,2.461165428161621,-3.5163025856018066,0.31724369525909424,-0.6299664974212646,3.542616128921509,-2.827934741973877,-2.7784714698791504,-2.9739716053009033,0.1135869026184082,1.068973422050476,1.5659136772155762,-3.2277514934539795,-0.18673691153526306,0.6863239407539368,-3.921597480773926,-1.0996384620666504,-2.175048351287842
9db1e12eb,-4.292566299438477,0.8819834589958191,-6.190733909606934,4.235889434814453,1.069237232208252,-2.4782516956329346,-7.217865467071533,-1.386755108833313,-3.9319441318511963,-3.251957654953003,-4.087734222412109,-3.7685563564300537,-2.7625818252563477,-2.8852734565734863,6.71607780456543,-1.440599799156189,-5.306345462799072,-7.330712795257568,3.265944004058838,-4.9866943359375,-5.948403835296631,2.824690341949463,-1.7352917194366455,-1.098879098892212
9e6fa9cc3,-8.112454414367676,-2.2787210941314697,-8.320552825927734,5.269392490386963,-6.183036804199219,-4.860417366027832,-2.269758701324463,6.728798866271973,-7.290068626403809,-4.305492401123047,-1.8408291339874268,6.062326431274414,-7.235213279724121,-6.296796798706055,0.24215178191661835,1.5816835165023804,-2.4131364822387695,-5.309212684631348,-4.575733661651611,-3.470339298248291,-2.967266321182251,-5.358644962310791,-1.5826225280761719,-2.8977279663085938
9ef5ebefb,0.01755601167678833,-1.1901555061340332,-1.5092257261276245,5.160302639007568,1.3666912317276,0.6216461062431335,-5.235751628875732,-2.46960186958313,3.7034435272216797,-3.102956533432007,-2.062476396560669,-4.676323890686035,6.180179595947266,0.29711928963661194,-0.42579585313796997,-1.7767460346221924,-4.636464595794678,-5.816761493682861,5.506270408630371,-2.7066116333007812,-4.586348533630371,1.1384646892547607,0.09572857618331909,-0.3935815095901489
9f1559080,0.6186397075653076,1.9336884021759033,-1.9505679607391357,4.168313980102539,0.6926121711730957,-1.432405948638916,-4.0094428062438965,-1.1653257608413696,-0.7048431634902954,1.0304009914398193,-2.5837764739990234,-3.0576322078704834,4.167629718780518,0.354322224855423,-0.12352919578552246,-0.18844065070152283,-2.6981606483459473,-3.7061195373535156,3.7390129566192627,-3.4720699787139893,-3.938809394836426,0.9551198482513428,-1.6023991107940674,0.09278002381324768
9f205efc1,-2.668938398361206,2.8732755184173584,-2.050168514251709,4.347894191741943,-0.5187258720397949,-2.191600799560547,-4.159914970397949,-0.6740615367889404,-3.5142557621002197,1.9736976623535156,-3.0924625396728516,-3.015413284301758,-1.8053288459777832,-0.5369594097137451,1.2304913997650146,-0.20627617835998535,0.1297728270292282,-1.7762335538864136,-0.8280056715011597,-3.6929285526275635,-2.549380302429199,2.065091371536255,-1.9638615846633911,-2.3141422271728516
9f6779027,-4.087151050567627,-0.412566214799881,-3.0367112159729004,1.5926382541656494,-4.282482147216797,-3.015864610671997,1.2199070453643799,3.257984161376953,-4.551629066467285,-0.0575459785759449,0.5699804425239563,5.1341423988342285,-4.0112223625183105,-3.5868356227874756,-3.137669324874878,0.18282990157604218,2.4958291053771973,0.4266537129878998,-3.9736623764038086,-0.8335970044136047,1.0603487491607666,-5.055120468139648,-0.7841591835021973,0.5518729090690613
9f96615ec,-3.904573440551758,-0.9721636772155762,-0.731523334980011,1.8638932704925537,-2.6735270023345947,-0.8501445055007935,0.4305430054664612,2.1570324897766113,-4.0319905281066895,1.2863209247589111,-0.3178566098213196,0.6836333274841309,-1.7769958972930908,-2.8613500595092773,-0.9565843939781189,1.2325727939605713,-0.4931546747684479,0.23808148503303528,-1.8305532932281494,-0.5907214879989624,1.5114612579345703,-3.077071189880371,-2.5337491035461426,-0.7620877027511597
9fb421244,2.5221657752990723,-4.042489051818848,-5.301403999328613,4.721501350402832,-2.334216594696045,-2.5775346755981445,-5.860061168670654,-3.1812219619750977,0.21324007213115692,-5.111843109130859,-1.8663095235824585,-6.033035755157471,5.6033830642700195,-3.1060233116149902,-4.387615203857422,0.37553369998931885,-7.903298854827881,-8.67546272277832,6.94940185546875,-6.035433769226074,-7.1009955406188965,-3.3715505599975586,-1.7246495485305786,1.2722744941711426
9fd5ad403,-1.4488415718078613,1.0259549617767334,5.39982271194458,1.515771746635437,-2.146545171737671,-0.3116600513458252,-2.0894179344177246,-0.18257078528404236,-2.8662049770355225,-0.2172248363494873,-1.075843334197998,-1.3344500064849854,0.383414089679718,-1.867201805114746,-1.2813788652420044,0.18314334750175476,-1.9593751430511475,-1.8375980854034424,-0.3110954165458679,1.0572776794433594,0.34124040603637695,-2.308485984802246,-0.8118154406547546,-1.1286778450012207
9fd63740f,-4.766458511352539,1.8517762422561646,-3.253126859664917,3.6473312377929688,-3.698312282562256,-3.9111509323120117,-0.918419361114502,-1.1505191326141357,-5.0137715339660645,-0.7695515155792236,-1.8080768585205078,-0.7988807559013367,-4.425337314605713,-1.5627273321151733,-3.713766098022461,-1.2107188701629639,5.016096115112305,-0.31488722562789917,-4.40165901184082,-2.1847195625305176,0.09280138462781906,-3.6438956260681152,-2.6232001781463623,-1.7367780208587646
9fe122d66,-0.6100725531578064,-0.10325562953948975,-4.510064601898193,6.044091701507568,4.438958168029785,-1.9549840688705444,-5.980253219604492,-2.265105962753296,1.2581058740615845,-0.8583489060401917,-4.818865776062012,-4.557153224945068,5.7450103759765625,1.213564157485962,1.2755775451660156,-2.8188297748565674,-4.473200798034668,-5.426982402801514,5.834580421447754,-4.716024875640869,-5.0838623046875,4.3376030921936035,-2.2483205795288086,-0.9604688882827759
9fe8291e8,-3.9524056911468506,-1.1826882362365723,-1.3349497318267822,4.136818885803223,-2.644559860229492,1.327337622642517,-1.2180652618408203,0.9330796599388123,-3.8966803550720215,0.6772927045822144,0.34663259983062744,-0.29852354526519775,-1.2774230241775513,-2.772620916366577,-0.6557981371879578,1.0350970029830933,-2.0066475868225098,-0.8732237815856934,0.30413877964019775,-1.0367889404296875,3.0338919162750244,-3.5228824615478516,-0.7455647587776184,-0.03786503151059151
a00e553a7,5.521279335021973,5.287344932556152,-1.2822638750076294,3.8952138423919678,-0.19738011062145233,-1.8562331199645996,-2.7046620845794678,0.5600534081459045,-2.50486421585083,1.8191345930099487,-0.18917185068130493,-1.4737797975540161,2.100341796875,-1.4764128923416138,0.031250324100255966,1.176378846168518,-3.3194637298583984,-4.175261974334717,3.7587218284606934,-2.891392946243286,-3.5485386848449707,-0.8690681457519531,3.3787670135498047,2.470085620880127
a06ca8e1a,-3.5777342319488525,-0.8614730834960938,-2.061105728149414,0.6997161507606506,-4.032763481140137,-2.3606674671173096,1.827169418334961,3.6285715103149414,-4.3373823165893555,2.206956386566162,4.038294315338135,3.024592638015747,-3.1307790279388428,-3.695671558380127,-2.3050637245178223,1.2296589612960815,0.37554603815078735,2.1302542686462402,-3.046847343444824,0.7746247053146362,2.3979461193084717,-4.86251163482666,-1.7398264408111572,0.1610766351222992
a06e7d997,-6.001743316650391,-2.5302627086639404,-2.482893943786621,-2.841446876525879,-6.315830230712891,-3.628370523452759,-0.5467453598976135,5.710796356201172,-5.374363422393799,-1.9715298414230347,-0.9469943046569824,4.740433216094971,-4.415590286254883,-4.881308555603027,-4.093621730804443,0.3503705561161041,-1.3057188987731934,-2.65423583984375,-4.475459098815918,0.3899933695793152,0.6449187994003296,-6.594866752624512,-1.2582926750183105,-3.556018114089966
a081aac16,-2.4920878410339355,3.044191837310791,6.749120712280273,4.614750385284424,-2.141876220703125,-0.24130049347877502,-2.851292610168457,0.6284924745559692,-4.206957817077637,0.024340637028217316,-2.544435501098633,-2.526193141937256,-0.8268718719482422,-2.3356645107269287,-0.12300501763820648,-0.026255890727043152,-2.147735834121704,-2.5563886165618896,-1.0602792501449585,0.32840484380722046,-0.4080520570278168,-0.9115084409713745,-1.321577548980713,-3.357255458831787
a0a513e90,-5.993870735168457,-0.01107017695903778,-6.762062072753906,3.88157320022583,-0.31519025564193726,-3.1594865322113037,-7.063271999359131,-1.481238603591919,-5.33911657333374,-4.332944869995117,-3.4390525817871094,-3.48429536819458,-4.413662433624268,-4.720311641693115,7.028632640838623,0.7927590608596802,-6.810428142547607,-7.868556022644043,2.613616943359375,-5.635315895080566,-6.103695869445801,1.62383234500885,-1.2818195819854736,-0.3444485664367676
a0af37db8,-2.358484983444214,1.9870421886444092,2.1263620853424072,4.346195220947266,0.17277026176452637,1.264844298362732,-1.5148462057113647,1.4506347179412842,-2.701484441757202,0.9040545225143433,-0.47191372513771057,-1.2112284898757935,-0.7686829566955566,-1.5030298233032227,-0.07890249788761139,0.4579777717590332,-1.6443264484405518,-0.7947912812232971,-0.6336421966552734,-1.2031817436218262,0.43139612674713135,-0.15077659487724304,-0.7398552894592285,0.4086201786994934
a0bd03088,-4.753258228302002,-1.0804758071899414,-3.0916531085968018,0.43594855070114136,-4.969540596008301,-3.833658456802368,0.3539486527442932,4.5695695877075195,-3.313173294067383,-1.0391179323196411,-0.8448506593704224,4.782144069671631,-3.74678897857666,-3.896327257156372,-3.045757532119751,0.8884848952293396,1.2553144693374634,-0.7277246713638306,-3.825960397720337,0.6585055589675903,0.8765252828598022,-4.258035659790039,3.524611711502075,-1.099337100982666
a0d135df8,-2.0301618576049805,1.8364737033843994,-2.7764415740966797,4.202305316925049,0.1040915995836258,-1.3032855987548828,-4.513513565063477,-0.9836739301681519,-1.4007688760757446,-1.328012466430664,-2.1967427730560303,-3.146057605743408,3.2212562561035156,0.10428008437156677,-0.6158707737922668,-0.4771968126296997,-0.8929967880249023,-4.687985897064209,2.88356351852417,-4.043919563293457,-3.607089042663574,0.710974395275116,-1.4719889163970947,-0.975576639175415
a0e0e7d8e,-5.678616046905518,-1.8907588720321655,-4.592020034790039,3.1957898139953613,-6.309768199920654,-4.189587116241455,-0.42395859956741333,5.713506698608398,-5.472027778625488,-2.676340103149414,-0.34877076745033264,5.466182231903076,-5.308187007904053,-5.59633731842041,-2.039423942565918,1.1519017219543457,-0.19565679132938385,-1.9909454584121704,-4.835635662078857,-0.23629194498062134,-0.7795513272285461,-5.5448222160339355,-1.2924375534057617,-1.6108065843582153
a0e8f168b,-6.223824501037598,-3.4283814430236816,-3.2236578464508057,4.382421493530273,-2.2083935737609863,0.432193785905838,0.26299339532852173,-2.344827890396118,-5.222131729125977,-1.0917198657989502,5.209689140319824,-2.192173719406128,0.12776227295398712,-5.250855922698975,-3.177774429321289,-2.194601058959961,-3.3790435791015625,-1.8951987028121948,-0.2798718214035034,-2.0601582527160645,0.521605372428894,-4.834096431732178,-1.9201250076293945,5.69424295425415
a11667cfe,-3.3591251373291016,1.185205101966858,4.334136962890625,3.3471696376800537,-1.7523490190505981,2.240056037902832,-2.170060634613037,1.0456457138061523,-3.920269012451172,0.10789467394351959,-0.9919463992118835,-1.3037917613983154,-0.893622875213623,-2.2988901138305664,-1.57801353931427,-0.5366645455360413,-1.9304721355438232,-1.183081865310669,-0.9082037210464478,-0.47265616059303284,0.31958362460136414,-0.9546937346458435,-1.7777910232543945,-1.0844074487686157
a1672cfa4,-7.585230827331543,-2.0790538787841797,-4.632397651672363,1.6119861602783203,-7.641912937164307,-5.38931941986084,-0.9018030166625977,5.1486310958862305,-6.824563980102539,-2.6743335723876953,-2.3786144256591797,3.414813995361328,-6.222066879272461,-4.980291843414307,-5.7973222732543945,2.0094833374023438,3.7652955055236816,-2.5633625984191895,-7.049596786499023,0.8009710311889648,0.9909272789955139,-7.140300750732422,-2.7554497718811035,-4.157217502593994
a17318cc7,-2.8366122245788574,2.7946739196777344,2.3586654663085938,4.118810653686523,-2.5272727012634277,0.34332728385925293,-0.7372040748596191,3.4652132987976074,-4.149809837341309,2.345318555831909,-1.8637562990188599,-0.33902686834335327,-1.5160934925079346,-1.9479975700378418,0.4851389527320862,4.306613922119141,-1.2667418718338013,0.5545552968978882,-1.6671092510223389,-0.5882120132446289,0.06396491825580597,-0.6855658292770386,-1.3456491231918335,-1.9778019189834595
a1b153c02,-2.2640163898468018,-4.338719367980957,-4.883160591125488,5.480009078979492,-1.4000906944274902,-1.0926613807678223,-7.475339412689209,-5.017382621765137,2.389320135116577,-5.9449005126953125,-3.7013368606567383,-7.059321880340576,5.953948020935059,0.18967889249324799,-4.673302173614502,-3.1668105125427246,-6.185304641723633,-8.58580207824707,5.60758113861084,-4.745294570922852,-6.502972602844238,-1.2736068964004517,0.43745189905166626,-0.6541069149971008
a2074e5a7,-3.8712728023529053,-0.06250475347042084,4.253785610198975,4.164294719696045,-2.4624738693237305,1.163756251335144,-3.2080674171447754,0.6383764147758484,-3.741553544998169,-1.5157063007354736,-1.045803189277649,-2.0367980003356934,0.15210087597370148,-2.929248094558716,-2.5491719245910645,-0.4353436529636383,-2.9316649436950684,-2.565548896789551,-0.5835849046707153,-0.2314477562904358,-0.06496502459049225,-1.328253149986267,-1.63094162940979,0.18531249463558197
a2315b000,-2.8219707012176514,-0.8443527221679688,0.1634507179260254,2.265932083129883,-1.181282639503479,0.8115659356117249,-0.39824363589286804,0.8243560791015625,-1.891756296157837,-0.12384624779224396,0.6534081697463989,2.2318503856658936,0.3182752728462219,-1.425999641418457,-0.40548616647720337,0.25497764348983765,-2.402111530303955,-0.4437510371208191,0.06915226578712463,-0.698957622051239,0.8168413639068604,-2.1684939861297607,4.85925817489624,0.49818170070648193
a23b9bc99,6.163473129272461,-5.1644158363342285,-5.2206034660339355,4.1104888916015625,-2.14565110206604,-3.3268163204193115,-7.085464000701904,-3.4585514068603516,4.36153507232666,-5.357194900512695,-0.3445400297641754,-6.830946922302246,3.507772207260132,-2.1543571949005127,-4.799742221832275,-3.9608821868896484,-6.243452072143555,-8.666656494140625,8.055022239685059,-5.5853118896484375,-7.590754985809326,-2.4554386138916016,-2.5458076000213623,0.6801286339759827
a2450e293,-3.1008059978485107,-1.2982603311538696,-2.257448673248291,4.2482757568359375,-1.984162449836731,0.6967576742172241,-1.5535370111465454,1.333594560623169,-3.4231948852539062,-0.5367088317871094,0.8170274496078491,0.5138758420944214,-0.07560151815414429,-2.6965909004211426,-0.3489094376564026,0.3878709673881531,-3.600971221923828,-2.7856717109680176,1.6382150650024414,-2.170361042022705,0.01083165593445301,-3.0984485149383545,-0.21260306239128113,3.7282192707061768
a26512e4c,-7.395904064178467,-1.0279409885406494,-7.110076427459717,5.264672756195068,-5.220386028289795,-3.2433619499206543,-1.8537144660949707,5.963535308837891,-7.016626358032227,-1.7639715671539307,-2.4789927005767822,3.7165935039520264,-6.280909061431885,-5.242477893829346,1.5133270025253296,2.7994914054870605,-2.524771213531494,-3.507840156555176,-3.5921812057495117,-2.799769163131714,-1.530985951423645,-3.4671545028686523,-2.06355619430542,-3.5632832050323486
a2b02591c,-3.2501091957092285,-0.08705103397369385,-1.620660424232483,4.746739864349365,-2.8826904296875,-1.2477424144744873,-0.4014485776424408,0.8829491138458252,-4.203789234161377,-1.1079654693603516,0.02380993403494358,-0.4185622036457062,-1.6537781953811646,-2.4554812908172607,-1.0857126712799072,2.0128045082092285,-1.0890860557556152,-2.0255274772644043,-1.418649673461914,-1.6958696842193604,0.21518832445144653,-2.9970035552978516,-1.3259503841400146,-0.5144734978675842
a2c012567,-4.046568870544434,-1.7364567518234253,-2.005281925201416,1.4250998497009277,-5.121431827545166,-3.1086843013763428,0.9954123497009277,5.515622615814209,-4.447527885437012,-0.46328186988830566,-1.2778745889663696,3.3935840129852295,-3.2284996509552,-4.031527996063232,-3.1623728275299072,1.4073477983474731,2.8961944580078125,-0.15932431817054749,-2.989189386367798,1.5536110401153564,1.1332924365997314,-4.747055530548096,-2.297093391418457,-2.9731686115264893
a2f2ed8cb,-4.007248878479004,-2.6147398948669434,-4.304327964782715,6.051021575927734,2.8207225799560547,6.368036270141602,-3.8512725830078125,-3.3919596672058105,0.1638268679380417,-1.938692331314087,-1.2069729566574097,-3.810521125793457,5.54965877532959,-0.13917547464370728,-2.030543088912964,0.7425646185874939,-6.190994739532471,-3.883397102355957,4.650239944458008,-3.3684775829315186,-3.207907199859619,-0.833336353302002,0.49033841490745544,5.0065202713012695
a2f85dd14,-6.535301208496094,-1.1148539781570435,-6.052849769592285,4.893620491027832,-4.840571880340576,-3.042907953262329,-1.5104159116744995,5.291380882263184,-6.103668689727783,-2.662086009979248,-0.5994511842727661,4.330243110656738,-5.65769624710083,-5.231986045837402,1.2232940196990967,2.5367114543914795,-2.5731635093688965,-3.6577951908111572,-3.434744358062744,-2.459542751312256,-1.5967292785644531,-3.9147543907165527,-0.8613616228103638,-1.5770589113235474
a2f9ff5f1,-2.2058706283569336,-4.588802337646484,-5.445505142211914,5.397580146789551,-2.5779945850372314,-2.2287778854370117,-7.89457893371582,-4.373105049133301,-0.43969976902008057,-5.957526206970215,-3.239978790283203,-7.86607551574707,5.281829833984375,-2.581026554107666,-4.121850490570068,-2.454332113265991,-7.775418758392334,-9.359375,5.750499248504639,-6.394739627838135,-7.261514663696289,-3.249680280685425,-1.8747551441192627,0.4698794484138489
a30676283,-4.232489585876465,-1.6582472324371338,-1.4697332382202148,3.689690113067627,-0.5765243172645569,0.2325107753276825,-0.04728831350803375,-1.0883649587631226,-3.2303144931793213,-0.7517784833908081,0.42399150133132935,-1.0837358236312866,0.6615284085273743,-3.2625041007995605,-1.2073599100112915,0.8796257972717285,-2.388820171356201,-1.1945083141326904,0.10044512152671814,-1.8438597917556763,-0.095133475959301,-2.403000831604004,1.5265012979507446,4.900559902191162
a3086b63a,1.77240788936615,-0.5877735614776611,0.045699529349803925,3.561056613922119,-1.5976859331130981,0.4926129877567291,-2.4353878498077393,1.0630900859832764,-2.050631046295166,-0.47413182258605957,-0.31132519245147705,-1.3893815279006958,-0.0022325552999973297,-2.7015345096588135,0.4525682330131531,0.42169350385665894,-3.0618152618408203,-2.9639291763305664,3.8606884479522705,-0.4635084867477417,-0.43424323201179504,-1.932374358177185,-0.6203517913818359,0.454527348279953
a30bb0abd,-0.48423120379447937,-0.8660697340965271,-2.0987555980682373,4.431221961975098,-0.9062639474868774,-0.44717299938201904,-5.079329490661621,-2.4307427406311035,0.8641037940979004,-1.9195250272750854,-2.314408302307129,-4.785721778869629,4.261385917663574,-0.8128817081451416,-0.44511255621910095,-1.6612706184387207,-4.626939296722412,-5.121998310089111,4.559213638305664,-3.2529759407043457,-4.210562229156494,-0.37946781516075134,-0.7407346963882446,-0.6493871212005615
a32a658de,-1.693436861038208,-0.3938930332660675,-1.1366987228393555,2.492039442062378,-1.9293135404586792,-0.887244701385498,0.7360286712646484,4.7536773681640625,-3.4765594005584717,0.7872499227523804,0.6078701019287109,3.6775121688842773,-0.5060970783233643,-3.492633581161499,-0.1296977996826172,1.682199478149414,-1.2343885898590088,0.6757622957229614,-0.8240900039672852,-0.39305493235588074,0.19718536734580994,-3.0263426303863525,-0.9843282699584961,3.14215087890625
a347459e5,-4.351284027099609,2.3020668029785156,-4.69987678527832,4.73744535446167,-0.3381252586841583,-2.63319993019104,-5.639512062072754,-0.11734701693058014,-4.59032678604126,-2.8442018032073975,-3.2142207622528076,-2.7654120922088623,-3.92182993888855,-3.0125105381011963,6.23036527633667,-0.3754487633705139,-3.7187957763671875,-5.875415325164795,0.7057733535766602,-4.148092746734619,-5.1033220291137695,0.6940367817878723,-0.06264153122901917,-1.90834641456604
a34ddf261,-1.4711005687713623,2.7308478355407715,6.270928382873535,3.528371810913086,-2.5674667358398438,-0.19152049720287323,-1.6003835201263428,1.0353899002075195,-3.894148111343384,0.2574678957462311,-0.6842350363731384,-1.2186254262924194,-1.2114778757095337,-2.3376667499542236,-0.5297712087631226,1.4912501573562622,-2.014970064163208,-1.8042014837265015,-1.433484673500061,0.6042618155479431,0.14939677715301514,-2.072371482849121,-0.45482558012008667,-0.735867977142334
a36335f2d,-3.0235462188720703,-4.824508190155029,-5.231084823608398,5.6424784660339355,-2.971561908721924,-2.329916477203369,-8.126441955566406,-4.488193511962891,-1.0210293531417847,-6.199050426483154,-3.3955960273742676,-8.193471908569336,5.623472213745117,-2.9424679279327393,-4.025213718414307,-3.1364619731903076,-8.375825881958008,-9.678269386291504,6.225807189941406,-6.625999450683594,-7.429513931274414,-3.3331408500671387,-2.3072316646575928,0.4338858723640442
a37f3f9c5,-6.732185363769531,-2.4937734603881836,-2.9058468341827393,-0.48263370990753174,-7.252854347229004,-4.280241012573242,-0.5384289026260376,5.471196174621582,-5.952753067016602,-2.381500720977783,-0.9321141242980957,3.69610857963562,-5.652589321136475,-4.714620590209961,-5.751699924468994,0.33139854669570923,3.1003923416137695,-2.8375864028930664,-6.0605268478393555,1.5450823307037354,1.0387239456176758,-6.88458251953125,-2.040140390396118,-2.365175247192383
a381c3afc,-5.2147369384765625,-3.4756202697753906,-3.169760227203369,-0.007252156734466553,-5.729033946990967,-3.9240965843200684,0.46778833866119385,4.624041557312012,-5.575309753417969,-2.1090097427368164,0.7726104855537415,5.58591365814209,-4.482193946838379,-5.809017181396484,-2.9121553897857666,0.46528464555740356,-2.1842052936553955,-2.219961643218994,-3.9498677253723145,-0.5860748887062073,0.11870637536048889,-6.560976982116699,-0.7500857710838318,-0.36388450860977173
a3ad6ae80,-4.694976329803467,-2.1969103813171387,-1.6149039268493652,1.446698546409607,-4.057877540588379,0.5262340307235718,-0.43642953038215637,1.7081485986709595,-4.74458122253418,0.18481484055519104,-0.4401701092720032,0.7239725589752197,-3.111652374267578,-3.848073959350586,-2.092921495437622,0.7614704966545105,-0.7412316203117371,-0.7569308876991272,-3.000166416168213,0.4697572588920593,2.207566738128662,-4.880803108215332,-2.852949619293213,-1.8256391286849976
a3fc38c6f,-5.2399420738220215,1.1998714208602905,-6.529150009155273,4.996002197265625,0.46596401929855347,-2.7913620471954346,-6.9571309089660645,-1.495316743850708,-4.305614471435547,-3.7053539752960205,-3.9471333026885986,-3.6056923866271973,-4.880152702331543,-3.269064426422119,7.660567760467529,-0.7062516808509827,-5.322695732116699,-7.329858779907227,1.7718334197998047,-5.193459510803223,-6.419351100921631,1.5393805503845215,-0.5947891473770142,-1.51296067237854
a436c487d,-2.5723471641540527,-0.6769276261329651,0.21331071853637695,-1.932058572769165,-3.0820813179016113,-1.623335361480713,0.09553509205579758,1.0058789253234863,-3.5577657222747803,0.5673854351043701,-0.8356055021286011,3.331207752227783,-1.789612889289856,-3.1289432048797607,-1.5705265998840332,-0.33550024032592773,-0.41178762912750244,0.13862761855125427,-0.6313676834106445,0.2093924880027771,1.0272331237792969,-3.5205178260803223,-1.9014812707901,-1.349107027053833
a43e226d1,-3.3376619815826416,0.8039485812187195,5.580552577972412,3.060607433319092,-2.939568281173706,0.42881375551223755,-1.3673100471496582,1.0270640850067139,-4.353028774261475,-0.10342811048030853,-0.3733958601951599,-0.9046396017074585,-0.897337019443512,-3.249843120574951,-2.3095507621765137,-0.27990737557411194,-2.9445080757141113,-1.2076218128204346,-1.5329508781433105,0.26323622465133667,0.7174306511878967,-3.0798115730285645,-0.7548393607139587,0.14716261625289917
a45899ab3,-3.717435598373413,-0.0649092048406601,-0.6066162586212158,2.9481348991394043,-3.484424591064453,-0.8446254730224609,-0.5871306657791138,4.359045505523682,-4.507917404174805,1.6089104413986206,-0.9988758563995361,1.1390156745910645,-2.8578784465789795,-3.528916120529175,-0.4823862314224243,0.6341612935066223,-0.730424165725708,1.9990894794464111,-2.2004408836364746,0.5005988478660583,2.3385989665985107,-2.458433151245117,-2.073504686355591,-1.713087558746338
a45ffe729,-1.088767170906067,-0.09434545040130615,0.9262378811836243,2.75716495513916,-1.0449854135513306,0.2970372438430786,-2.3333609104156494,-0.6742444038391113,-1.6562508344650269,-1.2765696048736572,-0.5487722158432007,-1.5691343545913696,1.8880984783172607,-1.252337098121643,1.7746012210845947,0.1832132190465927,-3.253958225250244,-2.9177515506744385,2.3734183311462402,-0.8469674587249756,-0.8778314590454102,-1.451492428779602,-0.40013808012008667,0.4914752244949341
a47b039ac,-3.9526612758636475,3.0119705200195312,-2.933647871017456,5.70396614074707,-0.37648189067840576,-2.060227394104004,-2.8428714275360107,-1.400400161743164,-3.2981529235839844,-0.4240002930164337,-2.468600034713745,-2.8478169441223145,-1.9083571434020996,-0.21897292137145996,-1.5493347644805908,-0.8443585634231567,5.286238193511963,-1.7128514051437378,-2.2830021381378174,-3.3398218154907227,-1.7351202964782715,-0.2091340720653534,-1.4063279628753662,-1.839756965637207
a4979223a,-3.896291732788086,-1.1943352222442627,-0.4059285819530487,-3.2509849071502686,-3.4912309646606445,-1.572969913482666,-2.496091842651367,-1.1993491649627686,-4.414491176605225,-0.39808639883995056,-1.7507749795913696,-1.5646709203720093,-1.6266695261001587,-4.419166088104248,-2.0571470260620117,-2.2999696731567383,-1.652843713760376,-2.808250665664673,-0.34965670108795166,-1.1733816862106323,0.3260018527507782,-4.3312177658081055,-4.269537448883057,-2.3156933784484863
a4b6f8f47,-3.419682741165161,1.0217714309692383,3.365779399871826,3.6101906299591064,-2.3891186714172363,1.027016043663025,-1.2937521934509277,1.6318594217300415,-4.606085777282715,0.09028699994087219,-0.052710384130477905,-0.8302034735679626,-1.5973799228668213,-2.4263906478881836,-0.708360493183136,1.4377676248550415,-1.9734166860580444,-1.5036462545394897,-1.5835511684417725,-0.061963848769664764,0.5853091478347778,-2.174990177154541,-0.9436187744140625,1.0573840141296387
a4bd9fea3,-4.300981521606445,2.2519731521606445,-3.410054922103882,4.276388168334961,-2.907395601272583,-3.216346263885498,-2.188408374786377,-1.294631838798523,-4.517337322235107,-1.7138668298721313,-1.2328864336013794,-1.572762370109558,-3.3004658222198486,-1.084567666053772,-2.697441339492798,-1.0295202732086182,3.3282129764556885,-2.148789882659912,-3.1466851234436035,-3.202133893966675,-1.4199020862579346,-2.472223997116089,-1.8231101036071777,-1.3192278146743774
a4cd988a6,-6.044971466064453,2.8181204795837402,-3.897629499435425,4.800836563110352,-4.162786960601807,-4.588127613067627,-2.6262950897216797,-2.5843935012817383,-6.206419944763184,-1.684531807899475,-2.7900471687316895,-2.648557186126709,-5.59359884262085,-0.8138241171836853,-4.773037910461426,-1.4033681154251099,6.287927150726318,-1.4335678815841675,-5.959319114685059,-4.400284767150879,-2.1774630546569824,-3.7053446769714355,-2.884838104248047,-2.678534984588623
a4ec73732,-1.9488331079483032,-3.509662628173828,-5.548834800720215,5.596827983856201,-0.8211982846260071,-2.0028560161590576,-8.676019668579102,-5.347546577453613,0.24332469701766968,-5.282053470611572,-4.35738468170166,-8.219377517700195,6.425553321838379,-1.9166568517684937,-2.518852949142456,-4.639283180236816,-8.626104354858398,-9.661099433898926,6.768543243408203,-6.013116836547852,-8.039968490600586,-0.5936275720596313,-1.9882384538650513,0.15623773634433746
a5127aca8,0.4186387062072754,-2.1951053142547607,-1.8665715456008911,3.830721855163574,-2.388303756713867,-1.126583218574524,-3.586324691772461,0.9300335645675659,-1.0971232652664185,-1.8235251903533936,-1.061511516571045,-3.536491870880127,2.3372128009796143,-2.979279041290283,-1.5081905126571655,-0.9730430841445923,-4.507202625274658,-4.080467224121094,5.3997392654418945,-2.3149845600128174,-3.304271697998047,-2.615018129348755,-1.5767918825149536,0.7904049754142761
a52537195,1.0006461143493652,-1.3776036500930786,-4.847607612609863,4.6430134773254395,-0.4504443407058716,-0.5352309942245483,-4.4229044914245605,-1.4939731359481812,-0.8506811857223511,-1.9576375484466553,-1.7704211473464966,-4.0055131912231445,4.594359397888184,-3.8089826107025146,-2.2046878337860107,-1.4239099025726318,-6.670576572418213,-6.283073425292969,5.40269136428833,-4.148353099822998,-5.194359302520752,-2.8366408348083496,-0.9618884325027466,5.582144737243652
a53bc36fe,-1.8230230808258057,-3.5541281700134277,-4.523919105529785,5.102406978607178,-2.26540207862854,-1.7078161239624023,-7.264583587646484,-3.88883638381958,-1.1072566509246826,-5.115048408508301,-3.183755874633789,-6.960644721984863,5.076435565948486,-2.635150194168091,-2.453775644302368,-2.3184762001037598,-7.467010498046875,-8.36327075958252,6.264698505401611,-5.63947057723999,-6.810051441192627,-2.487934112548828,-1.5435240268707275,0.40100565552711487
a55e413a2,-3.0673532485961914,-1.955033302307129,-0.6315521597862244,2.7272279262542725,-1.252595067024231,4.044241905212402,-2.1587648391723633,1.3376251459121704,-1.6761655807495117,-1.6796249151229858,1.3783843517303467,-0.651020884513855,2.042827606201172,-0.9576675891876221,-1.2914713621139526,1.271471619606018,-3.273597478866577,-2.8937249183654785,2.365629196166992,-1.0192598104476929,0.37306541204452515,-3.144598960876465,0.5901056528091431,-0.6290347576141357
a58b8ccb4,-5.639330863952637,-5.009176731109619,-5.552198886871338,5.992361068725586,-0.4733361005783081,0.4002716839313507,-6.038896083831787,-4.796796798706055,-1.8582478761672974,-5.019129276275635,-2.45609188079834,-7.3963775634765625,4.593472480773926,-3.5492565631866455,-4.162315368652344,-5.001948356628418,-7.658815383911133,-7.091136932373047,3.9559550285339355,-4.832257270812988,-5.057447910308838,-2.174178123474121,-0.8367378115653992,4.59820556640625
a596610d2,-1.2016024589538574,0.6935261487960815,1.2604637145996094,2.175215721130371,-0.2664688527584076,-0.35836201906204224,-2.6465938091278076,-0.07726471871137619,-2.095966100692749,0.6069415807723999,-2.1040761470794678,-1.658013939857483,1.4271961450576782,-1.4162840843200684,0.5792898535728455,-1.1944608688354492,-1.848433256149292,-1.119084119796753,2.08988881111145,-0.1422773003578186,-0.6367465853691101,0.27294501662254333,-2.4283881187438965,-1.4841479063034058
a59ed6ea4,-5.0948967933654785,2.3560876846313477,-3.767000913619995,5.280130386352539,-1.92483651638031,-1.817806363105774,-4.311114311218262,0.16799293458461761,-5.520618438720703,-2.1824796199798584,-1.8851799964904785,-2.5253756046295166,-3.3678886890411377,-1.4986860752105713,-0.2550027072429657,0.6278063058853149,-0.7744776010513306,-5.464118480682373,-2.302385091781616,-4.903534889221191,-2.481776475906372,-0.15490198135375977,-1.5443916320800781,-1.0624290704727173
a5a5a85db,-2.7436249256134033,2.8392457962036133,-2.366819143295288,5.462742805480957,-1.1319115161895752,-2.1189212799072266,-3.721820831298828,-0.6141510605812073,-4.52587366104126,2.0962305068969727,-2.1792399883270264,-3.0297319889068604,-1.8415483236312866,-0.7246813774108887,-0.5841875076293945,0.17597778141498566,0.22303158044815063,-2.471851110458374,-1.166474461555481,-4.387214660644531,-2.526940107345581,0.6983927488327026,-1.681491494178772,-1.7873231172561646
a5bb1b9a4,-0.09042610228061676,-0.3759951889514923,-4.784771919250488,6.496950626373291,4.756741523742676,-0.893639326095581,-6.437222003936768,-3.022184371948242,4.411604881286621,-1.3956197500228882,-4.235679626464844,-4.81712007522583,7.254088401794434,2.525651454925537,1.1281408071517944,-2.67573881149292,-4.522513389587402,-6.170632362365723,6.553990840911865,-4.989648818969727,-5.406301975250244,5.159505844116211,-1.1879372596740723,-1.1256500482559204
a5eaa2ad5,-1.8204381465911865,0.591585099697113,0.15465334057807922,2.654660701751709,-0.17192555963993073,-0.08407597988843918,-0.8920945525169373,0.9276461601257324,-3.3109774589538574,0.5794795155525208,-0.17649541795253754,-0.44952577352523804,0.08504846692085266,-2.6907076835632324,2.0093834400177,-0.06410850584506989,-2.508808135986328,-0.8212880492210388,0.4434925317764282,-0.36318260431289673,0.011819601058959961,-1.015258550643921,-0.8847967386245728,4.004617214202881
a5efeba98,-1.260719656944275,-1.4445730447769165,0.11568056046962738,1.5648887157440186,-2.0079479217529297,0.904337465763092,-2.8441481590270996,-1.1006475687026978,-1.901963233947754,-1.3737728595733643,-0.664307177066803,-2.918217182159424,1.38111412525177,-2.1782026290893555,0.27932223677635193,1.7930468320846558,-3.5694780349731445,-2.490415573120117,2.145087957382202,-0.764960527420044,-0.36893153190612793,-2.734396457672119,-1.1936215162277222,-0.7705085277557373
a5fb95c1b,-1.234779715538025,3.618551254272461,6.496713638305664,4.5732622146606445,-2.6687493324279785,-0.3780607581138611,-3.0438663959503174,0.6106850504875183,-4.048432350158691,0.6405618786811829,-1.4693981409072876,-2.1471285820007324,-0.7563906311988831,-2.639709949493408,-0.9953532814979553,0.043561600148677826,-2.362400770187378,-1.6045188903808594,-0.9320741891860962,0.29172027111053467,-0.100295789539814,-1.9875259399414062,-1.1565922498703003,-1.902874231338501
a67bcd9cb,-3.05560040473938,-1.1754111051559448,-3.3883769512176514,5.602627754211426,-0.22852343320846558,1.1164822578430176,-2.0902228355407715,-1.263425350189209,-3.3301191329956055,-1.532697081565857,-0.3485485017299652,-2.2950246334075928,2.1121885776519775,-4.146512985229492,-0.22406674921512604,-1.2466814517974854,-4.7657151222229,-3.2046542167663574,2.9148054122924805,-2.8936805725097656,-2.1944198608398438,-2.311959981918335,-0.6986562609672546,5.176447868347168
a69df057c,-1.437180757522583,3.592104434967041,-1.4081755876541138,5.562028884887695,-1.5746755599975586,-0.7700279355049133,0.909295916557312,4.022209644317627,-2.1160473823547363,0.9072514772415161,-0.7754499316215515,3.1659348011016846,-1.1679803133010864,-0.5283869504928589,5.318953037261963,3.9851901531219482,0.27259302139282227,0.14669904112815857,0.439381867647171,5.144789695739746,-0.1950596272945404,-0.14154386520385742,4.2492780685424805,0.8964738249778748
a6a1235fb,-3.1088380813598633,1.0072402954101562,-4.527879238128662,4.80972146987915,2.7839324474334717,-1.6710591316223145,-5.115398406982422,-0.8590772151947021,-2.112445116043091,-0.8556955456733704,-3.1264827251434326,-2.5913758277893066,-1.8922308683395386,-0.9367789030075073,7.1941070556640625,-0.5191695094108582,-3.3312740325927734,-4.0741729736328125,2.564177989959717,-3.722888708114624,-4.466711044311523,2.6988377571105957,-0.5297890901565552,-1.181114912033081
a6ae9f153,-1.6930533647537231,-3.385359764099121,-3.867828130722046,5.397152423858643,-2.427506446838379,-2.069248676300049,-7.508493900299072,-3.488948106765747,-0.33228570222854614,-5.302958965301514,-2.9234800338745117,-6.952181816101074,4.966069221496582,-2.657008171081543,-1.807350754737854,-2.121164321899414,-7.188788414001465,-8.465519905090332,5.593613624572754,-5.690071105957031,-6.357501983642578,-1.926652193069458,-1.6207091808319092,-0.26337313652038574
a6beff8ac,-7.118808269500732,-3.938556432723999,-2.044559955596924,3.9971776008605957,-2.422992467880249,0.036479443311691284,-0.3166518211364746,-2.6232619285583496,-5.493417739868164,-1.3661714792251587,0.9308629035949707,-2.713160276412964,-0.5937366485595703,-5.7962141036987305,-3.980865240097046,-3.1232779026031494,-3.004453420639038,-2.0117874145507812,-0.5826752781867981,-0.27835512161254883,0.2623137831687927,-5.493184566497803,-2.5944013595581055,5.001216888427734
a6c6efdbe,3.335475444793701,4.708147048950195,-0.47146132588386536,3.445333957672119,-0.33841776847839355,-2.0604279041290283,-0.8516640663146973,0.6361717581748962,-3.549675226211548,4.111783981323242,-0.48060131072998047,-0.19931450486183167,0.2683263421058655,-1.4261393547058105,0.8898148536682129,1.8005881309509277,-1.6177828311920166,0.3713268041610718,2.479792833328247,-1.8786616325378418,-1.9454864263534546,-0.9711213111877441,-2.4431941509246826,1.6176079511642456
a6ca1101e,-1.6645822525024414,1.1749166250228882,-3.0177745819091797,3.4660675525665283,-1.7927420139312744,-1.5256651639938354,-0.4938027262687683,0.23284269869327545,-4.547763824462891,-0.2952035665512085,-0.4529403746128082,-0.4112623929977417,-3.3286616802215576,-2.997677803039551,4.619855880737305,2.5891997814178467,-2.792891025543213,-2.559235095977783,0.1291176974773407,-1.9244780540466309,-1.497812271118164,-2.2881112098693848,-0.38908377289772034,-0.425913006067276
a7400693a,-2.719722032546997,0.2991798222064972,-0.9494363069534302,2.3163981437683105,-2.6188347339630127,-2.78456711769104,3.647141933441162,-0.3153318464756012,-3.6720519065856934,2.0353991985321045,1.291050672531128,2.5479722023010254,-3.2563323974609375,-1.76346755027771,-1.8019741773605347,1.0151199102401733,3.0818991661071777,2.3589365482330322,-2.435476779937744,-0.1650019735097885,2.068592071533203,-3.4022107124328613,-2.42447566986084,-0.07008372992277145
a74dac74e,-4.887466907501221,-1.5654420852661133,-3.012486696243286,0.7848425507545471,-5.3468427658081055,-3.452441930770874,0.6978289484977722,5.197785377502441,-4.826230049133301,-0.8761237263679504,-0.5695013999938965,5.119370460510254,-4.226929664611816,-4.065301418304443,-3.0862607955932617,1.8128418922424316,0.9041433334350586,-0.4718565046787262,-4.262782096862793,0.3875439465045929,0.3969442844390869,-5.303614139556885,-0.7547869682312012,-1.9844722747802734
a75df19ab,-3.337259531021118,-2.9172606468200684,-2.3646063804626465,5.021332740783691,-0.9122484922409058,0.5510262250900269,-4.211219787597656,-2.0498619079589844,-1.780612587928772,-3.0972108840942383,-1.4424488544464111,-4.457109451293945,4.314287185668945,-2.251927375793457,-2.13508939743042,-1.9559428691864014,-4.702908992767334,-4.774487495422363,3.9134061336517334,-3.0090415477752686,-2.798637866973877,-1.475664734840393,-0.9527497291564941,3.256906747817993
a77f548bd,-0.07264554500579834,0.17201738059520721,0.04249170795083046,2.006748914718628,-1.3444157838821411,-0.7615478038787842,-1.9625097513198853,0.09386128932237625,-2.804931402206421,-0.8490742444992065,0.04512685537338257,-0.6812682151794434,-0.9493231177330017,-2.014291763305664,2.6896286010742188,1.250962257385254,-1.3717563152313232,-2.787872791290283,2.602529764175415,0.13829167187213898,-0.6084091067314148,-1.9148937463760376,-0.4241914749145508,1.7219756841659546
a7a7fc534,-5.508487701416016,-2.397019863128662,-3.392155885696411,1.2042076587677002,-5.427951812744141,-3.7760488986968994,2.4557790756225586,3.6165332794189453,-5.6631035804748535,1.2016093730926514,0.9342277646064758,4.196472644805908,-4.438711166381836,-5.544490814208984,-2.9362103939056396,1.5663410425186157,-0.23472481966018677,2.6413774490356445,-4.590466022491455,0.36729860305786133,2.065810203552246,-6.4052910804748535,-1.8335652351379395,-1.0940253734588623
a7c31f224,-0.8939136862754822,-1.4885008335113525,-2.4723734855651855,4.310086727142334,-1.5259757041931152,-1.1449699401855469,-4.993043899536133,-1.80684494972229,0.6206260919570923,-3.108595609664917,-1.9945008754730225,-4.593107223510742,4.034998416900635,-1.7083872556686401,-1.276483178138733,-1.2533625364303589,-4.572346210479736,-5.646372318267822,4.396556854248047,-3.6538357734680176,-4.454108238220215,-0.972509503364563,-0.09242630004882812,0.04260866343975067
a7ebc2eb8,-4.753985404968262,3.554378032684326,-5.067420482635498,6.018394470214844,-2.415865898132324,-2.197012186050415,-3.4729111194610596,3.435319662094116,-4.818245887756348,-2.1009445190429688,-2.8338916301727295,-0.37575191259384155,-5.209964275360107,-2.328474998474121,5.241840362548828,3.0610618591308594,-1.5490012168884277,-4.535311698913574,-2.553623914718628,-3.0726799964904785,-3.690258741378784,-0.6124665141105652,4.350894927978516,-1.696327805519104
a81760ac4,-5.362271785736084,1.8628696203231812,-3.513990640640259,4.247079849243164,-3.5389323234558105,-3.6111984252929688,-1.0022552013397217,-1.6637259721755981,-5.565397262573242,-0.9451348781585693,-1.999461054801941,-1.6553919315338135,-4.876214504241943,-1.515913486480713,-3.3187990188598633,-0.8120212554931641,4.058952808380127,-0.7647906541824341,-4.816873073577881,-3.1739554405212402,-0.8018133640289307,-3.006380081176758,-2.377164602279663,-1.738028645515442
a84a942e7,0.2334449738264084,-4.830957412719727,-2.0495870113372803,0.40829822421073914,-4.1222028732299805,-2.6496052742004395,-5.196989059448242,-3.1924057006835938,-1.8017414808273315,-5.174147605895996,-1.0930945873260498,-5.443264484405518,1.4387208223342896,-4.754359245300293,-3.4137513637542725,-2.7168755531311035,-5.873162746429443,-7.3850417137146,4.914222717285156,-3.0252487659454346,-4.374298095703125,-5.062986373901367,-2.4237966537475586,0.6177840828895569
a853f71b6,-0.8844225406646729,-0.47112488746643066,-0.5179144740104675,2.7334647178649902,-1.8998371362686157,0.7533060312271118,-1.6088939905166626,2.5006353855133057,-2.7679574489593506,0.11248353123664856,-0.4551873207092285,-1.1893253326416016,0.2477772831916809,-3.177130699157715,1.74000084400177,-0.1459830403327942,-3.0850491523742676,-1.1964401006698608,1.6744492053985596,-0.23925790190696716,-0.3753216862678528,-1.8055834770202637,-1.618991732597351,0.3709867596626282
a861d2eea,-6.372354507446289,-1.8458703756332397,-4.979682922363281,4.154245853424072,-6.2705464363098145,-3.410414218902588,1.0609631538391113,5.477172374725342,-5.946352958679199,-0.7353511452674866,-0.43677788972854614,4.1870927810668945,-5.0371575355529785,-4.703587532043457,-3.9992122650146484,1.5067088603973389,2.3299927711486816,0.18426941335201263,-5.975557327270508,-0.49049997329711914,1.0497595071792603,-6.096358299255371,-2.035489082336426,-0.9973623156547546
a875960e4,-1.625561237335205,-0.6804928779602051,-1.7585859298706055,4.4857378005981445,-0.07588299363851547,-0.470384418964386,-5.447339057922363,-3.075356960296631,-0.3389451205730438,-2.4681081771850586,-3.095574140548706,-4.9660515785217285,5.318663120269775,1.0895986557006836,-1.9586857557296753,-0.42018407583236694,-4.242162227630615,-5.708782196044922,4.845511436462402,-3.699009895324707,-4.7846245765686035,-0.8345348238945007,-0.6067829728126526,-0.6633869409561157
a8787f94b,-0.3924003541469574,-0.11090885102748871,0.5125470757484436,0.3689371347427368,-2.170288562774658,0.44302451610565186,-0.40333592891693115,4.520617485046387,-3.0013020038604736,1.3392337560653687,-0.2136615812778473,1.6113972663879395,-1.1506125926971436,-3.219597339630127,0.12687081098556519,0.2298007756471634,-1.2286360263824463,0.4944659471511841,0.06192691624164581,1.284446358680725,1.1344181299209595,-2.040834426879883,-2.2450385093688965,0.1363406479358673
a87e751cc,-4.419609546661377,3.170494556427002,-3.779473066329956,5.093922138214111,1.376118540763855,-3.1623940467834473,-6.969542980194092,-1.9018640518188477,-2.917377471923828,-1.439719557762146,-4.9228410720825195,-4.666304588317871,-0.7191538214683533,-0.989116907119751,2.2680931091308594,-1.4067481756210327,-1.0712862014770508,-5.067360877990723,0.7415480613708496,-4.810542583465576,-4.512552261352539,4.428050518035889,-2.831453323364258,-3.351527214050293
a88c64236,-4.767480850219727,-2.06304931640625,-1.8508498668670654,-2.111004590988159,-4.848652362823486,-2.678523540496826,0.14359834790229797,3.064702033996582,-4.818653583526611,-0.5518542528152466,-0.06711933761835098,4.210736274719238,-3.270648956298828,-4.069173812866211,-3.1543643474578857,0.34788504242897034,-1.9112259149551392,-1.0368168354034424,-3.1813085079193115,0.10399425029754639,0.8003509640693665,-5.535978317260742,-1.283590316772461,-1.0539835691452026
a8b02b220,2.223294258117676,-3.5272974967956543,-4.481361389160156,4.63325309753418,-1.8068833351135254,-2.0752899646759033,-6.294571876525879,-3.518601894378662,0.0626855343580246,-4.032827854156494,-2.128119707107544,-7.075916290283203,5.32078218460083,-2.722839117050171,-4.050722122192383,-3.195265531539917,-7.292206287384033,-7.893275737762451,6.680515289306641,-5.762421607971191,-6.924744606018066,-2.734846830368042,-1.6199357509613037,1.6067065000534058
a8e5c6ed4,0.496425062417984,0.13551275432109833,0.7312395572662354,2.4081547260284424,-1.5741466283798218,-0.09418521821498871,-1.7824091911315918,-0.11440439522266388,-1.2581055164337158,-0.7862799167633057,0.2978011965751648,-1.4857187271118164,-0.07090099155902863,-1.7332544326782227,0.626741886138916,-0.0776459276676178,-2.2020912170410156,-2.4632959365844727,0.9841892719268799,-0.5493212342262268,-0.7783775329589844,-1.4167730808258057,-0.862133264541626,-0.34350332617759705
a8ed8b3ba,-2.3900058269500732,-0.9309854507446289,1.0400537252426147,1.2585828304290771,-2.3761751651763916,-0.8891337513923645,-0.4030299186706543,1.5693371295928955,-3.36834454536438,-0.37718385457992554,0.5263779759407043,1.5613152980804443,-1.387556791305542,-3.0216763019561768,-1.6777489185333252,0.43454086780548096,-1.4752306938171387,-0.6021900177001953,-1.5814570188522339,-0.1644020974636078,1.179034948348999,-3.197139263153076,-1.046816110610962,1.8471386432647705
a8f4848e8,-1.0956989526748657,2.9746057987213135,5.581452369689941,4.1366424560546875,-1.8704566955566406,-0.42463645339012146,-0.7637699842453003,0.605330228805542,-4.313108444213867,3.2871253490448,-1.1098933219909668,-0.29842889308929443,-1.1534355878829956,-1.3489058017730713,-0.9354139566421509,0.3624684810638428,-0.54119873046875,1.6579291820526123,-0.37289494276046753,0.43853694200515747,0.7551891803741455,-1.8852849006652832,-0.8031604290008545,-0.48703086376190186
a8f7306b8,-1.8614016771316528,2.171294689178467,1.1819273233413696,4.083865165710449,-1.208271861076355,0.025478888303041458,-0.9260754585266113,2.3712213039398193,-3.0942130088806152,1.355281949043274,-1.4318745136260986,1.6616637706756592,-0.9239462614059448,-2.284730911254883,2.9775655269622803,1.7117494344711304,-1.7754120826721191,-0.12225192040205002,-0.18944799900054932,-0.45952096581459045,-0.28392016887664795,-0.538539707660675,-1.090975284576416,-1.437395453453064
a8fb199cc,-0.8316418528556824,-2.1646764278411865,-0.7544374465942383,-0.3393428325653076,-3.6644811630249023,-1.3473461866378784,-0.024355076253414154,1.9003047943115234,-3.1035678386688232,-0.8202519416809082,1.3879756927490234,2.7929704189300537,-1.3661057949066162,-3.409067153930664,-1.9626444578170776,0.07438471913337708,-2.21268367767334,-1.7539269924163818,-0.4006144404411316,-0.4058108925819397,1.3030959367752075,-4.257645130157471,-0.9150700569152832,-0.20743563771247864
a91135d08,-6.540650367736816,-0.08256521821022034,-7.5629706382751465,4.608597755432129,-0.5128402709960938,-3.0185914039611816,-6.92714262008667,-1.626460075378418,-5.0288615226745605,-4.657312870025635,-3.5038936138153076,-3.471834897994995,-4.4256415367126465,-3.6509807109832764,7.412005424499512,1.9317920207977295,-6.193647861480713,-7.960134506225586,2.810849666595459,-5.852494716644287,-6.141155242919922,1.248711347579956,-0.7777687311172485,-1.009380578994751
a929a6311,-0.8476824760437012,-2.753265380859375,-5.376721382141113,5.355892181396484,-0.5297041535377502,-1.7500274181365967,-7.223791599273682,-4.314565181732178,1.6790144443511963,-4.341602802276611,-3.6228747367858887,-6.881240367889404,5.664755344390869,-0.6097069382667542,-3.4091811180114746,-2.4171855449676514,-6.384830474853516,-7.880644798278809,6.211316108703613,-5.216675758361816,-6.595679759979248,-1.0079532861709595,-0.7774777412414551,0.2576519548892975
a93af2c1e,-7.885834217071533,-1.1413025856018066,-5.7380828857421875,3.138721466064453,-7.119699001312256,-4.77859354019165,-1.2052767276763916,4.985363960266113,-7.000412940979004,-2.1716670989990234,-2.3557708263397217,1.1645349264144897,-6.448122024536133,-3.5952322483062744,-5.390784740447998,1.5264930725097656,4.52092981338501,-1.9934208393096924,-7.4031081199646,-0.33757272362709045,0.0290396586060524,-6.544508934020996,-2.390404224395752,-2.8091933727264404
a986f9f3a,-2.7568283081054688,-3.8872992992401123,-3.5651211738586426,5.257955551147461,-2.61175537109375,-1.9450182914733887,-7.4658942222595215,-3.9036426544189453,-0.2911228835582733,-5.507153034210205,-3.2594528198242188,-7.473628520965576,5.094824314117432,-2.3768153190612793,-3.003711462020874,-2.7132766246795654,-7.126856327056885,-8.597399711608887,5.421232223510742,-5.509500980377197,-6.346367359161377,-2.2723166942596436,-1.85746169090271,-0.1973506510257721
a9d03a2c5,-5.009282112121582,-2.5116541385650635,-1.7506988048553467,-2.643462896347046,-4.622761249542236,-1.1613410711288452,0.0981709361076355,3.295241355895996,-4.1158766746521,-1.330278754234314,0.7773021459579468,4.79269552230835,-3.776916742324829,-4.125213146209717,-3.716158151626587,0.21914584934711456,-1.988874077796936,-1.2443456649780273,-3.714127540588379,-0.25471216440200806,1.4069099426269531,-5.96932315826416,-0.43750113248825073,-2.3514602184295654
a9d25f100,-3.0733299255371094,-0.40213197469711304,-0.6419435143470764,4.898860454559326,0.15873472392559052,4.08787727355957,0.9974787831306458,-0.01897554099559784,-2.780721426010132,1.3090940713882446,4.196206092834473,1.0850629806518555,0.08759638667106628,-3.554168939590454,0.18779641389846802,-0.6991868019104004,-2.9290781021118164,0.2793942391872406,0.6049243211746216,-0.7089943885803223,1.8856627941131592,-2.570157527923584,0.11912529170513153,4.4300713539123535
a9e3524b5,-2.889411211013794,2.0902671813964844,-2.104851245880127,4.475378036499023,-3.3829498291015625,-2.8691020011901855,-0.5727986693382263,-0.3300532400608063,-3.983952045440674,1.3930261135101318,-0.3015124499797821,-0.0038628578186035156,-3.1605143547058105,-1.0596661567687988,-2.567627191543579,-0.5518370270729065,4.366935729980469,1.5158164501190186,-3.1961183547973633,-1.6903488636016846,-0.0059467703104019165,-3.0539207458496094,-1.7088631391525269,-0.6262506246566772
a9eb1ee50,-3.3470582962036133,0.6308289766311646,-2.354843854904175,4.16471529006958,-2.5758371353149414,-0.7361894845962524,-1.9746627807617188,2.3654541969299316,-4.236527919769287,-0.3885023295879364,-0.01964438706636429,1.446656346321106,-3.094390392303467,-3.0894744396209717,4.22593879699707,0.14029273390769958,-3.2178750038146973,-1.7944116592407227,-0.7130435109138489,-1.7323427200317383,-1.2304060459136963,-1.5315591096878052,-0.4062872529029846,-1.4176676273345947
a9f6378b7,-6.837977409362793,-5.233039855957031,-3.9658899307250977,5.779452800750732,-1.922853946685791,0.6683700680732727,-3.545391798019409,-4.554571628570557,-3.2126758098602295,-3.8400192260742188,-0.8950227499008179,-5.472757339477539,2.825521469116211,-3.728985548019409,-5.921886444091797,-3.6398801803588867,-5.588211536407471,-4.535088062286377,1.793835163116455,-3.2147817611694336,-2.5175893306732178,-4.6674323081970215,-1.3505141735076904,4.925158500671387
aa2533ff6,1.5776426792144775,-1.3680766820907593,-1.1347225904464722,4.260395050048828,-1.6757105588912964,-0.7498041987419128,-3.300858497619629,-1.550247073173523,-0.5655291080474854,-2.6962509155273438,-0.5076415538787842,-3.8064680099487305,4.092494487762451,-2.905817985534668,-1.5001287460327148,-1.4257715940475464,-5.482762336730957,-5.894392013549805,4.747745513916016,-2.3077120780944824,-3.6670494079589844,-2.6427743434906006,-0.9749046564102173,3.751068115234375
aa5931e4e,-3.538635492324829,-1.4624912738800049,2.456601142883301,4.442039489746094,1.0257899761199951,0.06359359622001648,-4.175746917724609,-3.1046133041381836,-1.7524089813232422,-2.2021238803863525,-3.8748559951782227,-4.146266460418701,5.20225191116333,0.3538651168346405,-2.5459365844726562,-1.9226210117340088,-3.952298402786255,-4.6409711837768555,4.209898948669434,-1.4365272521972656,-2.4337756633758545,0.022327736020088196,-0.26267319917678833,-1.0829323530197144
aa6b68473,-2.4104299545288086,1.0845310688018799,-0.40462526679039,2.476518154144287,-3.8080034255981445,-3.239938497543335,-1.1027967929840088,-0.9400225877761841,-3.7502927780151367,-1.3000540733337402,-0.49295520782470703,-0.5799610614776611,-2.9945883750915527,-1.9074838161468506,-3.6611831188201904,-0.11601565033197403,2.865485191345215,-2.235919713973999,-2.981172561645508,-0.7633091807365417,0.4168424606323242,-3.673460006713867,-1.7970330715179443,-1.7307058572769165
aa8a7c0e2,-1.5095382928848267,0.3734276294708252,-1.4954497814178467,3.5596842765808105,-0.8051352500915527,-1.2188295125961304,-1.534529447555542,1.1434946060180664,-3.6104695796966553,-0.18367275595664978,-0.004399847239255905,1.2499024868011475,-2.6225295066833496,-2.4903810024261475,4.669715404510498,0.8999583721160889,-3.632160186767578,-2.2200021743774414,0.8433775901794434,-1.3150883913040161,-1.5630499124526978,-1.3647762537002563,-0.18525990843772888,-0.4487876892089844
aaaf2d5ed,-3.633829116821289,-0.645383358001709,-1.191908836364746,1.719514012336731,-3.512472629547119,-1.3712254762649536,1.4516980648040771,2.9813528060913086,-4.067233085632324,0.8210048675537109,-0.6284705996513367,3.0168447494506836,-2.91556715965271,-3.3343167304992676,-0.5479341149330139,3.1997480392456055,0.2927297353744507,0.8099509477615356,-2.7374813556671143,0.022088728845119476,0.6024897694587708,-3.3891897201538086,-1.481438398361206,-1.821476697921753
aabb848a0,-4.764052867889404,-0.7655622363090515,-2.7206978797912598,4.724504470825195,-3.4551703929901123,-0.7402092814445496,0.13737916946411133,2.720019817352295,-4.635448455810547,1.067034363746643,-0.10905624181032181,0.8394100666046143,-2.517397165298462,-3.330516815185547,-0.7910559177398682,3.3459157943725586,-0.7591252326965332,0.04707971215248108,-2.1920900344848633,-0.5216856598854065,1.056464672088623,-4.213006973266602,-1.3614404201507568,-0.7488150596618652
aabdd4b90,-4.423859596252441,-0.034092120826244354,-2.4709277153015137,3.277789831161499,-4.072555065155029,-3.219045877456665,2.365654945373535,-0.018980056047439575,-5.204625129699707,0.6858566403388977,-0.5669843554496765,1.2337228059768677,-3.6819534301757812,-2.738619565963745,-2.3864192962646484,1.973219633102417,3.0192904472351074,0.6496042013168335,-3.7834584712982178,-1.315032958984375,0.8305772542953491,-4.306806564331055,-1.6722784042358398,-0.9060941934585571
aad206921,-5.402675151824951,-0.12454560399055481,-3.734982490539551,2.919376850128174,-4.799411296844482,-3.590758800506592,1.3027487993240356,-0.018552981317043304,-5.56612491607666,-0.2582607567310333,-0.9462929964065552,0.5432828068733215,-3.717214822769165,-2.8520960807800293,-3.58176326751709,2.1440987586975098,3.6247005462646484,0.13301578164100647,-4.555690765380859,-1.5864166021347046,0.2151816487312317,-5.5469207763671875,-2.405677318572998,-0.7432889342308044
aaebf3921,-3.9614758491516113,2.258383274078369,-0.9627446532249451,4.557738304138184,-2.2080259323120117,1.3941088914871216,-2.0791549682617188,2.9786903858184814,-5.261233329772949,0.9545497894287109,-0.6879652142524719,-0.6418716907501221,-2.62629771232605,-2.329814910888672,0.7229968309402466,2.6331310272216797,-2.3670246601104736,-1.922974944114685,-1.0063772201538086,-2.567178964614868,-0.27088719606399536,-1.18980872631073,-1.5300103425979614,1.3218450546264648
aaf62ba55,0.5365772247314453,-4.035609722137451,-2.1540327072143555,3.397355079650879,-3.028306245803833,-2.2735161781311035,-4.779073238372803,-2.662308692932129,-1.0221126079559326,-3.7857978343963623,-1.2502340078353882,-5.29180383682251,2.6383869647979736,-3.8107359409332275,-2.134640693664551,-2.497499465942383,-5.972306728363037,-6.275313854217529,5.862671852111816,-2.812264919281006,-4.947549343109131,-3.667243480682373,-2.0607335567474365,0.6040776968002319
ab1f1dcc5,4.505891799926758,4.656651496887207,-0.8556007742881775,3.007328510284424,-0.6411068439483643,-1.7201621532440186,-0.6117479205131531,0.5915876626968384,-3.4857115745544434,3.0162177085876465,1.0651192665100098,-0.3115042746067047,0.9841068983078003,-2.0801610946655273,0.7904142737388611,1.101222038269043,-2.8453369140625,-1.5914947986602783,2.81034517288208,-2.0000953674316406,-1.4683095216751099,-1.9061965942382812,-1.3632657527923584,2.84442138671875
ab36fa26f,6.459666728973389,-3.684166669845581,-5.033387184143066,4.5967607498168945,-0.4198775291442871,-3.5866007804870605,-6.808065414428711,-2.915257453918457,5.35806941986084,-3.5046944618225098,-1.5780037641525269,-6.0575995445251465,4.911263942718506,-1.8874413967132568,-3.116718292236328,-4.295656204223633,-5.930445671081543,-7.968934059143066,7.9576826095581055,-5.386409759521484,-7.298458099365234,-0.32583487033843994,-2.4491658210754395,-0.08954265713691711
ab38f70f1,0.02469022199511528,2.944028615951538,-0.3152587413787842,3.4327166080474854,-1.0764238834381104,0.6125888824462891,-1.9240484237670898,2.1969845294952393,-3.449612855911255,2.5459039211273193,-1.1787981986999512,-1.0318706035614014,-0.5712507367134094,-1.578352451324463,2.0528197288513184,1.2707959413528442,-1.2973639965057373,0.01809309422969818,-0.03364504128694534,-1.615009069442749,-1.3945326805114746,-0.3240349590778351,-1.4834307432174683,2.4410364627838135
ab9aab476,-2.8213775157928467,1.325815200805664,-0.8529748320579529,4.485042572021484,-1.7819362878799438,-0.572101354598999,-2.191437005996704,4.084733486175537,-3.9314451217651367,0.9324988126754761,-1.7483850717544556,0.01327296532690525,-1.311650276184082,-2.8827672004699707,4.609385967254639,2.7453536987304688,-3.468168020248413,-0.6412394046783447,-0.036100298166275024,-0.8742368221282959,-1.160761833190918,-0.907762348651886,-1.7643156051635742,0.4306524991989136
aba967d65,-2.3525595664978027,2.5212106704711914,6.038382053375244,4.0007243156433105,-2.38136625289917,0.8788497447967529,-2.2138564586639404,1.3696315288543701,-4.117238521575928,0.4303797781467438,-2.0455703735351562,-1.496020793914795,-1.3200148344039917,-1.6871684789657593,-1.2755237817764282,1.7856693267822266,-1.9771703481674194,-1.1213407516479492,-1.612520694732666,0.42522385716438293,-0.23538216948509216,-2.0242176055908203,-0.9482282996177673,-2.401059627532959
ac31b69d3,1.0815949440002441,1.239539623260498,2.508850336074829,2.6574532985687256,-1.2069470882415771,-0.2967725098133087,-1.8903346061706543,-0.3265818953514099,-1.1235113143920898,-0.15625788271427155,-0.6218251585960388,-1.6510906219482422,1.3663614988327026,-1.18729829788208,0.09979194402694702,-0.218387633562088,-1.310059905052185,-1.5008189678192139,2.472928524017334,0.22450539469718933,-0.5949923396110535,-1.1356719732284546,-0.9685600996017456,-1.0424011945724487
ac88747c6,-5.770569801330566,-2.3057963848114014,-1.9903137683868408,0.5136103630065918,-5.319274425506592,-2.312886953353882,-0.2603532075881958,5.460378170013428,-5.235853672027588,-0.7185537815093994,0.820199728012085,4.9352569580078125,-4.2596330642700195,-4.943774223327637,-2.6808183193206787,1.153027057647705,-1.0602989196777344,-0.6266376972198486,-3.9731132984161377,0.36304187774658203,0.6754250526428223,-5.400426864624023,-1.1853922605514526,-2.4059462547302246
acb375d99,-2.5873782634735107,-3.7964365482330322,-4.900528907775879,5.503581523895264,-2.387289524078369,-2.501624822616577,-7.952047348022461,-4.338676929473877,-0.3817513585090637,-5.098499298095703,-3.426165819168091,-7.8428497314453125,5.510186672210693,-2.30635142326355,-3.777984380722046,-2.586271047592163,-7.285305023193359,-8.909856796264648,5.728084564208984,-6.181087970733643,-6.745090484619141,-2.1489064693450928,-2.1501173973083496,0.06821005046367645
acdde2d25,-3.075181484222412,0.22901377081871033,3.7730045318603516,3.015476703643799,-2.1780035495758057,0.47851502895355225,-1.3341325521469116,0.9002474546432495,-3.7538280487060547,-0.30971935391426086,-0.6198617815971375,-0.40012621879577637,-0.3215617835521698,-2.1056623458862305,-1.3669227361679077,-0.32259389758110046,-1.611581563949585,-1.4124811887741089,-0.07717067748308182,0.3715050518512726,0.8519262075424194,-2.296881675720215,-1.6162734031677246,-0.5005158185958862
acdeb08ff,-2.094691514968872,-0.11167369782924652,-0.9931008219718933,0.18469101190567017,-2.3467328548431396,-1.6174662113189697,0.8805527687072754,1.631934642791748,-3.671510696411133,0.3570314645767212,0.17472964525222778,3.335742235183716,-2.464540719985962,-3.5290231704711914,1.206286072731018,1.8323044776916504,-2.9149765968322754,-0.34646904468536377,-1.0008997917175293,-0.8612870573997498,-0.34157252311706543,-3.163252115249634,-0.12083660066127777,-0.3517269492149353
ace73dc1b,-6.887482643127441,-0.8045150637626648,-4.47520112991333,1.327640175819397,-6.3870463371276855,-4.819744110107422,-0.5129878520965576,4.2272257804870605,-6.455349445343018,-1.6151295900344849,-2.074982166290283,1.6010390520095825,-5.676352024078369,-4.022494792938232,-5.223272800445557,0.34395653009414673,4.815537452697754,-1.4511075019836426,-6.384607791900635,0.6058724522590637,1.0679537057876587,-6.0992112159729,-2.5477147102355957,-3.348466396331787
ace85cf83,-7.050792217254639,-0.818932056427002,-4.330755233764648,3.2940285205841064,-6.547312259674072,-4.275701522827148,-0.8303962349891663,4.467845916748047,-6.276948928833008,-1.1430379152297974,-2.346897840499878,1.4825949668884277,-5.858915328979492,-3.9366984367370605,-5.229214668273926,0.9090681672096252,4.289842128753662,-1.1057376861572266,-6.449915885925293,0.6926766633987427,1.282883644104004,-5.815432071685791,-2.6464462280273438,-3.5061120986938477
acef68037,-6.891964435577393,4.025860786437988,-5.80483341217041,6.08857536315918,-5.491812705993652,-5.269760608673096,-4.693037986755371,-2.9452435970306396,-8.216803550720215,-3.8205461502075195,-3.467014789581299,-4.8161234855651855,-6.683552265167236,-0.5503418445587158,-6.088794231414795,-0.7368786931037903,6.939816951751709,-4.578218460083008,-7.501433849334717,-5.9848527908325195,-3.8724541664123535,-4.6958699226379395,-3.1111578941345215,-3.732752799987793
ad68b757f,-1.7852222919464111,1.5805836915969849,-1.9257583618164062,4.1668291091918945,-2.0044283866882324,-0.6350111961364746,-3.0135085582733154,0.9366862773895264,-4.578902244567871,0.09841503202915192,-0.8518503904342651,-1.2537895441055298,-2.511352062225342,-2.6796154975891113,5.116693496704102,1.6621317863464355,-3.327997922897339,-2.4061503410339355,0.007881827652454376,-2.0509419441223145,-1.5734003782272339,-1.3910037279129028,-0.6106762886047363,-1.0802944898605347
ad755f4eb,0.18841736018657684,-5.0125837326049805,-1.7821518182754517,1.8528720140457153,-4.1389479637146,-3.388326644897461,-5.039723873138428,-2.5603065490722656,-1.4714241027832031,-4.768338203430176,-0.5152846574783325,-5.186527729034424,1.3080229759216309,-4.88585090637207,-3.623159170150757,-3.0166821479797363,-5.066336154937744,-7.238918304443359,5.115414142608643,-2.8773977756500244,-4.170096397399902,-4.740959167480469,-2.8660809993743896,0.6459792852401733
adbcf0878,-2.3651397228240967,-4.73630428314209,-5.257853984832764,5.507694244384766,-1.2803465127944946,-1.4019384384155273,-7.989243507385254,-5.072898864746094,2.2380197048187256,-6.144829750061035,-3.6314868927001953,-7.571417808532715,6.159521579742432,-0.3225219249725342,-4.839104652404785,-2.564220428466797,-7.091411590576172,-9.340344429016113,5.974567890167236,-5.2439727783203125,-7.0422749519348145,-1.7061316967010498,-0.24628329277038574,-0.4803341329097748
ae2892c02,-4.9878692626953125,-5.846864223480225,-6.394954681396484,5.814001083374023,-1.68204665184021,0.6017574071884155,-6.081753730773926,-5.509400367736816,-1.5806033611297607,-5.774909496307373,-2.164637327194214,-7.5786237716674805,4.816217422485352,-3.230104446411133,-5.6289753913879395,-3.975588321685791,-7.78328800201416,-7.532426357269287,4.283435344696045,-4.69402551651001,-5.443985939025879,-4.330927848815918,-0.6915932893753052,4.577184200286865
ae3edc12c,5.766246795654297,-3.829097270965576,-4.316666126251221,4.215288162231445,-4.570405960083008,-4.038630485534668,-5.877462863922119,-2.35648250579834,1.7365944385528564,-5.145887851715088,0.11438623070716858,-6.218631744384766,3.372713327407837,-4.468042373657227,-4.804032802581787,-2.7057034969329834,-8.111175537109375,-8.947890281677246,7.1826629638671875,-5.678854465484619,-7.396976947784424,-4.803873538970947,-2.195925712585449,0.9121475219726562
ae697ac31,-1.7008249759674072,-1.6012393236160278,-0.32607918977737427,3.619936227798462,-2.491792678833008,-0.6161795854568481,-1.2421046495437622,-0.4231083393096924,-2.940743923187256,-0.22894999384880066,-0.32008489966392517,-0.7043319940567017,-0.40924593806266785,-3.4095940589904785,-0.7028565406799316,-0.9187995791435242,-1.4203802347183228,-1.870661735534668,2.78054141998291,-0.4557657241821289,0.5081725120544434,-3.1819140911102295,-1.9372731447219849,0.35824018716812134
ae7837315,-1.9593554735183716,-2.444152593612671,-0.8740837574005127,2.9404282569885254,-2.8029162883758545,0.7192980647087097,-1.6176255941390991,-0.3063441812992096,-2.3708133697509766,-2.159372091293335,0.9959285259246826,-0.7468403577804565,0.022657649591565132,-2.7732276916503906,-0.5740971565246582,1.0385135412216187,-2.9627978801727295,-3.296961784362793,2.0598013401031494,-0.9094746112823486,0.2601334750652313,-3.6784000396728516,-0.37771719694137573,0.6862132549285889
ae974f741,-2.8483633995056152,-0.8401298522949219,-1.0780876874923706,4.2509942054748535,-0.13375970721244812,2.6504955291748047,1.90053129196167,0.46055203676223755,-2.7210750579833984,0.9151425361633301,5.344244480133057,1.9965195655822754,-0.6110996007919312,-3.665771961212158,-0.02363230288028717,-1.0563567876815796,-1.7565058469772339,0.47615861892700195,0.11114281415939331,-0.9000720977783203,1.9346933364868164,-2.7398626804351807,-0.0658385157585144,4.255894184112549
aedba33f1,-3.7213189601898193,-1.9802969694137573,-0.6988008618354797,4.842958927154541,-1.0788220167160034,0.12085634469985962,-0.4728545546531677,-0.13640275597572327,-4.066286087036133,-0.7937410473823547,0.021318623796105385,0.25506240129470825,-0.4880771040916443,-4.009933948516846,-1.6836684942245483,-2.2833187580108643,-2.4190914630889893,-1.7472354173660278,0.1284199357032776,-0.5324634313583374,0.058891527354717255,-2.3463499546051025,-1.3804931640625,4.056547164916992
aedd34af0,-2.373624563217163,-3.1047749519348145,-5.301650524139404,5.212037563323975,-0.7089323997497559,-2.2278494834899902,-7.369126796722412,-4.120817184448242,-0.7338648438453674,-4.518441677093506,-3.8275904655456543,-7.3650221824646,5.593265533447266,-1.9275987148284912,-2.248748779296875,-2.745493173599243,-7.545916557312012,-8.78260612487793,5.860551834106445,-6.429476737976074,-6.942147254943848,-0.7286393642425537,-2.0944693088531494,0.3168010711669922
aefa33092,-1.54636812210083,-1.8258001804351807,-1.0311229228973389,2.859370708465576,-2.2024059295654297,0.3445286750793457,-2.8855929374694824,-0.3521866202354431,-2.4938085079193115,-1.707457423210144,-1.0870329141616821,-1.9100812673568726,0.3944568932056427,-2.2442471981048584,-0.5039629936218262,-1.1600388288497925,-1.888217806816101,-3.0777974128723145,2.3656601905822754,-0.34326228499412537,-0.43655624985694885,-2.7961480617523193,-1.754537582397461,-0.9118102788925171
af0c58dbf,-4.236291885375977,0.009833894670009613,-5.879866600036621,4.399441242218018,0.13312402367591858,-2.2833189964294434,-5.3669023513793945,-1.2999027967453003,-3.9939112663269043,-3.178090810775757,-3.3521108627319336,-2.5719006061553955,-2.328427791595459,-1.9743177890777588,6.910506725311279,2.7982194423675537,-5.231259822845459,-6.380021095275879,2.9917492866516113,-4.708824634552002,-5.5139689445495605,0.46618208289146423,-1.0811893939971924,-0.12475110590457916
af521b2c2,-1.2955681085586548,-0.1510925590991974,-1.0357667207717896,1.902445673942566,-1.7101833820343018,-0.5529364347457886,1.5982744693756104,2.0448222160339355,-2.914520263671875,0.9465355277061462,0.9138211011886597,3.3316967487335205,-1.1311476230621338,-3.3696815967559814,-0.28293392062187195,1.61965811252594,-1.9806766510009766,1.0115954875946045,-0.8481733202934265,-0.7751315236091614,0.5746894478797913,-2.7796621322631836,-0.652390718460083,2.264284133911133
af7dfd18f,-4.500053882598877,0.3318747282028198,-0.9746262431144714,-0.3423594832420349,-4.143553733825684,-3.4655861854553223,-1.61152184009552,-2.01904296875,-5.140965938568115,-0.6360034346580505,-1.9287371635437012,-0.9711228013038635,-3.791227102279663,-2.8732690811157227,-4.0760674476623535,-2.977841377258301,3.6034481525421143,-1.4231936931610107,-2.726107597351074,-1.3571314811706543,0.41380172967910767,-4.324121475219727,-3.7970008850097656,-2.395612955093384
af87e56d5,-4.1230363845825195,1.0554320812225342,-3.875609874725342,5.054898738861084,-0.4658789038658142,-1.4913970232009888,-4.406533718109131,-1.2983790636062622,-3.6139490604400635,-2.079314947128296,-2.408457040786743,-3.051896095275879,0.24841615557670593,1.0524054765701294,-0.09387935698032379,0.4190483093261719,-1.462388515472412,-4.567148208618164,1.1870858669281006,-4.232783794403076,-3.2106478214263916,0.5857447385787964,-1.5963941812515259,-0.6106703877449036
af9583f67,-3.9862723350524902,-0.43875959515571594,-2.4127073287963867,0.7490828633308411,-3.3784923553466797,-3.4198594093322754,1.757628321647644,0.2908744215965271,-3.618882656097412,0.7318470478057861,-0.22521108388900757,2.8869919776916504,-3.445281744003296,-2.866380453109741,-1.920724630355835,0.5159599781036377,2.950684070587158,1.2429113388061523,-3.2889676094055176,-0.8227530717849731,0.7738590240478516,-3.8284919261932373,-1.874260663986206,-0.8742560148239136
afb46cb65,-3.6471304893493652,-5.404116630554199,-5.478224754333496,5.479666709899902,-1.9085806608200073,-0.260631263256073,-7.308354377746582,-5.590039253234863,0.2156391739845276,-6.269023895263672,-3.0622944831848145,-7.690907001495361,5.850978374481201,-1.5445431470870972,-5.546539783477783,-3.4481561183929443,-7.995743751525879,-8.655988693237305,5.310393810272217,-5.055648326873779,-6.624110221862793,-3.4623122215270996,-0.5136692523956299,2.722146987915039
afc9a2f7c,6.282308101654053,-3.817596673965454,-2.892648696899414,2.6195712089538574,-4.378615856170654,-2.9032301902770996,-3.4946043491363525,-1.4783775806427002,1.2853329181671143,-4.454691410064697,6.118664264678955,-3.922090530395508,0.36766400933265686,-4.20953893661499,-4.1481428146362305,-2.552144765853882,-5.662569999694824,-7.867948055267334,6.761771202087402,-3.6705169677734375,-4.019078254699707,-5.4442362785339355,-1.8888858556747437,1.110222578048706
afe753506,2.058363676071167,2.913985252380371,-0.5311794877052307,3.90944766998291,-0.6709775924682617,-0.18908485770225525,-1.1902292966842651,0.8518321514129639,-1.996950387954712,1.0022361278533936,1.7983356714248657,-1.0412077903747559,-0.1572115570306778,-1.4028388261795044,1.6968642473220825,1.1389575004577637,-2.8974380493164062,-2.141096353530884,1.649841547012329,-1.2831918001174927,-1.0917853116989136,-1.4667725563049316,-0.5951709151268005,2.0164635181427
aff1afa50,-2.5525999069213867,-1.9672349691390991,-1.2506786584854126,-0.9799500703811646,-4.262327194213867,-1.9162806272506714,-0.4684174358844757,2.7997384071350098,-3.6496119499206543,1.4281699657440186,-0.15713512897491455,1.0742007493972778,-2.317805290222168,-3.4558258056640625,-2.9643890857696533,0.3663322925567627,-0.6179075241088867,1.9235038757324219,-2.312122344970703,0.21361997723579407,2.159546375274658,-4.478292942047119,-2.1783828735351562,-0.8865044116973877
b013e35f8,-2.0175416469573975,1.703904390335083,3.024916648864746,4.657929420471191,-2.4549942016601562,-0.3819028437137604,-0.28754663467407227,0.60039883852005,-3.9695465564727783,3.0791356563568115,-0.15222904086112976,0.5831453800201416,-1.4627609252929688,-2.478358507156372,-0.9907793402671814,0.11974510550498962,-0.7958998680114746,2.707430839538574,-1.2487554550170898,-0.8411219716072083,1.1360421180725098,-2.019068717956543,-1.6585981845855713,-0.5802565813064575
b04d8ec95,-5.216766357421875,4.446606159210205,-4.6473259925842285,5.506176948547363,-4.872238636016846,-5.712364673614502,-4.719832420349121,-2.7921056747436523,-6.626348495483398,-3.436140298843384,-3.3234260082244873,-4.361069202423096,-5.72618293762207,0.5355793833732605,-4.5564703941345215,-0.8343510627746582,7.904635429382324,-4.016144275665283,-6.467366695404053,-5.3200860023498535,-3.8586039543151855,-3.524735927581787,-2.830110549926758,-3.928387403488159
b06dd02e8,1.2216641902923584,-5.047002792358398,-4.160701274871826,3.970442295074463,-2.4207587242126465,-2.3773820400238037,-6.238920211791992,-3.4857139587402344,0.05670810490846634,-5.155301094055176,-1.5795313119888306,-6.631745338439941,4.09699821472168,-3.710465908050537,-3.9160895347595215,-3.1934990882873535,-6.334749221801758,-7.954961776733398,6.566004753112793,-4.448407173156738,-5.846118927001953,-3.3579142093658447,-1.7204266786575317,1.3026221990585327
b07506d7c,0.43870148062705994,-3.2586679458618164,-3.799739360809326,4.496513843536377,-1.8414103984832764,0.5942269563674927,-5.062097072601318,0.14049100875854492,-0.041242025792598724,-3.8707191944122314,-2.137465715408325,-4.595870018005371,5.046843528747559,-2.3990015983581543,-3.7744178771972656,-0.40958189964294434,-6.0073676109313965,-6.74725866317749,5.797149181365967,-3.9089717864990234,-5.161188125610352,-2.6403005123138428,-1.4510488510131836,0.8280198574066162
b083bb8cc,-7.099593639373779,-2.5431694984436035,-6.710420608520508,1.9071404933929443,-7.303215503692627,-6.3787312507629395,0.2230430245399475,4.92822790145874,-6.138111591339111,-2.790471076965332,-1.5905450582504272,4.875080585479736,-6.169069290161133,-5.648013591766357,-5.250620365142822,1.5816844701766968,2.985830068588257,-1.2371793985366821,-7.034083843231201,-0.7446216344833374,-0.3774403929710388,-7.06857967376709,-2.0926475524902344,-3.3892993927001953
b0876bc24,-3.475630044937134,2.664457321166992,-3.390892505645752,4.7905168533325195,-2.4120535850524902,-3.4146852493286133,-2.940887689590454,-1.9396060705184937,-4.627950191497803,-1.480310082435608,-2.0881834030151367,-2.529716968536377,-3.149282217025757,-0.5108831524848938,-2.777268171310425,-0.21238106489181519,3.6294164657592773,-2.5489063262939453,-3.3621580600738525,-3.6533291339874268,-2.3248093128204346,-1.806958794593811,-1.7831928730010986,-1.776066780090332
b0abbf07e,-2.1431655883789062,-0.39199066162109375,-3.0873758792877197,2.2544212341308594,-1.3651604652404785,-0.6521508693695068,-1.782456398010254,0.2770443260669708,-4.1533074378967285,-0.7650884389877319,5.50690221786499,-0.5156124830245972,-2.8009798526763916,-3.923482894897461,5.806471347808838,2.186185359954834,-4.4729390144348145,-2.738121271133423,1.370568037033081,-2.244643211364746,-0.1578516960144043,-1.8465576171875,0.9099955558776855,1.9073147773742676
b10f40f4d,-3.3664908409118652,-0.3889811336994171,-2.09163761138916,2.7066423892974854,-2.9824814796447754,-1.321218490600586,0.27988457679748535,2.4931726455688477,-4.127448081970215,0.9672030806541443,1.3789119720458984,3.1305298805236816,-3.0366921424865723,-3.641378164291382,2.3847012519836426,2.214935779571533,-2.1343002319335938,1.1517422199249268,-1.348543643951416,-1.4693500995635986,0.19049981236457825,-3.3002429008483887,-0.18868312239646912,-1.0017114877700806
b11240943,-1.3071906566619873,1.9124994277954102,-2.907599449157715,4.51060152053833,-0.7830480337142944,-1.1605775356292725,-2.513914108276367,-0.3059471845626831,-2.586512565612793,-0.442430317401886,-1.1653817892074585,-1.9516609907150269,2.1093692779541016,-0.03868117183446884,0.2368231564760208,2.613642692565918,-2.1073009967803955,-3.9239048957824707,1.8140672445297241,-3.4536123275756836,-3.1792168617248535,-0.45246997475624084,-1.1523082256317139,3.420581102371216
b139bf559,-1.144980788230896,2.028914213180542,-2.9732723236083984,4.274056434631348,0.24451443552970886,-1.2240136861801147,-3.1737661361694336,-0.49508675932884216,-2.515190601348877,2.1472179889678955,-2.152723789215088,-1.7485333681106567,2.130263566970825,-0.16446414589881897,-0.3779742121696472,0.1431005895137787,-1.153840184211731,-1.852934718132019,2.4111404418945312,-3.734992742538452,-2.5212082862854004,0.8162859082221985,-1.9280871152877808,-0.7224713563919067
b18a6c30b,-2.5277633666992188,0.6403440237045288,2.0890274047851562,2.871527671813965,-2.002819538116455,0.010125510394573212,-0.2836606502532959,1.188831090927124,-3.63217830657959,3.3140323162078857,-0.8656219840049744,1.364259123802185,-1.187043309211731,-2.380342483520508,-0.8649996519088745,1.0330463647842407,-0.36040425300598145,3.436408281326294,-0.8921200037002563,-0.5059325695037842,1.015070915222168,-1.1145416498184204,-2.414567708969116,-1.8111598491668701
b1d031907,-5.068675994873047,-2.6438634395599365,-2.6893882751464844,2.920083522796631,-5.042293071746826,-2.6558032035827637,0.40809550881385803,5.761631965637207,-4.957846164703369,-1.1078357696533203,0.13342568278312683,4.800697326660156,-3.5173256397247314,-5.034011363983154,-1.786228895187378,0.6754680275917053,-0.7583807110786438,-1.1052159070968628,-2.8219611644744873,1.021624207496643,0.7786843776702881,-4.30338716506958,-1.3972314596176147,-1.3740923404693604
b1d940254,-0.7182115316390991,-0.8274954557418823,-3.844695568084717,5.156404495239258,0.0789535790681839,-1.4000959396362305,-6.889438152313232,-4.368177890777588,0.1556481420993805,-3.130028247833252,-3.7525949478149414,-6.321242809295654,6.341014385223389,0.9175524711608887,-3.356064796447754,-1.032544493675232,-5.668580055236816,-7.835505485534668,5.940149307250977,-5.270768165588379,-6.873968601226807,-0.7883018851280212,-0.9427958726882935,-0.29419535398483276
b1e933e68,-2.803110361099243,-2.930523633956909,-5.343428134918213,5.134887218475342,-0.16211238503456116,-0.7027373313903809,-5.7047834396362305,-3.884232521057129,-1.5023337602615356,-3.5188822746276855,-2.6471710205078125,-6.2645111083984375,4.285767555236816,-3.356254816055298,-2.6164379119873047,-4.206825256347656,-6.408477306365967,-6.663184642791748,4.302309036254883,-4.646572113037109,-5.652003288269043,-1.1946947574615479,-1.2281144857406616,3.4323596954345703
b1ead0f53,6.487438201904297,-4.9010515213012695,-4.454555034637451,3.0971269607543945,-4.755820274353027,-4.280590057373047,-5.788802146911621,-2.2848925590515137,1.2123206853866577,-5.631335735321045,0.6615653038024902,-6.392749786376953,1.195124864578247,-4.9016642570495605,-5.21220064163208,-3.6038575172424316,-7.641564846038818,-9.579072952270508,6.836091041564941,-4.848455429077148,-7.266244888305664,-5.6126017570495605,-2.572486400604248,1.5154505968093872
b2183868d,-7.41199254989624,-0.79742032289505,-4.911720275878906,3.4317541122436523,-6.897524833679199,-4.485359191894531,-1.0267817974090576,4.992035388946533,-6.46530294418335,-1.4644705057144165,-2.584095001220703,1.4378172159194946,-5.482533931732178,-3.7250757217407227,-5.124481201171875,1.1654173135757446,4.373937129974365,-1.6792371273040771,-6.559741020202637,0.5557631254196167,1.062234878540039,-5.569324493408203,-2.6424920558929443,-3.627610921859741
b22e6018a,-2.3970861434936523,-0.6280866861343384,-1.3996825218200684,4.4744873046875,-0.3771320581436157,1.5471608638763428,-0.8401421904563904,-0.16342738270759583,-2.8384926319122314,-0.009011983871459961,0.5387029051780701,-0.9133648872375488,0.6502816081047058,-2.6398422718048096,-0.6843550205230713,-0.7320151925086975,-2.870814085006714,-0.8559572696685791,0.7731812596321106,-1.6055514812469482,0.0642397552728653,-1.6307296752929688,-1.1152288913726807,4.505884647369385
b2481c53c,-5.733759880065918,3.3154516220092773,-3.2191073894500732,5.877040863037109,-3.3463587760925293,-2.923497200012207,-4.123551368713379,-2.1901698112487793,-5.877161026000977,-1.4099502563476562,-2.9195852279663086,-3.9635510444641113,-5.120048522949219,-0.8181034326553345,-2.9835691452026367,-0.7564934492111206,4.4009809494018555,-1.9382696151733398,-5.272815704345703,-4.337801456451416,-2.41607666015625,-1.4405752420425415,-2.373053550720215,-3.086062431335449
b272feced,7.3769941329956055,-3.694535732269287,-2.1181013584136963,1.1396404504776,-4.581996440887451,-4.407678127288818,-3.689021110534668,-1.2242242097854614,0.2703896164894104,-3.9404423236846924,1.2267957925796509,-4.698128700256348,-0.7090326547622681,-4.784257411956787,-4.620110988616943,-2.5736305713653564,-5.580688953399658,-7.428138732910156,6.017822265625,-2.9305171966552734,-5.28715705871582,-5.30197286605835,-2.784076452255249,0.7948010563850403
b2d428063,-4.110857009887695,-0.7984325885772705,-4.15026330947876,4.314021110534668,-3.418107032775879,-2.7294082641601562,0.04600037634372711,5.0748291015625,-5.3814287185668945,-1.2450640201568604,0.3181111812591553,5.294046401977539,-2.7512731552124023,-5.504656791687012,0.12839126586914062,1.8957960605621338,-1.6602798700332642,-2.3636510372161865,-2.256305456161499,-1.0437536239624023,-0.09967932105064392,-5.219309329986572,-0.40333402156829834,4.204535484313965
b3713c061,-6.412151336669922,-3.5977699756622314,-2.6797494888305664,5.155431747436523,-1.5271402597427368,0.36216026544570923,-1.612047553062439,-2.5871970653533936,-3.7070863246917725,-1.736220121383667,0.48181307315826416,-3.7058794498443604,1.154823899269104,-3.982203245162964,-3.0494790077209473,-2.0654070377349854,-3.679330348968506,-2.1108756065368652,-0.09005368500947952,-2.593111753463745,-0.5277310609817505,-4.029739856719971,-2.1802213191986084,4.587718486785889
b39690fb8,-3.030489444732666,-0.24771492183208466,0.10363267362117767,-1.0402580499649048,-3.0900511741638184,0.2599070370197296,1.0568435192108154,0.26921889185905457,-4.495661735534668,1.6775619983673096,-0.6831979751586914,0.8006303310394287,-2.66161847114563,-3.5015954971313477,-1.1142066717147827,0.15626560151576996,0.6380623579025269,0.7964820265769958,-2.15402889251709,-0.5427709221839905,1.3569554090499878,-4.009436130523682,-2.561636209487915,-0.9444712996482849
b3a1ec6d3,-3.779844284057617,-3.611558675765991,-4.722703456878662,6.004668712615967,0.6416419148445129,3.6312193870544434,-6.120051383972168,-3.067751884460449,-0.2275475710630417,-4.371370792388916,-2.564612627029419,-5.740090847015381,5.203702449798584,-1.6527318954467773,-2.5889201164245605,-2.414681911468506,-6.661281585693359,-6.735051155090332,4.966757774353027,-4.711520671844482,-4.576355934143066,-1.3482615947723389,1.632554292678833,5.245960235595703
b3e5aaae2,-1.8834788799285889,3.4234492778778076,3.870655059814453,4.904965877532959,-1.9649569988250732,-0.44845089316368103,-2.9652411937713623,0.09955736994743347,-4.147877216339111,0.6562632322311401,-1.2817116975784302,-2.4835000038146973,-1.022168755531311,-1.4967527389526367,-1.0565739870071411,-0.10160494595766068,-0.5257073640823364,-1.7714037895202637,-0.7133172750473022,-0.8260204792022705,-0.15859198570251465,-0.6939361095428467,-1.5309370756149292,-2.3868939876556396
b3ef0a463,-0.49530699849128723,0.19434206187725067,5.28771448135376,1.3223234415054321,-3.0255157947540283,-0.8124483823776245,-1.2384282350540161,-0.362223744392395,-2.735820770263672,-1.0429103374481201,-0.4447116255760193,-0.8902045488357544,-0.12888126075267792,-2.212769031524658,-2.087684154510498,0.1605772227048874,-1.2590047121047974,-2.543769359588623,-0.274371862411499,1.5062580108642578,0.14825868606567383,-3.078310489654541,-0.9183838367462158,-1.016625165939331
b45339702,-5.82241153717041,-2.5619804859161377,-2.7435481548309326,-0.6518223285675049,-5.665714740753174,-3.6755805015563965,0.55122309923172,5.209873199462891,-5.077481269836426,-2.0761592388153076,-0.5202197432518005,5.582379341125488,-4.191883563995361,-4.755011081695557,-4.158576965332031,0.48879021406173706,-0.8523791432380676,-1.8001755475997925,-4.600886344909668,0.5359206795692444,0.27439671754837036,-6.205414772033691,-0.5270937085151672,-1.7263550758361816
b473472e0,-2.700782537460327,-0.8514807820320129,4.35732889175415,2.3296091556549072,-2.722548723220825,0.11821456998586655,-2.007525682449341,-0.08346899598836899,-2.9213685989379883,-0.916305422782898,-1.0829509496688843,-0.6540496945381165,-0.3202413320541382,-3.0412697792053223,-2.4314517974853516,-1.9854717254638672,-0.5308915376663208,-1.823781132698059,-0.27737417817115784,0.9800413846969604,0.6033381223678589,-2.713102102279663,0.20534272491931915,-0.7012560367584229
b4989838e,-2.3601717948913574,-4.458130359649658,-5.216516971588135,5.8066511154174805,-1.7458922863006592,-1.4821622371673584,-7.982875823974609,-5.185676097869873,1.9887272119522095,-6.0791802406311035,-3.788278341293335,-7.5684661865234375,6.324120044708252,-0.6746657490730286,-4.682663440704346,-3.331357955932617,-7.1524977684021,-9.12557315826416,6.176834583282471,-5.336123943328857,-7.044789791107178,-1.7274103164672852,-0.49239975214004517,-0.48958250880241394
b49f13342,-4.347614288330078,-0.06635502725839615,-1.6879526376724243,3.419208526611328,-2.8598058223724365,-0.9485142827033997,0.14848849177360535,0.9881453514099121,-4.676018714904785,2.646368980407715,-0.8031712174415588,1.6003878116607666,-2.359867811203003,-2.542808771133423,-0.5201282501220703,1.0751210451126099,0.2494494915008545,2.2859795093536377,-2.173187017440796,-1.3878462314605713,2.744908571243286,-2.4765753746032715,-2.007310390472412,-0.6656864881515503
b4c47272e,-4.239456653594971,-1.4496959447860718,-1.7072681188583374,-0.7234748601913452,-4.300013542175293,-2.131347894668579,0.35074812173843384,4.797234058380127,-4.15185022354126,-0.896149754524231,-0.35076066851615906,4.239785671234131,-2.8371243476867676,-3.8995237350463867,-2.650378942489624,0.6388407349586487,-1.2921934127807617,-1.139192819595337,-3.0488855838775635,0.7664819955825806,1.3423757553100586,-4.491013526916504,-1.186051845550537,-1.466793179512024
b4d1a9dac,-3.9911680221557617,0.7905340194702148,6.390660285949707,2.7114012241363525,-1.8123700618743896,3.037858247756958,-2.564082384109497,2.84377384185791,-3.9339675903320312,0.06788782775402069,-2.088564872741699,-1.0636510848999023,0.9467495679855347,-2.255005121231079,-1.159769058227539,0.29901251196861267,-2.9058258533477783,-1.4087764024734497,0.00232657790184021,1.2354869842529297,0.6284369230270386,-2.1375694274902344,-1.380247712135315,-1.6133875846862793
b5232944f,-1.9488469362258911,-1.7616689205169678,-3.25333833694458,5.510945796966553,0.5239447355270386,-0.8802871108055115,-7.332608222961426,-4.41176176071167,0.43689417839050293,-3.7761526107788086,-4.456047058105469,-6.33287239074707,6.527559280395508,1.641322135925293,-2.8463125228881836,-1.8069285154342651,-6.12692928314209,-7.886975288391113,6.100419998168945,-4.577797889709473,-6.544586181640625,-0.12393011152744293,-0.7926921844482422,-0.8263599872589111
b528e5ca8,-2.0314884185791016,-0.05839257314801216,4.603260040283203,2.652592420578003,-1.6036313772201538,0.9684774875640869,-1.8566107749938965,-0.7933582067489624,-2.555009603500366,-0.8982419371604919,-0.6856205463409424,-1.5379341840744019,2.9979352951049805,-1.5821759700775146,-2.0045077800750732,-0.15020470321178436,-2.202383041381836,-2.1923465728759766,1.163622498512268,0.3999759256839752,0.8731783628463745,-2.757183074951172,-0.028905779123306274,0.36387157440185547
b53939d0a,-2.6939046382904053,2.9378821849823,5.157259941101074,4.464914321899414,-2.036144495010376,-0.7817937135696411,-1.8238261938095093,0.5096572637557983,-4.663410663604736,1.6208828687667847,-1.4461798667907715,-1.6909065246582031,-1.8547725677490234,-2.3737294673919678,0.47863954305648804,3.109373092651367,-2.326986074447632,-1.4220576286315918,-1.221023440361023,-0.55126953125,0.3862830400466919,-0.8682760000228882,-1.325968861579895,-2.3000354766845703
b57b1eb43,-1.290759801864624,-3.3782382011413574,-5.3301849365234375,5.4038310050964355,-1.2289083003997803,-1.4462717771530151,-7.850680351257324,-4.146878242492676,2.1284191608428955,-4.992604732513428,-3.518366575241089,-7.13942813873291,5.897367477416992,-0.9720295667648315,-3.6783618927001953,-3.174429178237915,-6.859306335449219,-8.506245613098145,5.869719505310059,-5.346587657928467,-6.9130706787109375,-1.042958378791809,-0.3723641633987427,-0.37104716897010803
b5892be47,-5.903061866760254,1.9496028423309326,-4.48105525970459,4.568073749542236,-3.338714122772217,-3.6862943172454834,-2.525179624557495,-1.9777177572250366,-5.624908447265625,-1.823265790939331,-2.309201717376709,-2.5310280323028564,-4.083319664001465,-1.1672186851501465,-3.5678865909576416,-0.8219147324562073,3.8677783012390137,-2.2139127254486084,-4.295135974884033,-4.369435787200928,-1.882799744606018,-2.5269980430603027,-2.53267502784729,-1.8003324270248413
b59fbc55f,-7.160417556762695,-2.0422568321228027,-7.079004764556885,4.985646724700928,-6.923043727874756,-4.355996608734131,-2.0049431324005127,5.923987865447998,-6.739663600921631,-3.027822494506836,-1.0619393587112427,3.339141368865967,-6.486368656158447,-5.897103786468506,-0.6373530626296997,2.2632980346679688,-0.6302893161773682,-3.763174533843994,-5.041099548339844,-2.007415533065796,-0.6549136638641357,-5.518301963806152,-1.5360140800476074,-2.9240291118621826
b5b65c264,5.723226547241211,-3.888566255569458,-5.614198684692383,4.649721622467041,-1.0525343418121338,-4.380047798156738,-7.434679985046387,-3.508518934249878,5.169145107269287,-4.828001499176025,-1.4327911138534546,-7.04824686050415,5.494467258453369,-2.5987446308135986,-3.5965991020202637,-4.509740352630615,-6.930186748504639,-9.57585334777832,8.211858749389648,-5.585062503814697,-8.20665454864502,-0.6004160642623901,-2.798180103302002,0.17430269718170166
b5cbfec82,-2.9126479625701904,-0.8442672491073608,-2.171863079071045,2.0147736072540283,-4.032886028289795,-1.9335969686508179,1.3706449270248413,4.290177345275879,-4.121759414672852,-0.02922268584370613,4.830440521240234,4.181774616241455,-3.7278027534484863,-3.587930679321289,-1.9340816736221313,1.132250189781189,-0.7692095041275024,-0.5732190608978271,-2.634774923324585,-0.14209476113319397,1.9601166248321533,-4.354167461395264,-0.5318379402160645,0.5281042456626892
b61adfa9e,-4.063992023468018,3.7469189167022705,-6.08158540725708,4.860609531402588,-0.9874823093414307,-3.947855234146118,-4.715280532836914,-0.45815509557724,-5.263147354125977,-1.7802186012268066,-4.200415134429932,-2.901265859603882,-4.477778911590576,-2.12309193611145,5.757595062255859,2.6173672676086426,-2.0882210731506348,-4.896894454956055,-1.0403403043746948,-5.31993293762207,-6.075689315795898,0.7642623782157898,-0.3652019500732422,-1.5033339262008667
b628668b0,-2.5020787715911865,-4.380327224731445,-4.998896598815918,5.826106071472168,-1.2742863893508911,-0.9528456926345825,-7.709240913391113,-4.745722770690918,2.022810459136963,-5.607409477233887,-3.803776502609253,-7.276175022125244,6.032116413116455,-0.7248963117599487,-4.433426380157471,-3.582345724105835,-6.802914619445801,-8.508804321289062,5.702950477600098,-5.308698654174805,-6.759441375732422,-1.283840537071228,0.5648107528686523,-0.08266571164131165
b6322fcb6,0.09451855719089508,-0.04126472771167755,0.5185030102729797,0.8031825423240662,-0.4258526861667633,0.6059444546699524,-0.7231078743934631,0.1806846708059311,-0.6793092489242554,0.22142359614372253,0.739017903804779,-0.04058604687452316,-0.2506701946258545,-1.7307156324386597,1.840943694114685,0.36371850967407227,-1.8864262104034424,-0.7146770358085632,0.6111384630203247,-0.3301549553871155,1.130353569984436,-1.2855900526046753,-0.44445300102233887,0.10491444170475006
b63543b44,-2.979037284851074,0.3173779249191284,-3.2680978775024414,3.892429828643799,-3.618039131164551,-3.133885145187378,-0.22695520520210266,2.9723780155181885,-3.5646872520446777,-0.4852370023727417,-0.17503367364406586,1.2946223020553589,-3.4588801860809326,-2.2026898860931396,-1.9824068546295166,0.49886882305145264,2.9154372215270996,-0.04063442349433899,-3.448857307434082,-1.2380181550979614,0.5929501056671143,-3.3007240295410156,-1.3654639720916748,-0.8417466282844543
b664ddf0c,0.9613842368125916,-4.734371662139893,-4.2844624519348145,4.23057746887207,-2.5287063121795654,-1.8850618600845337,-5.373075008392334,-2.9644381999969482,-0.46645933389663696,-4.785542964935303,-1.2410335540771484,-6.012217044830322,3.2348790168762207,-3.8390910625457764,-3.5115997791290283,-2.439100980758667,-6.136930465698242,-7.538680076599121,6.0304646492004395,-4.4982781410217285,-5.856717109680176,-3.696549892425537,-2.0873279571533203,1.4104090929031372
b67cbcdc7,6.802099227905273,-3.363255500793457,-0.7857942581176758,1.0934265851974487,-3.940246820449829,-3.1502461433410645,-3.660881519317627,-2.0685555934906006,-0.7749096751213074,-3.9284682273864746,1.0068359375,-4.341745376586914,0.13052333891391754,-4.573971748352051,-3.4922571182250977,-2.5871927738189697,-4.765896320343018,-7.093341827392578,5.559657096862793,-2.0666680335998535,-3.8171229362487793,-4.472782611846924,-2.464446544647217,0.5762178301811218
b67d8039e,-6.481516361236572,-3.073594331741333,-3.5150563716888428,4.050189018249512,-1.8454982042312622,0.8103229999542236,-0.49870869517326355,-2.656637668609619,-5.2929277420043945,-0.6984719634056091,0.7689558267593384,-2.3735151290893555,0.0371779203414917,-5.2355756759643555,-2.9427313804626465,-1.4191765785217285,-4.2568888664245605,-1.8065603971481323,-0.4932190775871277,-2.3129489421844482,-0.4862009584903717,-5.161159515380859,-2.0651261806488037,5.558296203613281
b6856f4df,-2.348421573638916,-2.4584052562713623,-1.3324613571166992,4.240021705627441,-2.2225377559661865,0.996346652507782,-4.314957141876221,-1.3042776584625244,-1.1790382862091064,-3.191305160522461,-0.26512545347213745,-3.689004421234131,3.3112261295318604,-2.548816680908203,-0.3154658079147339,-0.8175573945045471,-5.561868667602539,-5.269082069396973,4.338479042053223,-2.104853391647339,-2.202436923980713,-2.7399725914001465,-0.6661010980606079,-0.7169128656387329
b6a030720,-3.8094699382781982,1.2207647562026978,-1.672987937927246,4.703607559204102,-2.7222039699554443,-0.8580670356750488,-0.8462578058242798,1.8006893396377563,-4.464731693267822,0.7700945734977722,0.4304303526878357,-0.23534651100635529,-1.5666073560714722,-1.8271342515945435,-0.16765710711479187,3.9502174854278564,-0.30922362208366394,-1.7384155988693237,-1.879688024520874,-2.0891008377075195,-0.33125174045562744,-2.1215364933013916,-0.6695892214775085,2.717021942138672
b6f4703ee,-6.140544891357422,-2.9616470336914062,-4.84681510925293,2.5551700592041016,-6.8644490242004395,-4.789228439331055,0.33933666348457336,5.451364517211914,-5.673340797424316,-3.3700814247131348,-0.8724318742752075,5.719229221343994,-4.828579902648926,-5.560781478881836,-2.826998233795166,2.6204447746276855,-0.6444939374923706,-1.507122278213501,-4.966033935546875,-0.4543834626674652,-1.4647583961486816,-6.60646915435791,-1.3830722570419312,-2.1089110374450684
b70c1b861,-2.6744890213012695,3.10003662109375,-2.635457992553711,4.67423677444458,1.081661581993103,-2.0438218116760254,-5.120256423950195,-0.5814304351806641,-1.4901363849639893,-0.7028724551200867,-3.6260650157928467,-3.434309959411621,-0.7612901926040649,-0.6712509393692017,2.439152956008911,-0.6666426062583923,-0.828315258026123,-3.460468292236328,0.008338779211044312,-4.002555847167969,-3.532503843307495,4.17094612121582,-1.5290464162826538,-2.1802284717559814
b73aeaa19,-3.0505800247192383,-0.20776093006134033,0.23836174607276917,2.146404266357422,-1.9580899477005005,1.1006993055343628,0.441375732421875,0.6347333192825317,-3.4862053394317627,1.6748720407485962,-0.10501252114772797,-0.13150569796562195,-1.3041391372680664,-2.7079741954803467,-0.6691313982009888,1.9119553565979004,-0.7013704180717468,1.1405620574951172,-1.245500922203064,-0.222630575299263,1.3841650485992432,-2.5504043102264404,-2.1986162662506104,-0.772329568862915
b77f86447,-1.8109631538391113,-1.421008825302124,-1.2040680646896362,3.6749091148376465,-1.2300140857696533,0.2723919451236725,-4.353034973144531,-0.6175050139427185,-1.8087742328643799,-2.2316477298736572,-1.6695210933685303,-3.6694300174713135,3.3283274173736572,-1.8789663314819336,0.19864928722381592,-0.7260264158248901,-5.197264671325684,-4.367790699005127,4.0725016593933105,-2.4629878997802734,-2.5702943801879883,-1.5913097858428955,-1.0623492002487183,-0.1117357388138771
b7d0cad34,5.836627006530762,-3.7974607944488525,-1.6049251556396484,2.2308273315429688,-3.3356876373291016,-2.0638670921325684,-3.8676347732543945,-1.2221651077270508,0.19437821209430695,-3.7713499069213867,0.8746183514595032,-4.165749549865723,0.2075081616640091,-4.148849964141846,-3.073167562484741,-2.6423425674438477,-4.624294281005859,-5.801698207855225,5.989083290100098,-1.6669809818267822,-3.664919853210449,-4.298765182495117,-2.1438276767730713,0.9111225605010986
b7f5a7c69,-1.1243340969085693,-2.6273388862609863,-1.538412094116211,0.6862492561340332,-2.46553897857666,-1.5248737335205078,-4.437768936157227,-2.513789653778076,-1.7640984058380127,-3.0754947662353516,-1.121485710144043,-4.158773422241211,1.3629831075668335,-3.058812141418457,-1.3537375926971436,-2.2079808712005615,-3.667098045349121,-5.864792346954346,3.988878011703491,-2.1556782722473145,-2.707704544067383,-3.1602094173431396,-2.0403037071228027,0.0703371912240982
b824f7f88,6.185125827789307,-5.378327369689941,-5.468760967254639,4.339671611785889,-2.3181793689727783,-4.000796318054199,-7.563345909118652,-3.273573160171509,4.428874492645264,-5.464561939239502,-0.5747344493865967,-6.980307102203369,3.925398111343384,-2.576292037963867,-4.954500675201416,-4.124256134033203,-6.734136581420898,-9.062946319580078,7.934107303619385,-6.018463134765625,-7.900741100311279,-2.4976065158843994,-2.8208889961242676,0.4929187297821045
b85474f46,-5.0150065422058105,1.0246564149856567,-3.929469108581543,2.4985673427581787,-4.341800689697266,-3.9006378650665283,0.0927967056632042,0.21398648619651794,-4.871389389038086,-0.36223626136779785,-1.637636661529541,0.46044549345970154,-4.506128311157227,-1.9179903268814087,-3.9418325424194336,0.3327617943286896,5.551177978515625,0.5247250199317932,-5.074183464050293,-1.1938655376434326,-0.057668447494506836,-4.594120025634766,-1.7964808940887451,-0.9751732349395752
b85e30ce9,-7.7358784675598145,-5.0826215744018555,-4.065589427947998,6.14329719543457,-2.504281520843506,0.7669749855995178,-2.5613274574279785,-3.2903242111206055,-5.0750956535339355,-2.576303720474243,0.4388946294784546,-4.457572937011719,1.2146440744400024,-5.205329418182373,-4.351555347442627,-3.336355209350586,-5.2445454597473145,-3.2811756134033203,1.0577783584594727,-3.2502102851867676,-1.0753428936004639,-5.270580291748047,-1.863244891166687,5.130410671234131
b86aab063,-4.089116096496582,0.10147807002067566,-2.8913683891296387,2.993082046508789,-1.7566823959350586,-1.7465622425079346,-1.6814301013946533,2.5172839164733887,-4.197856903076172,0.3114584982395172,-1.0262722969055176,2.5655934810638428,-2.73530650138855,-2.77518367767334,1.900992512702942,-0.22419551014900208,-2.022289514541626,-1.1168403625488281,-1.0779958963394165,-2.4999988079071045,-1.266208291053772,-0.7275686264038086,-0.9122287034988403,-0.5750288963317871
b86eb189d,-5.662466049194336,-2.196455478668213,-3.9446959495544434,1.732255220413208,-6.152496814727783,-4.7625274658203125,0.6262171268463135,5.233499526977539,-5.182313919067383,-1.905057668685913,-0.16782911121845245,5.37433385848999,-4.951487064361572,-5.488121032714844,-4.61784553527832,0.5830373167991638,0.9943115711212158,-0.9236963987350464,-5.341958522796631,-0.1133965253829956,0.11792941391468048,-6.602255821228027,-1.157546043395996,-1.7567282915115356
b86fa253f,-7.585163116455078,0.1953834891319275,-5.369585990905762,4.447555065155029,-5.361175537109375,-2.6553468704223633,-2.7251029014587402,4.710195064544678,-6.331713676452637,-2.1874749660491943,-2.947545051574707,-0.17020940780639648,-5.562082290649414,-2.959697723388672,-1.8791959285736084,1.3867716789245605,2.265982151031494,-2.910275459289551,-5.642698287963867,-1.6302647590637207,-0.941626787185669,-3.3274545669555664,-2.2473080158233643,-4.1342644691467285
b89ba376e,-2.062601089477539,-0.7651846408843994,-4.583971977233887,6.476305961608887,4.974544525146484,-1.1524580717086792,-5.91119384765625,-2.7213852405548096,1.5568814277648926,-1.1455812454223633,-4.925205707550049,-4.877354621887207,6.079399585723877,1.1507866382598877,1.1801753044128418,-3.4317615032196045,-4.851844787597656,-5.241819381713867,5.600534439086914,-5.0611701011657715,-5.111757755279541,4.5310564041137695,-2.2069883346557617,0.07805335521697998
b8a3a223c,-2.871216297149658,-0.20297975838184357,-3.575155019760132,3.591073513031006,0.08728525042533875,-1.8428127765655518,-3.5754730701446533,-0.5656371712684631,-3.9963812828063965,-2.145944595336914,-2.103227376937866,-1.629697561264038,-1.2773528099060059,-3.8371593952178955,6.739826202392578,2.3763608932495117,-5.609262466430664,-4.720191478729248,3.0011849403381348,-3.431535243988037,-3.207301616668701,1.0793100595474243,-0.6283432245254517,-0.5639270544052124
b8ae8ec81,-3.8157172203063965,0.6937083005905151,0.484200119972229,3.242788076400757,-3.32539963722229,0.7110007405281067,-1.441788673400879,3.6493918895721436,-4.841026306152344,-0.9151321649551392,-1.0909044742584229,-0.2939806282520294,-2.374596357345581,-3.0516669750213623,-0.7136059403419495,2.314279556274414,-2.7066736221313477,-2.607576847076416,-1.1980936527252197,-0.2792433202266693,0.13508066534996033,-2.397167205810547,-1.4790832996368408,-2.0235280990600586
b8d598ca7,-5.858556747436523,-1.628054141998291,-1.3105013370513916,-2.268158435821533,-4.732141971588135,-2.1728856563568115,-0.5396174788475037,4.120445728302002,-5.072113990783691,-0.19787335395812988,-1.1297364234924316,3.1102335453033447,-3.1028671264648438,-3.7582008838653564,-3.019792079925537,0.5628415942192078,-0.9858464002609253,-0.9947162866592407,-3.6490516662597656,1.1718459129333496,1.7938683032989502,-5.014716625213623,-1.900662899017334,-2.192819356918335
b8eff0381,-1.1952345371246338,-0.06354297697544098,-2.4501614570617676,4.3441267013549805,0.3062762916088104,-1.1750448942184448,-5.083775997161865,-1.5693820714950562,-0.26403194665908813,-1.6809574365615845,-3.046692371368408,-4.10500431060791,3.4734811782836914,0.279005229473114,0.26449424028396606,-0.2791665494441986,-3.30721378326416,-5.153709411621094,3.42793607711792,-3.5795516967773438,-4.334984302520752,0.5550479292869568,-1.0324394702911377,-0.7818868160247803
b90a0b10e,-2.1422033309936523,-2.296574592590332,-0.6617209911346436,3.5334792137145996,-1.54307222366333,-0.3811761736869812,-3.321462869644165,-1.7286392450332642,-2.5109779834747314,-1.5863854885101318,-1.125952959060669,-3.0244247913360596,1.518692970275879,-2.6853229999542236,-0.5940015912055969,-1.6614515781402588,-2.2435996532440186,-3.9149022102355957,3.1733689308166504,-1.9821336269378662,-1.2165296077728271,-1.718841552734375,-1.6491461992263794,0.211337149143219
b917ba522,-3.55269193649292,-3.348571538925171,-1.3320425748825073,-2.6488704681396484,-4.8288373947143555,-2.9522337913513184,-2.1959023475646973,-1.9155707359313965,-3.8371636867523193,-2.134491205215454,-1.1529791355133057,-2.183084487915039,-1.6345864534378052,-5.565246105194092,-4.3594536781311035,-2.864664316177368,-1.1863627433776855,-3.936310291290283,0.0278262197971344,-2.1310691833496094,-0.3830767571926117,-5.752347946166992,-3.9857840538024902,-1.2397385835647583
b98ffab0a,-2.0691921710968018,-0.42009299993515015,-1.4753453731536865,4.784251689910889,-3.0355019569396973,-1.580248236656189,-0.3347643315792084,3.5603110790252686,-3.255138397216797,-0.10191890597343445,0.2769594192504883,3.164628744125366,-2.398477554321289,-2.952808380126953,-0.6660209894180298,0.31196141242980957,-0.3089611530303955,-0.983927309513092,-0.8927522897720337,0.11697988957166672,1.87196946144104,-2.691960096359253,-0.5692564249038696,-0.5685444474220276
b996195f2,-5.213387966156006,-0.765857458114624,-4.14903450012207,3.71840238571167,-5.535642147064209,-3.6185553073883057,-0.3036476969718933,4.8938422203063965,-5.593491077423096,1.9952068328857422,-0.10720458626747131,3.125851631164551,-4.348732948303223,-4.220321178436279,-2.0951778888702393,1.1420459747314453,1.238250732421875,3.3113889694213867,-4.434847831726074,-1.533635139465332,0.4150414764881134,-4.616782188415527,-2.1802353858947754,-1.8747797012329102
b9aa2af3e,-2.073448657989502,-4.692039489746094,-5.585081100463867,5.507206916809082,-2.647538661956787,-2.189399242401123,-7.944864749908447,-4.6386823654174805,-0.8073055148124695,-6.003619194030762,-3.2260332107543945,-8.175077438354492,5.644350528717041,-3.3404698371887207,-3.701430320739746,-3.5196547508239746,-8.32963752746582,-9.249920845031738,6.39424991607666,-6.465217113494873,-7.350564002990723,-2.9089789390563965,-2.0449399948120117,0.8776647448539734
b9ad1699d,-4.053722381591797,0.41761350631713867,-1.5665078163146973,4.370904445648193,-3.7502946853637695,-0.9636701345443726,-0.5478247404098511,4.3836565017700195,-4.455324172973633,0.7181566953659058,2.15704345703125,1.233222484588623,-2.831563711166382,-2.6199755668640137,0.12878336012363434,1.9162416458129883,-1.3054699897766113,-0.9436080455780029,-2.1236414909362793,-0.8273909091949463,0.6658645868301392,-2.7077832221984863,-1.7077536582946777,-2.08937931060791
b9b9b2b90,-3.409965753555298,-0.2762908637523651,-1.3396050930023193,1.859602928161621,-3.511319875717163,-2.4663987159729004,1.4557145833969116,0.31620079278945923,-4.143612861633301,0.512023389339447,0.45203810930252075,2.5883116722106934,-3.233835458755493,-3.2937443256378174,-2.0535850524902344,-0.5899680852890015,1.6071604490280151,0.3088305592536926,-2.605821132659912,-1.3882980346679688,1.0590734481811523,-3.9519524574279785,-2.000831127166748,-0.4649953246116638
b9fc688f8,-4.691041469573975,3.910083770751953,-5.871181964874268,4.986924171447754,-1.3674085140228271,-3.880095958709717,-6.426584720611572,-0.20536589622497559,-5.5466227531433105,-2.6404387950897217,-4.014344215393066,-3.876811981201172,-5.361703872680664,-2.524580478668213,5.4956254959106445,-0.22011268138885498,-2.1804187297821045,-6.140932559967041,-1.636092185974121,-5.306884288787842,-6.068645000457764,0.49561256170272827,-0.11807630956172943,-2.383472442626953
ba0ecf16e,-4.4029717445373535,-4.792479038238525,-5.444446086883545,6.3855085372924805,0.571644127368927,0.6192246675491333,-6.4627532958984375,-4.813601493835449,-0.36672377586364746,-5.179374694824219,-2.736967086791992,-7.093723297119141,5.3877058029174805,-2.1629321575164795,-3.8581948280334473,-4.494499206542969,-7.681551456451416,-7.179360389709473,4.7636332511901855,-4.876114845275879,-5.511600017547607,-1.086547613143921,-0.7683188915252686,3.827136516571045
ba1c9bbf0,1.3988943099975586,-2.935565710067749,-2.252803087234497,3.6093292236328125,-2.2054660320281982,-1.5649349689483643,-4.884393692016602,-2.4924392700195312,-0.6087319850921631,-3.6301398277282715,-1.175966501235962,-5.474583625793457,2.575828790664673,-3.1695220470428467,-1.6638576984405518,-2.2160415649414062,-5.489347457885742,-6.1369147300720215,5.447457313537598,-2.87514591217041,-4.409154415130615,-2.4491820335388184,-2.0110692977905273,0.8337608575820923
ba54a8c3e,-0.6939182281494141,-1.9046313762664795,-1.54349946975708,4.3527326583862305,-1.5241007804870605,-0.2880725860595703,-1.7799798250198364,-0.8657544851303101,-1.3096449375152588,-1.9725356101989746,4.547672748565674,-2.0036466121673584,3.1878108978271484,-2.892864942550659,0.20731312036514282,-0.7463588118553162,-4.363203525543213,-3.8361854553222656,4.995553493499756,-1.91103196144104,-1.147000789642334,-2.528923273086548,-0.8076431751251221,1.4718729257583618
ba5de479c,-1.5685750246047974,3.2805917263031006,-2.4972963333129883,4.613729953765869,-0.2458477020263672,-1.3746211528778076,-2.5999367237091064,1.9328827857971191,-3.110809803009033,0.9551239013671875,-1.8332823514938354,-1.0303107500076294,-0.6780714392662048,-1.09672212600708,2.583209991455078,3.230997323989868,-1.7087351083755493,-2.200453996658325,0.21573124825954437,-2.886244297027588,-2.247399091720581,1.9573805332183838,-0.9301846027374268,3.185333013534546
ba5e44d20,-2.999387264251709,-1.4504791498184204,-1.737998366355896,4.725204944610596,-0.36500823497772217,1.1808475255966187,-5.098911285400391,0.26738810539245605,0.0884004533290863,-2.301262378692627,-3.934704542160034,-4.345353126525879,5.70985746383667,-0.15675553679466248,-2.4475369453430176,-0.6874290704727173,-4.90801477432251,-4.57120418548584,5.062977313995361,-3.0559256076812744,-3.618210554122925,-0.434933066368103,-0.5741060972213745,-1.2209911346435547
ba73bf063,-6.503757476806641,4.208405017852783,-5.571899890899658,5.979507923126221,-4.665345191955566,-5.104228496551514,-4.6960601806640625,-2.7119903564453125,-7.552251815795898,-2.9443914890289307,-3.3769288063049316,-4.465511798858643,-6.037559509277344,0.06330716609954834,-5.223909378051758,-1.0090128183364868,7.384371757507324,-3.9156970977783203,-6.741584777832031,-5.766814231872559,-3.8488528728485107,-4.020069122314453,-2.7879796028137207,-3.5316593647003174
ba74b40db,-0.8205264806747437,1.4113280773162842,-2.847531318664551,4.55331563949585,0.061675310134887695,-0.5408371686935425,-2.5966296195983887,0.00888514518737793,-1.832146406173706,0.4055333435535431,-1.4265549182891846,-1.0456781387329102,2.8824973106384277,-0.11158007383346558,0.5042864680290222,0.9946454763412476,-2.37628173828125,-1.347178339958191,2.645582675933838,-3.2097880840301514,-1.1889487504959106,0.7206693291664124,-1.5126978158950806,0.029217049479484558
bab063718,-5.169447898864746,-0.6948728561401367,-1.5266107320785522,3.575133800506592,-4.918944835662842,-1.2081304788589478,-1.1370515823364258,5.11434268951416,-4.901971817016602,-0.8648996353149414,-0.6684723496437073,0.8272615075111389,-2.6708059310913086,-2.7871522903442383,-1.0038836002349854,2.659055233001709,-0.5555744171142578,-1.9402981996536255,-3.3933486938476562,0.2932635545730591,0.937735378742218,-3.5260770320892334,-2.0478804111480713,-3.584702730178833
bacf636fc,-0.1674371361732483,-3.248699426651001,-1.196753740310669,1.9304362535476685,-3.2658567428588867,-1.4144341945648193,-4.323895454406738,-1.767988681793213,-1.7903788089752197,-3.4374988079071045,-0.600947916507721,-4.149432182312012,1.3096758127212524,-4.229172706604004,-0.1381300389766693,-1.9268429279327393,-5.411498069763184,-5.610890865325928,4.628873825073242,-1.6973471641540527,-2.9197826385498047,-3.563598155975342,-1.8857933282852173,-0.17259564995765686
bb1036ead,-4.5387749671936035,-1.2001410722732544,-3.027465581893921,1.5701617002487183,-4.042737007141113,-2.9534854888916016,1.695401906967163,0.3892621397972107,-4.745731830596924,-0.3489402234554291,0.4262140393257141,3.05031681060791,-3.8180792331695557,-3.6966428756713867,-2.7594187259674072,-0.8457940816879272,1.2303025722503662,-0.3009362816810608,-2.949409008026123,-1.8302791118621826,0.6262127161026001,-4.77520751953125,-1.761662483215332,-0.16817952692508698
bb11c5e2f,-3.9294967651367188,-0.24472367763519287,-3.106908082962036,3.45137095451355,-3.414031982421875,-0.8517103791236877,-1.9828475713729858,4.138092994689941,-4.002659320831299,-1.2629735469818115,-0.9729856252670288,0.39959466457366943,-2.9490818977355957,-2.784923791885376,-1.128150224685669,0.16071005165576935,-0.437407523393631,-2.235098123550415,-2.0744199752807617,-0.9466756582260132,-0.07292772829532623,-1.9085285663604736,-1.4649982452392578,-1.8849563598632812
bb4d48589,-4.422812461853027,2.976663589477539,-3.0839836597442627,5.140942573547363,0.14671741425991058,-2.3349223136901855,-6.078855991363525,-0.9436556696891785,-4.267586708068848,-1.327488899230957,-3.809119701385498,-4.380064487457275,-2.9633679389953613,-1.3474421501159668,1.8421045541763306,-0.8274447917938232,-1.4056158065795898,-4.886563301086426,-1.1148782968521118,-5.03825569152832,-3.901942014694214,3.5835416316986084,-1.779556393623352,-2.479435920715332
bb4d9025a,-0.9803659915924072,2.1356263160705566,2.0957953929901123,1.7620168924331665,-1.7087984085083008,-0.5088684558868408,-0.5375787615776062,3.497126817703247,-2.370600461959839,1.0804001092910767,-1.4082973003387451,-0.350748747587204,-1.0456831455230713,-2.440432548522949,2.4593067169189453,2.8714327812194824,-1.1423566341400146,-0.04903620481491089,-0.41939806938171387,0.6069278717041016,-0.15467548370361328,-1.0892162322998047,-0.6486963629722595,-0.5235143899917603
bb4e53aed,7.58256721496582,6.634722709655762,-4.633438587188721,5.42465353012085,0.14599913358688354,-4.983042240142822,-5.5535664558410645,-2.808880090713501,-2.89862322807312,3.0252628326416016,-2.472411632537842,-5.338829040527344,5.522908687591553,-1.1654936075210571,-2.5218992233276367,-0.20818303525447845,-5.247109889984131,-8.451313972473145,6.461515426635742,-6.394399642944336,-7.876571178436279,-1.255129337310791,-3.7322793006896973,1.8831863403320312
bb596fe23,-5.625584125518799,-5.011194229125977,-3.9938583374023438,5.756777763366699,-2.0737059116363525,0.6312590837478638,-4.119770526885986,-4.544788360595703,-2.009589910507202,-4.381106376647949,-1.3610446453094482,-6.1018524169921875,3.9442477226257324,-3.4262471199035645,-5.943403244018555,-3.99487566947937,-6.2870306968688965,-5.160070896148682,3.025575876235962,-3.8091931343078613,-3.265789031982422,-4.166080474853516,-0.8362581133842468,4.306419372558594
bb717ee47,-2.7890374660491943,3.1264872550964355,5.868721008300781,4.935029983520508,-1.5772476196289062,0.639236569404602,-3.3883776664733887,1.5297421216964722,-3.847238540649414,-0.03566356748342514,-2.2320761680603027,-2.6826982498168945,-1.1989572048187256,-2.369967460632324,-0.0042824409902095795,2.5138704776763916,-2.084500551223755,-2.8219988346099854,-1.2959234714508057,-0.5727354884147644,-0.7869309782981873,0.5129933953285217,-0.9218924641609192,-2.8179967403411865
bbba8ebb0,-2.0853359699249268,-4.723219871520996,-5.442657470703125,5.426990509033203,-1.9403547048568726,-0.45519423484802246,-7.8218255043029785,-4.791843414306641,2.397653579711914,-6.181253910064697,-3.1190314292907715,-7.473264694213867,5.942450046539307,-0.5782931447029114,-5.428735256195068,-2.9691593647003174,-6.673430442810059,-8.857503890991211,5.785064220428467,-5.37894868850708,-6.7063446044921875,-2.223778486251831,-0.05185294151306152,-0.47607359290122986
bbcc3e69e,-4.932379722595215,-0.35875773429870605,-0.7477586269378662,-1.8696547746658325,-4.638216495513916,-3.494755744934082,-1.8715894222259521,-1.821243166923523,-5.453001022338867,-0.41526973247528076,-2.337277889251709,-1.2665479183197021,-3.8776962757110596,-3.517899990081787,-4.189949035644531,-3.3156189918518066,2.6796183586120605,-1.4725627899169922,-2.871572971343994,-1.5004454851150513,0.4823605716228485,-4.753347396850586,-4.631124973297119,-2.6942176818847656
bbf635b46,-5.045019149780273,-2.2780492305755615,-3.1577656269073486,0.9519479274749756,-4.738785743713379,-2.8005521297454834,1.3099931478500366,2.6556944847106934,-4.960766315460205,-0.24220874905586243,0.6158766746520996,3.877830982208252,-3.5074410438537598,-5.0523600578308105,-2.4362974166870117,2.0377564430236816,-0.7138886451721191,0.3190931975841522,-3.8608415126800537,0.04983586072921753,0.8530610203742981,-5.613744735717773,-0.39636391401290894,1.4108586311340332
bc0beee2d,5.108308792114258,4.111658573150635,-2.2555043697357178,3.9286692142486572,-0.7118174433708191,-0.24745777249336243,-3.402467727661133,1.6043751239776611,-2.554320812225342,0.7085791230201721,-0.33982938528060913,-2.4988350868225098,1.3329153060913086,-2.481931209564209,1.0878785848617554,-0.8744550347328186,-4.374578475952148,-4.614748954772949,4.225627422332764,-2.6206483840942383,-3.1941516399383545,-1.3191301822662354,-1.5215892791748047,1.9965324401855469
bc14a3a10,-3.4432566165924072,-2.676205635070801,-2.619281768798828,5.997524261474609,-1.031030535697937,3.366718292236328,-4.525750637054443,-2.765454053878784,-1.7623766660690308,-3.308931350708008,-1.0800385475158691,-4.923084259033203,4.448129177093506,-2.308253526687622,-1.9738291501998901,-2.9163389205932617,-4.603412628173828,-4.84030818939209,3.699140787124634,-2.557525634765625,-3.242283821105957,-1.4803787469863892,-0.38755953311920166,5.339044570922852
bc2d10540,-2.8642706871032715,-1.5732297897338867,-2.079824924468994,4.576438903808594,-1.3428868055343628,1.119863748550415,-4.475643157958984,-0.07719361782073975,-2.250697612762451,-2.1438913345336914,-1.3621212244033813,-2.7074849605560303,1.9923901557922363,-2.0923550128936768,0.564731776714325,-0.159737229347229,-4.824514389038086,-4.611818790435791,3.4712417125701904,-2.848510980606079,-2.688807249069214,-1.0251920223236084,-0.579942524433136,-0.2160263955593109
bc3fddbf9,-2.660395622253418,1.4847609996795654,-2.7529473304748535,4.19620418548584,-0.7233309745788574,-1.377537727355957,-4.079433441162109,-0.27952465415000916,-2.4039700031280518,-1.3794654607772827,-2.2407500743865967,-3.014819860458374,0.17381125688552856,-0.5454753041267395,-0.12326523661613464,-0.008122127503156662,-0.38238847255706787,-3.9526517391204834,0.6132182478904724,-3.500662326812744,-2.610853910446167,0.7580995559692383,-2.063506841659546,-2.118804931640625
bc790072c,-3.8450303077697754,-0.6181430220603943,-1.372190237045288,4.255927085876465,-0.07417488098144531,4.6460394859313965,-1.2469418048858643,1.2871036529541016,-1.9408944845199585,-0.08314979076385498,0.461553692817688,-0.17292378842830658,0.7684100866317749,-1.456028938293457,0.0445161908864975,2.9432685375213623,-3.4645724296569824,-1.6493594646453857,0.9526329040527344,-1.2028900384902954,1.7048156261444092,-2.5324742794036865,-0.24134695529937744,1.1395269632339478
bc8402b0f,-3.9309937953948975,-0.5002393126487732,-0.9963813424110413,-2.1754183769226074,-4.324932098388672,-0.9424892663955688,-0.0006194319576025009,3.8577797412872314,-4.107440948486328,-0.17361439764499664,-0.9007084369659424,4.469363212585449,-2.776451587677002,-3.014413595199585,-3.0110745429992676,0.5080748796463013,-0.89371657371521,-0.7092154026031494,-2.661118268966675,0.6486150622367859,0.7865508794784546,-4.860734462738037,-0.9808741807937622,-3.2241950035095215
bcbd7943a,-3.442715644836426,3.150038242340088,-2.957899808883667,5.3913774490356445,0.7569957375526428,-2.161445140838623,-6.2298078536987305,-0.8659945726394653,-3.8027420043945312,-1.22361159324646,-3.9855799674987793,-4.615716934204102,-1.827351689338684,-0.9970797300338745,1.8763771057128906,-0.07150696218013763,-1.8849003314971924,-5.190981864929199,-0.08409211039543152,-5.12886905670166,-4.184929370880127,3.724452495574951,-1.9000537395477295,-2.3356761932373047
bcfcfd206,-5.764315605163574,-1.1277625560760498,-2.8711886405944824,1.578931212425232,-5.914566516876221,-2.5471041202545166,0.05338709056377411,5.023784160614014,-5.464041709899902,2.906680107116699,-2.1467368602752686,2.519193172454834,-4.2088823318481445,-3.968993663787842,-4.245785236358643,0.8429322838783264,2.8842825889587402,4.209494590759277,-4.700008392333984,1.7240896224975586,2.289108991622925,-5.395096778869629,-3.2824888229370117,-4.3383073806762695
bd10a767d,-4.25559663772583,-0.7895482182502747,-1.6764051914215088,1.0943355560302734,-3.6743879318237305,-2.584836721420288,1.413984775543213,0.7231623530387878,-4.546536445617676,0.6666020750999451,-0.09784477949142456,3.0600368976593018,-3.5761427879333496,-3.2834413051605225,-2.496546506881714,-0.27579426765441895,1.4651403427124023,1.0847457647323608,-3.489989757537842,-0.8976945877075195,1.0318381786346436,-4.619779586791992,-2.126558542251587,-0.6919416189193726
bd2632e71,-4.699341297149658,-0.920231282711029,-2.7290241718292236,2.8887805938720703,-3.8068020343780518,-1.9212052822113037,0.7337274551391602,5.176650047302246,-4.610274314880371,-1.222062587738037,0.35375547409057617,4.953948020935059,-2.8261916637420654,-3.2480556964874268,-0.44960469007492065,1.659024715423584,-1.2657387256622314,-2.394134521484375,-2.851339817047119,-0.6152074933052063,-0.22217266261577606,-3.231738567352295,-0.5255696773529053,2.977982997894287
bd3c37c1b,-3.275789260864258,2.506488800048828,6.792718887329102,4.813285827636719,-3.340817928314209,-0.7230544090270996,-3.291382074356079,-0.5409886837005615,-5.219992637634277,-0.7369823455810547,-1.4195404052734375,-2.926527261734009,-2.038006544113159,-2.9221343994140625,-2.86698579788208,-0.5625808835029602,-2.137436866760254,-3.048616409301758,-2.0909600257873535,-0.358430415391922,-0.6985480189323425,-2.572166919708252,-0.6826517581939697,-2.6718735694885254
bdb3ce264,-6.432131290435791,-3.2252278327941895,-4.58903169631958,5.877379894256592,-2.03226900100708,0.5497366786003113,-2.105368137359619,-2.550459146499634,-4.95090913772583,-2.1983935832977295,0.06840317696332932,-3.924248695373535,-0.5476586222648621,-4.734675884246826,-2.4574544429779053,-1.6830193996429443,-4.6337995529174805,-3.198838233947754,-0.040188416838645935,-3.4697113037109375,-1.0053660869598389,-3.8616223335266113,-1.3777567148208618,4.80422306060791
bddd24379,-6.640497207641602,4.4912190437316895,-5.606466293334961,6.481040954589844,-5.051180362701416,-5.551072120666504,-5.243347644805908,-3.23801326751709,-7.697914123535156,-3.8524978160858154,-3.697355270385742,-5.445699691772461,-6.596595764160156,-0.26929232478141785,-5.313760280609131,-1.1553120613098145,7.067300796508789,-4.744912147521973,-7.282474517822266,-6.283637046813965,-4.541369915008545,-3.7726688385009766,-2.956312894821167,-3.903762102127075
bdf57fe5f,-1.7252196073532104,-2.844937562942505,-4.571358680725098,4.898025989532471,-1.4773415327072144,-2.2010159492492676,-7.169641494750977,-4.2173075675964355,-0.31747111678123474,-4.141968250274658,-3.5046701431274414,-7.3517632484436035,5.20886754989624,-2.614034652709961,-2.539947748184204,-3.18898868560791,-6.767585754394531,-8.034348487854004,5.517361640930176,-5.987926959991455,-6.56845235824585,-1.3256809711456299,-2.1255013942718506,0.4161228835582733
be0431b10,-5.000500202178955,0.8739523887634277,-3.2350056171417236,3.28780460357666,-5.176141738891602,-3.736492156982422,0.3607732653617859,-0.21699154376983643,-5.784507751464844,-1.7942321300506592,-1.1285654306411743,-0.29819196462631226,-4.266384601593018,-2.3438639640808105,-4.15266752243042,2.27272891998291,4.7084245681762695,-1.4480507373809814,-4.854116439819336,-1.6783230304718018,0.010638576000928879,-5.152321815490723,-1.7435882091522217,-1.3845070600509644
be0d0f2e6,-5.938170909881592,1.8552684783935547,-4.267082691192627,4.315417289733887,-5.111081123352051,-4.232152938842773,-1.0795509815216064,1.357683777809143,-6.386473655700684,-1.9280093908309937,-2.2904574871063232,-0.5643918514251709,-5.100089073181152,-0.7727086544036865,-4.98837423324585,1.3429455757141113,5.5331525802612305,-1.4817723035812378,-5.82187032699585,-0.7420087456703186,-0.04141443967819214,-5.006361484527588,-2.163595199584961,-2.860147476196289
be4594f3b,5.054317951202393,-5.38178825378418,-5.767412185668945,4.3773627281188965,-3.746424436569214,-4.528502464294434,-7.638821125030518,-3.6765003204345703,2.293041944503784,-6.21681547164917,-1.3264973163604736,-7.750899314880371,4.506000518798828,-4.0439066886901855,-5.774613857269287,-4.205479145050049,-8.776677131652832,-10.657674789428711,7.552347183227539,-6.618188858032227,-8.728921890258789,-4.173076629638672,-2.673952102661133,1.0513814687728882
be690f702,-0.47416433691978455,-2.425283432006836,-5.158283233642578,5.468094825744629,0.6515018939971924,-1.854864478111267,-7.3278679847717285,-4.208878993988037,2.0476913452148438,-3.8801941871643066,-4.070136070251465,-6.734630584716797,6.027359962463379,-0.10283228754997253,-2.458371639251709,-3.325303554534912,-6.2096757888793945,-7.880428791046143,5.846704959869385,-5.073536396026611,-6.7261481285095215,0.8621444702148438,-1.1610286235809326,-0.5284218788146973
bed31e3f3,-1.501707911491394,0.5052062273025513,-2.5335123538970947,4.996708393096924,0.24053454399108887,-0.7999778985977173,-3.572720766067505,-1.9511117935180664,-0.160739928483963,-0.9947659969329834,-2.1782050132751465,-2.805373430252075,5.280521869659424,1.2477259635925293,-0.24406102299690247,0.13867199420928955,-1.4587336778640747,-3.910835027694702,4.556559085845947,-3.253430128097534,-2.359531879425049,0.6901605129241943,-1.2906198501586914,-0.840322732925415
bf079baeb,-5.878886699676514,-3.2505428791046143,-3.5989468097686768,5.179165363311768,-0.7664802670478821,1.7263312339782715,-1.7135151624679565,-2.694679021835327,-3.8260679244995117,-1.342226266860962,0.44714486598968506,-3.490513801574707,2.7727115154266357,-4.449046611785889,-3.362027883529663,-2.13934063911438,-4.253314018249512,-2.3857319355010986,1.7987430095672607,-2.4277524948120117,-0.6024446487426758,-4.35240364074707,-1.527968168258667,5.26364803314209
bf0b739c8,-1.952554702758789,1.1245086193084717,6.542602062225342,3.662637948989868,-1.6790895462036133,0.04750257730484009,-2.0415499210357666,0.061900340020656586,-3.1928601264953613,0.22774991393089294,-1.512783169746399,-0.99619460105896,0.785597562789917,-2.223536968231201,-0.9695044755935669,0.15603958070278168,-1.9877252578735352,-1.3480371236801147,0.6124266386032104,0.5876649022102356,0.08686473220586777,-1.4790997505187988,-0.7627060413360596,-1.7262719869613647
bf194cc30,3.6664323806762695,-3.8179755210876465,-1.572418451309204,0.3760884702205658,-4.113321304321289,-1.7087138891220093,-4.226505756378174,-2.3032331466674805,-0.7692976593971252,-3.5313069820404053,0.06978751718997955,-3.750767946243286,1.1662086248397827,-3.578483819961548,-3.246232032775879,-2.084141969680786,-3.127840042114258,-5.392730236053467,5.29913330078125,-2.4458651542663574,-1.5873124599456787,-4.619239330291748,-2.087395191192627,-0.1511058509349823
bf9758c4a,-2.4804623126983643,-0.27012813091278076,1.363648772239685,3.09100604057312,-1.3531384468078613,0.42114031314849854,-0.10096591711044312,1.8468236923217773,-3.146684169769287,0.8217840790748596,3.1382977962493896,1.0681345462799072,0.9630575180053711,-1.7814308404922485,-0.11169710755348206,1.9695053100585938,-2.151552200317383,-0.5913323760032654,0.2803584933280945,-0.3014273941516876,0.883463442325592,-2.3498566150665283,-0.2846447825431824,2.4969427585601807
bfb972c0f,-0.1484319269657135,-3.5908966064453125,-1.896643877029419,2.2571089267730713,-3.432373046875,-2.0288662910461426,-4.013217449188232,-2.00826358795166,-1.933133840560913,-3.675434112548828,-0.5430408716201782,-3.810880661010742,1.541266679763794,-4.217123031616211,-1.6083111763000488,-2.08845591545105,-4.07366418838501,-5.3316497802734375,4.643550872802734,-1.37380051612854,-2.76523494720459,-4.045536994934082,-2.5730056762695312,0.5700218677520752
bfbe9cccf,-3.7422118186950684,-1.6716166734695435,-1.6655932664871216,-1.9293341636657715,-4.058651447296143,-2.5135982036590576,0.5859534740447998,2.5272440910339355,-4.17571496963501,-1.0919913053512573,0.546180784702301,4.43143367767334,-2.961599588394165,-3.6929543018341064,-2.8634653091430664,-0.006658535450696945,-1.7453283071517944,-0.8257336616516113,-2.8243563175201416,-0.45662721991539,0.7700562477111816,-5.297335624694824,-0.2821616530418396,0.06636267900466919
bffed9892,-2.009483814239502,-1.290921688079834,-0.7941195368766785,2.8645100593566895,-1.6403818130493164,0.949933648109436,-0.8858729600906372,-0.5608595013618469,-2.655451536178589,-0.004821620881557465,0.44294703006744385,-0.7013000249862671,0.7666230797767639,-2.6806249618530273,0.49305784702301025,-0.11910451203584671,-2.9425435066223145,-0.7559899091720581,2.3388583660125732,-1.1378183364868164,1.1665771007537842,-2.7443313598632812,-1.2689626216888428,1.235111951828003
c03baf7c8,-3.5976548194885254,-0.9463707208633423,3.7055745124816895,0.6016263365745544,-3.272139549255371,-0.019441738724708557,-2.0464699268341064,0.162282794713974,-3.8114657402038574,-1.1349753141403198,-1.267622947692871,-1.101359248161316,-0.6519609689712524,-2.8077585697174072,-3.573699951171875,-0.9054245352745056,-1.2562698125839233,-1.892799973487854,-1.2863749265670776,0.21220265328884125,0.36144518852233887,-3.837977886199951,-1.9642539024353027,-0.9363216757774353
c04064ead,-7.454598903656006,-4.409223556518555,-3.7140820026397705,5.2204132080078125,-2.6274876594543457,0.48878589272499084,-0.413644939661026,-2.9075024127960205,-5.348697185516357,-1.509695291519165,1.0580790042877197,-3.343050479888916,0.11247284710407257,-5.440065383911133,-3.560906171798706,-1.4995062351226807,-4.123380184173584,-2.40946888923645,-0.4249877333641052,-2.9489128589630127,0.5835167765617371,-5.479262828826904,-2.225820541381836,5.268013954162598
c04fcbb8b,-3.3083972930908203,-5.0201826095581055,-5.257918357849121,5.506587028503418,-2.197319984436035,-1.811307430267334,-7.750223159790039,-4.206177234649658,-0.7837874889373779,-6.075099945068359,-3.1296160221099854,-7.188365459442139,5.362206935882568,-2.891503095626831,-3.894639730453491,-2.60858154296875,-7.993322372436523,-9.117775917053223,5.965346336364746,-6.191593647003174,-6.98057222366333,-3.675515651702881,-1.825170874595642,2.497868061065674
c05cf6b9f,-3.470461368560791,-0.08418158441781998,-5.395717144012451,4.300930023193359,-0.5116729140281677,-1.870277762413025,-5.208956718444824,-0.8945110440254211,-3.6013104915618896,-3.2247226238250732,-2.995130777359009,-2.792931318283081,-1.1787067651748657,-3.1461920738220215,5.794046878814697,2.9854238033294678,-5.37090539932251,-6.42843770980835,3.2642645835876465,-4.969661235809326,-5.542059898376465,0.6348801851272583,-0.926331639289856,0.21404027938842773
c06b4603d,-2.053164482116699,-2.6215579509735107,-3.5883123874664307,5.102555274963379,-1.4095193147659302,-0.8144739270210266,-5.621281147003174,-3.4469592571258545,-0.26867756247520447,-3.7374563217163086,-2.4385440349578857,-5.6467084884643555,4.725103378295898,1.8741943836212158,-3.0634145736694336,-0.5019710063934326,-4.991459846496582,-6.128355503082275,5.429762840270996,-3.69317889213562,-5.28450870513916,-1.9067609310150146,-1.0475053787231445,0.2234344184398651
c0873f5c2,-2.436552047729492,-0.4662715196609497,-0.2934025526046753,4.442022800445557,0.6280273199081421,6.901369094848633,-0.8734921216964722,0.6754039525985718,-2.046060562133789,-0.015267275273799896,4.716647148132324,-0.18458598852157593,1.2132107019424438,-0.8360620737075806,0.28697749972343445,0.9214426279067993,-2.388455867767334,-1.3503358364105225,1.6943535804748535,-0.38846302032470703,1.4062048196792603,-1.1071274280548096,-0.5642815232276917,-0.10106642544269562
c09606d04,-4.898374080657959,-1.6720248460769653,-5.3349785804748535,3.6319735050201416,-1.5507351160049438,-2.165583372116089,-6.092150688171387,-0.9147478342056274,-5.160036087036133,-4.3698530197143555,-2.184112310409546,-3.0831480026245117,-3.630223035812378,-5.304781913757324,6.7434797286987305,0.41331973671913147,-7.359383583068848,-7.143062591552734,3.1962881088256836,-4.202021598815918,-4.527128219604492,-0.7993041276931763,-0.3812611699104309,-0.5891888737678528
c09ad983f,-1.8109006881713867,3.6228408813476562,-1.866411805152893,5.135169982910156,0.7126502394676208,-0.9914839267730713,-3.9797394275665283,0.2579178214073181,-1.5000956058502197,0.76009601354599,-2.026021718978882,-2.462268352508545,-0.5235251784324646,3.6945929527282715,2.100712537765503,0.6490479111671448,-0.005087554454803467,-1.6236867904663086,0.2409471869468689,-1.6461008787155151,-2.503211498260498,3.2873384952545166,-1.0750089883804321,-2.327404022216797
c0b2be5e2,-5.927811622619629,3.447892427444458,-4.376955986022949,6.0126447677612305,-3.573934316635132,-4.671934127807617,-4.702721118927002,-3.2424943447113037,-6.2068023681640625,-3.0042521953582764,-3.1133522987365723,-4.844134330749512,-4.749154090881348,-0.5009053349494934,-4.306321620941162,-1.4949297904968262,5.295187950134277,-4.338983058929443,-5.460594177246094,-5.479025840759277,-3.793132781982422,-2.0692667961120605,-2.7462878227233887,-3.188225030899048
c0f0f95f2,-3.484593152999878,3.730626344680786,0.023408710956573486,4.971144676208496,-1.9641741514205933,1.0990105867385864,-3.0101516246795654,2.694411277770996,-5.456459045410156,-0.05647362768650055,-1.4783005714416504,-2.439389944076538,-2.2374494075775146,-2.602208137512207,1.2677675485610962,3.4295597076416016,-2.2853968143463135,-2.7793142795562744,-1.4874746799468994,-2.4174675941467285,-0.9233685731887817,-0.6157493591308594,-1.1288915872573853,0.8694640398025513
c114c6f1f,-5.3835954666137695,3.1323394775390625,-6.731056213378906,4.833202362060547,-0.46561938524246216,-3.923377275466919,-6.768671035766602,-1.3248652219772339,-4.911195278167725,-2.73600697517395,-4.26021146774292,-3.726763963699341,-4.58044958114624,-2.4253921508789062,5.701335906982422,1.2625324726104736,-2.7585337162017822,-5.7903151512146,-0.0405275821685791,-5.881224155426025,-6.457435131072998,1.4455785751342773,-0.5055017471313477,-2.039553642272949
c15c9101d,-7.159615516662598,-1.6725224256515503,-5.511147975921631,2.5780718326568604,-7.022505760192871,-4.764424800872803,0.3877968490123749,5.17439603805542,-5.912261486053467,-1.3028573989868164,-2.1995065212249756,4.138031959533691,-5.178897857666016,-4.203702926635742,-4.338037967681885,3.3873467445373535,3.0025527477264404,-0.3021215498447418,-6.038559913635254,0.47842660546302795,0.17316634953022003,-6.276980400085449,-2.060811758041382,-4.183126449584961
c16cfd55c,-1.701324701309204,-2.8362984657287598,-0.9414365291595459,1.4172182083129883,-3.2470524311065674,-2.2122747898101807,-4.284681797027588,-2.751044750213623,-1.718148946762085,-2.77317214012146,-1.5213525295257568,-3.558579921722412,0.14367473125457764,-3.694028854370117,-3.3656251430511475,-3.2862443923950195,-1.5732731819152832,-5.099122047424316,3.095066785812378,-2.064314603805542,-1.4805744886398315,-3.5233216285705566,-2.7744245529174805,-0.6587706804275513
c1a03fbc9,-7.107494831085205,-1.438761591911316,-7.800885200500488,5.863956928253174,-6.0754876136779785,-4.383824348449707,-2.110546350479126,6.453751087188721,-7.321386337280273,-3.6650595664978027,-1.4579260349273682,4.859877109527588,-6.3801350593566895,-6.346451759338379,0.7008978724479675,2.494147539138794,-2.7048792839050293,-4.8506388664245605,-4.4136505126953125,-3.41721773147583,-2.4749209880828857,-5.1383056640625,-1.6647926568984985,-2.4955835342407227
c1aeaf076,-5.161449909210205,-0.9970200061798096,-2.369147539138794,0.8384150862693787,-5.120183944702148,-3.2990646362304688,1.1152487993240356,4.343318939208984,-5.416987419128418,-0.5691132545471191,0.7838244438171387,2.916100025177002,-4.125105381011963,-4.282654285430908,-3.918238401412964,0.32291486859321594,1.9998124837875366,-0.9912070035934448,-4.467650890350342,1.4834388494491577,1.7463239431381226,-5.815186977386475,-1.1828702688217163,2.6056337356567383
c1b64556b,-3.2625555992126465,-0.2895908057689667,-1.3021528720855713,3.088141679763794,-2.4703657627105713,-1.336097002029419,1.4794447422027588,2.2788476943969727,-4.256062984466553,0.744753897190094,1.8542146682739258,1.1167402267456055,-1.842712640762329,-4.491331577301025,-0.37525615096092224,3.1055033206939697,-1.0747740268707275,-0.06592492759227753,-2.009676456451416,0.21087764203548431,1.8291312456130981,-4.148255825042725,-0.5356209874153137,3.753960609436035
c1de5e21b,-2.9894373416900635,-0.5762343406677246,5.362661838531494,3.69504976272583,-1.5091694593429565,1.2412605285644531,-2.2808151245117188,-0.4681363105773926,-2.208974599838257,-0.5004434585571289,-1.5328948497772217,-0.8939113616943359,3.099497079849243,-0.6905316114425659,-1.8396224975585938,0.1303739696741104,-2.5699985027313232,-1.9620773792266846,1.3608770370483398,1.1541714668273926,1.349832534790039,-2.131561517715454,0.17094379663467407,-1.664475679397583
c1f7ab813,-0.7503910660743713,0.46587541699409485,-3.670266628265381,5.655090808868408,4.968557357788086,-2.1699445247650146,-5.770750045776367,-2.5633656978607178,1.689044713973999,-0.5397416353225708,-4.996071815490723,-4.125295639038086,5.863214015960693,1.6763094663619995,1.6302766799926758,-2.5203354358673096,-3.442960739135742,-4.907736778259277,5.83842134475708,-4.02160120010376,-4.99763298034668,4.840240478515625,-2.707796573638916,-1.364068865776062
c21502d65,-2.95166277885437,1.23832368850708,-3.435687303543091,3.4998931884765625,-1.2656244039535522,-2.710461139678955,-0.4915071725845337,-0.5733671188354492,-3.001199722290039,2.998124122619629,-1.2547649145126343,0.7252100706100464,-0.3496360182762146,2.713676929473877,-2.087247371673584,0.09817689657211304,3.4272689819335938,3.4486310482025146,-0.5018856525421143,-0.7453816533088684,0.6380683183670044,-2.0454466342926025,-3.131164073944092,-1.364898920059204
c244af819,1.8655918836593628,2.588787317276001,0.5768856406211853,3.2632932662963867,-1.0043126344680786,-0.7231815457344055,-0.15058761835098267,0.44713976979255676,-2.860496997833252,0.9155340194702148,0.5830967426300049,-0.6000224351882935,-0.8418048620223999,-0.9804964661598206,-0.2711583971977234,1.0914433002471924,-1.3690574169158936,-1.8296568393707275,1.5711097717285156,-0.935015082359314,-0.5830585360527039,-1.792478084564209,-0.238437682390213,1.183534026145935
c25373670,5.43841552734375,-3.472835063934326,-5.512648582458496,4.206725120544434,-2.1767940521240234,-4.640709400177002,-7.293619632720947,-3.4713361263275146,1.8351166248321533,-4.377914905548096,-1.5934988260269165,-7.463395118713379,4.734897613525391,-3.92769455909729,-4.239483833312988,-3.921936511993408,-8.719256401062012,-9.95706558227539,7.392316818237305,-6.865279197692871,-8.410314559936523,-2.5908164978027344,-2.8574187755584717,1.2058770656585693
c25ec8752,7.504023551940918,-4.1388115882873535,-2.331141948699951,2.33310604095459,-5.360339164733887,-4.2796454429626465,-4.674554824829102,-1.6070839166641235,0.4779895842075348,-4.812655925750732,1.8270442485809326,-5.345602989196777,-0.07337047159671783,-5.318995475769043,-4.580633640289307,-2.5049214363098145,-7.154690265655518,-8.698768615722656,6.565459251403809,-3.9276065826416016,-5.779932498931885,-6.230139255523682,-2.8483967781066895,0.7892822623252869
c264170c1,-3.875281572341919,-1.3647533655166626,-2.3730216026306152,-0.03966246545314789,-4.130553245544434,-3.1965043544769287,0.5165409445762634,4.29125452041626,-4.176692485809326,-1.3097083568572998,0.043209269642829895,4.193477153778076,-3.7492361068725586,-4.447561740875244,-2.962493896484375,0.22101178765296936,0.6359623074531555,-0.9878860712051392,-3.319594383239746,1.0500142574310303,1.3885822296142578,-4.09754753112793,-0.9629864692687988,-1.6480686664581299
c2c6dec09,-2.4953103065490723,-3.487611770629883,-4.420600891113281,5.173645973205566,-1.6208230257034302,-2.331174373626709,-7.680184841156006,-3.881345748901367,-0.9060717821121216,-5.025147914886475,-3.5631110668182373,-7.302367687225342,5.097970485687256,-2.5547549724578857,-2.586693286895752,-2.979414701461792,-7.601240158081055,-8.558456420898438,5.66233491897583,-6.08932638168335,-6.550704479217529,-1.6825907230377197,-2.265949010848999,-0.19547533988952637
c2fdedea4,-0.7660329937934875,-1.3981873989105225,-4.769252300262451,4.7190117835998535,-1.989683985710144,-1.6078916788101196,-5.446394920349121,-1.1759517192840576,-2.3425769805908203,-3.3021233081817627,-1.6572102308273315,-4.618963718414307,0.5747457146644592,-3.348834753036499,2.6817336082458496,-1.1320286989212036,-5.663744926452637,-6.50380802154541,3.7758352756500244,-4.899956226348877,-4.797708034515381,-1.382462739944458,-1.2648348808288574,0.12664833664894104
c324ce99e,0.41892164945602417,-1.5402554273605347,-0.24397012591362,1.5273306369781494,-1.5813953876495361,-0.36434680223464966,-1.884178876876831,-0.9703970551490784,-2.3851335048675537,-0.9671045541763306,-0.381208598613739,-2.166982650756836,1.3632906675338745,-2.6873292922973633,-0.5867487192153931,-1.238623023033142,-2.3961596488952637,-3.167875289916992,3.4729769229888916,-0.7856044769287109,-0.6916067004203796,-2.589900255203247,-1.9479265213012695,1.984908103942871
c367c3185,-1.0452699661254883,-4.696704387664795,-4.224843978881836,4.771781921386719,-2.279496908187866,-1.4616434574127197,-6.70181941986084,-4.112922668457031,-0.3489011526107788,-5.365954875946045,-2.428424119949341,-6.887571334838867,4.935965061187744,-3.391075849533081,-4.093152046203613,-3.0832743644714355,-7.357967853546143,-8.334132194519043,6.769701957702637,-5.012482643127441,-6.227776527404785,-3.90085506439209,-1.7619425058364868,2.9342257976531982
c37841722,0.1738244891166687,-0.14195547997951508,0.36839887499809265,2.334587574005127,-0.18696331977844238,0.40000927448272705,-2.5868449211120605,-0.9366645812988281,0.19512048363685608,-0.952926754951477,-0.523401141166687,-2.0981955528259277,2.4965362548828125,-0.9402189254760742,0.6222927570343018,-0.12564530968666077,-2.8990745544433594,-2.504725456237793,3.2928194999694824,-0.6297280788421631,-1.29441237449646,-1.0320916175842285,-0.40230119228363037,0.14822448790073395
c37c8f55a,-1.9112598896026611,1.6378812789916992,5.165736675262451,3.3739094734191895,-1.6585912704467773,3.3052878379821777,-1.9068106412887573,1.0777124166488647,-3.3433783054351807,0.8162886500358582,-1.0493675470352173,-1.3360087871551514,-0.259884238243103,-1.259093165397644,-2.0590081214904785,-0.7739041447639465,-0.0494006872177124,-1.0307660102844238,0.05338596552610397,1.5817110538482666,0.7615296244621277,-2.058391809463501,-1.8617697954177856,-0.8378618955612183
c3b011e36,-4.998211860656738,-2.5810842514038086,-1.88485586643219,2.8524365425109863,-2.1185216903686523,-0.8904813528060913,1.3331271409988403,1.1290977001190186,-4.106213092803955,-0.28184741735458374,0.8815662264823914,2.6077880859375,-1.0355476140975952,-4.224919319152832,-2.1205315589904785,-0.500062882900238,-2.2605364322662354,-0.4123724102973938,-1.2950360774993896,-0.9487326741218567,0.30235111713409424,-4.026642322540283,-0.845189094543457,3.635805606842041
c3bb31d1e,-2.1268727779388428,1.3232089281082153,1.018418788909912,0.0892355665564537,-0.6507652997970581,1.4928014278411865,-0.7283374071121216,1.9594626426696777,-3.1838326454162598,1.8257131576538086,-1.0965144634246826,-0.025686215609312057,-0.5944070816040039,-2.901589870452881,1.2858202457427979,0.8405067920684814,-1.8629382848739624,0.6619346141815186,-0.3388735353946686,0.23867715895175934,1.1521928310394287,-1.8141578435897827,-1.3591208457946777,2.454808235168457
c3c3c41a1,-1.0683099031448364,-1.4747205972671509,-1.3163201808929443,5.107350826263428,0.40577584505081177,0.9569624066352844,-4.435884475708008,-0.7633713483810425,3.2798638343811035,-2.9943628311157227,-1.6594287157058716,-3.687321424484253,5.651420593261719,-0.023790866136550903,-0.7508447170257568,0.02193671464920044,-5.062012672424316,-5.164214134216309,5.659572601318359,-2.4222631454467773,-3.1490132808685303,0.1285039186477661,0.5515155792236328,-0.4788897633552551
c3c8b10e7,-4.549281597137451,-1.9605718851089478,-0.9588730335235596,5.675825119018555,1.002076506614685,7.747715473175049,-5.664684295654297,-2.5730910301208496,-0.23308899998664856,-2.4389491081237793,-2.1323609352111816,-4.697653293609619,6.010610580444336,0.973667323589325,-2.4121193885803223,0.5635889768600464,-5.653312683105469,-5.027523994445801,5.654272079467773,-2.5251338481903076,-1.7154788970947266,-1.5048824548721313,0.47089052200317383,0.7065896987915039
c3ce9d92e,-6.749115467071533,-1.7319239377975464,-6.670378684997559,5.199741840362549,-4.51470422744751,-3.1046857833862305,-2.2161741256713867,4.822739601135254,-6.450997829437256,-2.899232864379883,-1.101475477218628,3.929044246673584,-5.618363857269287,-5.147581100463867,0.45297664403915405,0.9042922258377075,-3.26607084274292,-4.439366340637207,-3.182595729827881,-3.431600570678711,-1.7200648784637451,-3.465440034866333,-1.205090045928955,-0.9986998438835144
c3dd81602,-4.373999118804932,-0.6177788376808167,-5.939410209655762,4.59024715423584,-1.7603309154510498,-1.9600157737731934,-5.646546363830566,-0.41788989305496216,-5.756938934326172,-2.9406938552856445,-2.019225597381592,-2.8657665252685547,-4.274994850158691,-4.536172389984131,6.86409854888916,-0.7524376511573792,-6.301810264587402,-6.237491130828857,2.3080077171325684,-4.7762274742126465,-4.104102611541748,-1.1776212453842163,-0.6904199123382568,-0.9555665850639343
c40916152,1.7688144445419312,-0.9553850889205933,0.6706018447875977,1.6732977628707886,-2.1039910316467285,-0.5220751762390137,-1.8374717235565186,2.3299193382263184,-1.816728115081787,-1.0529427528381348,-0.9146378040313721,-1.2476177215576172,0.14036023616790771,-2.611687183380127,-0.9537369012832642,0.20764712989330292,-2.9881319999694824,-3.0520823001861572,3.2702250480651855,0.14856603741645813,-1.6169567108154297,-2.9196619987487793,-1.6789222955703735,-0.5087760090827942
c40947942,6.38404655456543,-5.677812099456787,-5.912610054016113,3.2917442321777344,-5.15626335144043,-5.649350166320801,-6.620085716247559,-2.0262300968170166,1.612973690032959,-6.187255859375,0.34986355900764465,-6.816502571105957,1.306632161140442,-5.485706806182861,-5.382484436035156,-3.7444920539855957,-7.328025817871094,-10.35500717163086,6.852552890777588,-5.9436235427856445,-7.802201271057129,-5.464303016662598,-2.627229690551758,1.366461992263794
c44adba11,-6.08419132232666,4.345973014831543,-4.784435749053955,6.100473403930664,-4.509785175323486,-5.280604362487793,-4.288608074188232,-2.8475794792175293,-7.115315914154053,-2.9107024669647217,-3.454718589782715,-4.298468589782715,-6.102530479431152,0.07198914885520935,-4.822834491729736,-0.8348250985145569,7.448641777038574,-3.4446969032287598,-6.731431007385254,-5.343540668487549,-3.4580674171447754,-3.351337194442749,-2.8126142024993896,-3.8791074752807617
c455c0379,-4.990068435668945,-1.3396258354187012,-2.4156134128570557,1.9827799797058105,-4.436765670776367,-1.851370096206665,0.5787602066993713,3.5444469451904297,-4.977407932281494,1.275352954864502,0.016661833971738815,2.836333990097046,-3.1798019409179688,-4.076091766357422,-1.0118579864501953,2.1049106121063232,-0.4688419699668884,0.8226357698440552,-3.701488971710205,0.7575671076774597,2.0331220626831055,-4.290325164794922,-1.1207181215286255,0.6418148279190063
c46674bf3,-1.229783535003662,-0.6120996475219727,-1.3368438482284546,4.486988067626953,0.7832052707672119,0.6187001466751099,-3.9781599044799805,-1.217492938041687,1.631819725036621,-1.6599295139312744,-1.2758941650390625,-3.489591121673584,5.008408546447754,0.3873212933540344,0.40664857625961304,-0.7614631056785583,-4.2909393310546875,-4.12127685546875,4.533914089202881,-2.3899240493774414,-2.4281280040740967,1.0589326620101929,-0.20883914828300476,0.18685698509216309
c4d09de97,-4.3649492263793945,-1.4752061367034912,-1.4939168691635132,-0.8465522527694702,-4.917919635772705,-2.02597975730896,0.8340170383453369,0.9227436780929565,-5.132580757141113,0.5881837606430054,-0.7735110521316528,1.1418882608413696,-3.7654483318328857,-3.984437942504883,-4.084202766418457,-0.35384923219680786,2.315744400024414,0.9137634634971619,-3.9255876541137695,-0.06739616394042969,1.557586431503296,-5.777688980102539,-2.9868741035461426,-0.8712895512580872
c4f0e1cbe,-0.8389206528663635,-1.040097713470459,-0.2992180585861206,2.1776225566864014,-1.8633066415786743,-0.1683875173330307,-3.4945931434631348,2.18634295463562,-2.4545555114746094,-1.4003007411956787,-1.4011720418930054,-2.2735419273376465,1.3438901901245117,-3.9354195594787598,2.4389984607696533,-2.1305036544799805,-3.9588780403137207,-3.5742430686950684,3.626408338546753,0.1864786446094513,-1.489611029624939,-1.250304937362671,-1.866327166557312,0.053452927619218826
c52e564a3,-3.276171922683716,-2.8300490379333496,-2.11425518989563,5.156488418579102,-1.2916162014007568,1.9211798906326294,-3.0419583320617676,-0.6728562116622925,-1.8754247426986694,-2.6861155033111572,0.9354060292243958,-1.1603612899780273,1.7855634689331055,-1.8217747211456299,-0.7787755131721497,0.40279948711395264,-4.586378574371338,-4.599687576293945,3.0437824726104736,-2.5828211307525635,-1.4924168586730957,-2.6571667194366455,0.5239853858947754,1.1735742092132568
c52ecc313,-7.022373199462891,-1.7269275188446045,-5.8026323318481445,2.878244400024414,-7.460707664489746,-5.934209823608398,-0.9820278286933899,5.405668258666992,-6.5793137550354,-2.5102410316467285,-1.4243091344833374,4.038177013397217,-6.904962062835693,-4.3176188468933105,-6.1299333572387695,0.9602823853492737,4.432645797729492,-1.811110496520996,-7.370698928833008,-0.6923632621765137,-0.07753853499889374,-7.278179168701172,-2.490980863571167,-3.8929755687713623
c534cb325,-3.324496269226074,0.2835105359554291,-0.9702195525169373,0.20781508088111877,-3.4054629802703857,-2.932795763015747,-1.7438762187957764,-1.8818732500076294,-4.284985542297363,-0.79173743724823,-1.8914448022842407,-1.5405166149139404,-2.9353904724121094,-2.7813124656677246,-3.666203737258911,-2.979560613632202,3.1792795658111572,-1.5399484634399414,-1.7469090223312378,-1.3038697242736816,0.14733535051345825,-3.5865347385406494,-3.5554802417755127,-1.9333244562149048
c57925f40,-0.5230242013931274,-1.9002326726913452,-4.412503242492676,6.492899417877197,3.1666910648345947,-0.24025942385196686,-7.068442344665527,-3.200746536254883,5.427943706512451,-2.7866992950439453,-3.8783833980560303,-5.206531047821045,7.683394432067871,2.095761775970459,-0.2897494435310364,-2.972569227218628,-5.676365852355957,-6.83580207824707,6.907202243804932,-5.2095112800598145,-5.769705295562744,3.769216299057007,-0.38606518507003784,-0.9926499724388123
c5a915372,-1.5196936130523682,-0.20454926788806915,-0.8330667614936829,2.337177276611328,-0.8443688154220581,-1.1670650243759155,-3.310894012451172,-0.14246338605880737,-2.8786771297454834,-0.23167076706886292,-0.7828115820884705,-2.044930934906006,-0.39141133427619934,-2.593338966369629,3.412091016769409,-1.6019768714904785,-1.9853861331939697,-2.2725491523742676,1.8616726398468018,-0.9797696471214294,-0.9495141506195068,-0.31402748823165894,-1.542020320892334,-0.8488287925720215
c5aecb0c6,-2.5500471591949463,-4.30263090133667,-4.953650951385498,5.614698886871338,-2.0956435203552246,-1.5202380418777466,-7.344888687133789,-3.5849339962005615,-0.9799327850341797,-5.028582572937012,-2.7701895236968994,-7.078172206878662,5.164923667907715,-2.4985551834106445,-3.354668140411377,-1.9950472116470337,-7.139617443084717,-8.420804977416992,5.854384899139404,-5.879836559295654,-6.4274797439575195,-2.9665842056274414,-1.7245296239852905,0.47261425852775574
c5c7b2c3e,-3.3293404579162598,-1.4668129682540894,1.5034544467926025,-0.8810000419616699,-3.666012763977051,-1.6802473068237305,1.1991863250732422,1.1087145805358887,-3.6728787422180176,0.975332498550415,0.4185890257358551,2.584372043609619,-2.064631700515747,-3.3052749633789062,-2.273738384246826,0.5108600854873657,-1.8400760889053345,0.6738259196281433,-2.4239883422851562,0.6193864345550537,2.530214786529541,-4.638672351837158,-1.269054889678955,-1.0441902875900269
c5cff3f95,-3.7940549850463867,2.8634746074676514,2.183712959289551,5.029094696044922,-1.3575787544250488,-0.7599804401397705,-5.677727222442627,-0.7721342444419861,-4.6719207763671875,-1.294999122619629,-2.9709324836730957,-4.617529392242432,-1.3523592948913574,-2.1915502548217773,-1.407419204711914,-1.511113166809082,-2.49670672416687,-4.558005332946777,-0.9920434951782227,-2.9275527000427246,-2.0098717212677,1.30326247215271,-2.9401962757110596,-2.9617316722869873
c5dd94c2b,-1.9689210653305054,2.2440478801727295,2.7138211727142334,3.216993570327759,-2.3314218521118164,-0.8613873720169067,-0.35211995244026184,0.3495790958404541,-3.7484993934631348,0.3586442470550537,0.02742929756641388,-0.29395559430122375,-2.243511438369751,-1.7797726392745972,-1.765794038772583,0.12907671928405762,-0.2970399856567383,-0.5685724020004272,-1.8585479259490967,-0.5907325744628906,0.371872216463089,-2.0909218788146973,-0.5661554336547852,-1.0293388366699219
c5fb4b34a,-0.5724928975105286,0.039624303579330444,0.21845212578773499,1.5231963396072388,-0.9118541479110718,1.037610650062561,-1.357522964477539,-0.01367582194507122,-2.1658830642700195,0.6744303107261658,-0.03457382321357727,-0.9557541012763977,1.0072895288467407,-1.6399381160736084,1.217402458190918,0.35991257429122925,-1.9870750904083252,0.07927631586790085,2.120033025741577,-0.44118520617485046,0.13245919346809387,-1.7891180515289307,-0.8559739589691162,-0.29520243406295776
c626ded1a,-3.4029905796051025,-0.7247699499130249,3.3366360664367676,2.067344903945923,-3.0390548706054688,0.13908684253692627,-1.9858386516571045,1.8064650297164917,-3.8248960971832275,-0.47830337285995483,-0.6181617379188538,-0.6566041707992554,-0.3738776445388794,-2.698148250579834,-2.7081265449523926,-0.19761759042739868,-1.5959162712097168,-1.6426671743392944,-0.5486328601837158,0.4509773254394531,0.8539322018623352,-3.243244171142578,-1.6852349042892456,-1.2355327606201172
c689b8e14,-1.2792832851409912,-2.841303825378418,-4.530206680297852,6.29887056350708,2.0568103790283203,-0.4262202978134155,-7.341798782348633,-3.934519052505493,5.638474941253662,-3.7280869483947754,-3.392826795578003,-5.680210590362549,7.621549129486084,2.052304744720459,-1.2028719186782837,-2.3127927780151367,-6.170291900634766,-7.544392108917236,7.126504421234131,-5.40094518661499,-5.792001247406006,2.769566535949707,0.4192584753036499,-0.5885029435157776
c68ed5008,-2.6650543212890625,2.767127752304077,3.878434658050537,4.585662841796875,-2.0810673236846924,0.5832492113113403,-3.740306854248047,0.6409220695495605,-3.842276096343994,-0.64850252866745,-3.1138529777526855,-2.7549681663513184,-0.6708029508590698,-1.6613798141479492,-2.296414375305176,-1.3256433010101318,-0.055189765989780426,-2.7999789714813232,-0.9912616014480591,-0.038088902831077576,-0.4140472412109375,0.6863725185394287,-2.7477736473083496,-3.12541127204895
c69c0e1fa,2.1289663314819336,-3.3184401988983154,-0.660659909248352,-0.4098941385746002,-3.463649272918701,-2.8271751403808594,-4.401862144470215,-2.308152198791504,-1.9501458406448364,-3.173851251602173,-0.9674046039581299,-4.150213718414307,0.7665690779685974,-4.450662612915039,-2.8768486976623535,-2.1343116760253906,-4.1071085929870605,-5.924036502838135,4.752511024475098,-1.9316062927246094,-2.847473382949829,-4.448064804077148,-2.798689126968384,-0.19176658987998962
c6da9a55c,-4.874456405639648,2.0300891399383545,-4.441073417663574,4.736971855163574,-2.765869617462158,-3.5899767875671387,-3.680858612060547,-2.575235605239868,-4.815239906311035,-2.45965576171875,-2.6158244609832764,-3.5608253479003906,-2.777769088745117,-0.6010600328445435,-3.165585517883301,-0.35249584913253784,3.6145095825195312,-3.231282949447632,-3.2040371894836426,-4.455557823181152,-2.8024096488952637,-1.8201631307601929,-1.9721101522445679,-2.555206537246704
c6ddbb5eb,-3.5001096725463867,-4.337248802185059,-4.681114673614502,5.665416717529297,-1.043210506439209,-0.11872082948684692,-8.183030128479004,-5.904085636138916,0.41126108169555664,-6.273210525512695,-3.849064350128174,-7.623788356781006,6.5437517166137695,-0.3882737159729004,-4.500463962554932,-3.435234785079956,-7.683381080627441,-9.25523567199707,6.251571178436279,-5.632788181304932,-6.5150346755981445,-1.9628324508666992,-0.37343645095825195,0.15692079067230225
c6e5b021b,-3.398536443710327,-0.7001771926879883,0.1611270159482956,2.1081833839416504,-2.693192720413208,0.5853954553604126,1.1355054378509521,1.4003782272338867,-3.7186923027038574,1.90115225315094,0.09362854808568954,1.4831290245056152,-1.948373556137085,-3.0236287117004395,-1.6507289409637451,1.631581425666809,0.1955033540725708,2.5125651359558105,-1.8711094856262207,-0.054133154451847076,1.738666296005249,-3.506049156188965,-2.3997154235839844,-0.6856499910354614
c6f6bfd9a,5.792972087860107,-4.239068031311035,-5.768780708312988,4.40357780456543,-2.865971565246582,-5.1800384521484375,-7.307995796203613,-3.0352330207824707,2.2903218269348145,-5.586162567138672,-1.5999590158462524,-7.450969219207764,4.508779048919678,-4.19515323638916,-4.712873458862305,-4.073840141296387,-8.825173377990723,-10.309364318847656,7.6130290031433105,-6.995425224304199,-8.717647552490234,-3.1531355381011963,-2.7861623764038086,0.9251430034637451
c7137a61b,-2.338291645050049,-1.091062068939209,-0.6360793113708496,-0.4957505464553833,-3.4858145713806152,-1.3971362113952637,0.14327338337898254,2.215698003768921,-3.626781940460205,0.2803575098514557,-0.04572635143995285,0.4311176836490631,-2.529017925262451,-3.670081615447998,-1.0168077945709229,1.355764627456665,0.16913659870624542,-0.48457735776901245,-2.114856243133545,0.0978286862373352,1.1418187618255615,-3.4726619720458984,-2.0251152515411377,-0.441739022731781
c74013905,-3.8748908042907715,2.7196133136749268,5.6846604347229,5.3554840087890625,-2.954047918319702,-0.21253298223018646,-4.212651252746582,-0.6475923657417297,-5.108132362365723,-0.7883726358413696,-1.5980784893035889,-3.5817477703094482,-1.949461817741394,-3.141303062438965,-2.9603776931762695,-0.9919743537902832,-2.5385327339172363,-3.6474528312683105,-2.257469654083252,-1.2854140996932983,-0.8742159605026245,-1.2778807878494263,-1.431347370147705,-1.796151041984558
c76e71637,7.1273040771484375,-3.4052464962005615,-0.3814193606376648,2.0384838581085205,-4.858891010284424,-3.0518035888671875,-3.740600109100342,-0.8008464574813843,0.8289746046066284,-3.2993788719177246,1.7296316623687744,-3.8015713691711426,-0.7003763914108276,-5.24824333190918,-2.6335606575012207,-2.3175182342529297,-5.295414924621582,-5.121119976043701,6.154729843139648,-2.261021375656128,-3.675654888153076,-4.7666826248168945,-2.635910987854004,0.042540669441223145
c809e32ee,-3.6129517555236816,-0.4607508182525635,-0.6571300029754639,1.000237226486206,-3.2574429512023926,-1.5311095714569092,1.6453964710235596,0.11529609560966492,-4.490556716918945,1.4218848943710327,0.028547074645757675,1.3886771202087402,-2.7964048385620117,-3.61301326751709,-1.1780043840408325,0.4127793312072754,0.8465810418128967,1.094847559928894,-2.524280548095703,-0.9335004687309265,1.0339581966400146,-3.7061519622802734,-2.4713387489318848,-0.7989362478256226
c816f8c4a,-2.140270233154297,2.303773880004883,-2.045008897781372,2.7824530601501465,-1.4677178859710693,-2.291818618774414,-1.1124441623687744,1.7486358880996704,-3.609915018081665,0.11292970180511475,-0.570342481136322,1.9296772480010986,-2.1208157539367676,-2.043243885040283,2.3386597633361816,-0.17182087898254395,-1.154052495956421,-0.9707212448120117,-0.869356632232666,-1.6952452659606934,-1.073968529701233,-0.7376535534858704,-0.7409365773200989,-0.8783500790596008
c81fbf688,-4.087634086608887,-1.0659761428833008,-2.0354177951812744,0.4281427264213562,-4.663028717041016,-2.1608176231384277,1.3397172689437866,3.0740818977355957,-4.475261688232422,0.0005484744906425476,-0.7646222114562988,1.4893124103546143,-3.047760248184204,-3.574733257293701,-2.3165202140808105,3.423532009124756,2.5329322814941406,0.12712861597537994,-3.4298524856567383,0.766215443611145,1.4962143898010254,-4.82658576965332,-1.2247724533081055,-0.7453722953796387
c84571e6b,-3.7844486236572266,-2.6189799308776855,-2.3103957176208496,4.745815277099609,-1.0879380702972412,0.39193493127822876,-5.745972633361816,-4.241512775421143,-0.06899610906839371,-2.1385438442230225,-2.8820443153381348,-5.357637405395508,5.1526336669921875,-0.03419443964958191,-3.964829444885254,-1.3737354278564453,-5.610330581665039,-4.796489238739014,5.049083232879639,-3.613943576812744,-4.222719192504883,-2.364372491836548,0.20645646750926971,0.31982341408729553
c84674265,-4.750478744506836,-2.440725326538086,-0.5863957405090332,3.977550745010376,-0.3612842261791229,0.17065639793872833,-1.5779781341552734,-1.7178800106048584,-3.4539332389831543,-0.44046899676322937,-0.3246225118637085,-2.6218621730804443,0.7365142703056335,-4.0160675048828125,-2.382162570953369,-2.735116481781006,-2.8844528198242188,-0.8774861693382263,0.39918941259384155,-1.1605490446090698,0.3030768036842346,-2.962785482406616,-2.1285321712493896,3.765444755554199
c87e6c093,-6.7172441482543945,-1.9320076704025269,-5.08013391494751,1.4849110841751099,-6.642882823944092,-5.211574077606201,0.9828641414642334,5.230387210845947,-6.199466228485107,-1.446542501449585,-1.3514066934585571,5.467770099639893,-5.601644515991211,-5.929451942443848,-2.138676881790161,1.7437512874603271,-0.5524908900260925,-1.0549898147583008,-5.580356121063232,-0.47225892543792725,-0.6028438806533813,-6.504118919372559,-1.251213550567627,-3.128255844116211
c8940032b,-0.41722384095191956,-2.7832658290863037,-5.059365749359131,5.643312931060791,0.5760831832885742,-1.6354975700378418,-7.459524631500244,-3.96372127532959,2.2852137088775635,-4.388910293579102,-3.5192337036132812,-6.739885330200195,5.927497863769531,-0.35941988229751587,-2.5223846435546875,-3.245826244354248,-6.2004594802856445,-8.18267822265625,6.183375358581543,-5.216421127319336,-6.936246395111084,0.7647209167480469,0.29043954610824585,-0.21344058215618134
c8978bca8,0.09664970636367798,-4.905775547027588,-5.362261772155762,5.220568656921387,-2.4985663890838623,-2.8818273544311523,-8.606385231018066,-5.197411060333252,0.2596362829208374,-6.324466705322266,-3.11624813079834,-8.815951347351074,5.659794330596924,-2.5599887371063232,-5.4042768478393555,-3.9497487545013428,-8.340347290039062,-10.246099472045898,7.067695617675781,-6.710221290588379,-8.164155006408691,-3.1799488067626953,-2.2105517387390137,1.0225077867507935
c929cccf9,-5.1595988273620605,-0.344434529542923,-6.107791423797607,4.59779691696167,-0.5335443615913391,-2.5465314388275146,-7.35304594039917,-1.1560357809066772,-4.994227886199951,-3.6267714500427246,-3.3349838256835938,-4.22283935546875,-3.5163674354553223,-4.17548942565918,6.52946662902832,-2.3525426387786865,-6.667605400085449,-7.722609519958496,3.053422212600708,-5.51582145690918,-5.282500743865967,1.4806904792785645,-1.7029433250427246,-1.1213332414627075
c97e91c75,-2.2444708347320557,0.39727073907852173,1.8684289455413818,3.1647088527679443,0.8679447174072266,6.401308059692383,0.12904036045074463,0.05187959223985672,-2.2768921852111816,1.1496391296386719,0.24572408199310303,-0.024471700191497803,1.0910723209381104,-0.5052073001861572,-0.3189750909805298,1.5141819715499878,-1.5560362339019775,-0.03932837396860123,0.6070587038993835,-0.07162147760391235,1.806331992149353,-1.6695595979690552,-0.5638113617897034,1.181391954421997
c98dab184,-4.3978776931762695,-1.6675927639007568,-0.08084092289209366,-1.9262135028839111,-3.8531970977783203,-2.935695171356201,-3.652007579803467,-2.5100460052490234,-4.0111083984375,-1.6789339780807495,-2.548128843307495,-2.9626681804656982,-1.3017842769622803,-3.437079906463623,-3.726996421813965,-3.0870890617370605,0.14960014820098877,-3.82478666305542,-0.176394522190094,-1.4503419399261475,-0.4641890227794647,-4.1803789138793945,-4.271917343139648,-2.683415174484253
c9b48c082,-0.6696293354034424,-1.0055365562438965,-0.4157904386520386,2.776315689086914,-1.6343251466751099,1.5115703344345093,-2.9776203632354736,-1.0353540182113647,-1.8068921566009521,-1.6369221210479736,-0.2440822422504425,-2.939286231994629,2.089362382888794,-2.286480665206909,0.150185227394104,0.06770357489585876,-4.353415489196777,-3.6033291816711426,3.5571484565734863,-1.181159496307373,-1.3833160400390625,-2.475872755050659,-0.6960293650627136,0.33906784653663635
ca1195c23,-2.3395862579345703,-2.057697057723999,0.25003865361213684,-1.7715901136398315,-3.892197847366333,-2.1829373836517334,-2.0962135791778564,0.03246045857667923,-3.552460193634033,-0.7694063186645508,-1.2478067874908447,-1.1675511598587036,-1.6581779718399048,-3.7011241912841797,-2.848519802093506,-1.438509464263916,-0.9090327024459839,-2.18400502204895,-0.4980815649032593,0.11504089832305908,0.008617430925369263,-4.184204578399658,-3.159886360168457,-1.6581053733825684
ca1a97d48,-0.7354243993759155,-1.4318643808364868,-2.5002665519714355,5.353884220123291,0.628838300704956,-0.00509507954120636,-5.998512268066406,-2.8348405361175537,2.9686026573181152,-3.3785433769226074,-2.5309205055236816,-5.217226505279541,5.432061195373535,-0.3594433665275574,-0.3749667704105377,-2.1818134784698486,-4.45189905166626,-6.248006343841553,5.650944709777832,-3.5364177227020264,-4.693063735961914,1.0243167877197266,0.2981232702732086,-0.8271595239639282
ca2d9da76,-1.84796142578125,-1.8120732307434082,-0.9187126159667969,1.107231616973877,-1.4700918197631836,2.0092742443084717,-2.428828477859497,-0.1442270427942276,-2.2636804580688477,-0.34337007999420166,-0.545453667640686,-1.607729196548462,1.3121801614761353,-2.8013806343078613,1.380237340927124,-0.2093278169631958,-2.5593714714050293,-2.2051079273223877,3.3732259273529053,-0.5000072717666626,-0.15483498573303223,-2.281729221343994,-1.2031155824661255,-0.1526799201965332
ca3845296,-1.6621456146240234,-0.6021543145179749,-0.23366744816303253,1.1172834634780884,-1.0064475536346436,-2.2979860305786133,-3.6514241695404053,-1.1369714736938477,-2.6326489448547363,-0.1440201997756958,-2.0834248065948486,-2.2828896045684814,-0.03925279155373573,-3.277143955230713,1.323480248451233,-3.2344329357147217,-1.4930155277252197,-2.9366374015808105,3.0582802295684814,-0.5227144956588745,-0.7907213568687439,-0.39981013536453247,-3.5186104774475098,-1.4436099529266357
ca43c05a1,-3.3778295516967773,3.108206033706665,5.40163516998291,4.57594108581543,-2.45167875289917,0.9846162796020508,-2.475736141204834,3.856435537338257,-4.489170551300049,0.667239248752594,-2.0188608169555664,-1.723808765411377,-1.4569292068481445,-1.7396613359451294,-0.38509315252304077,0.9589791297912598,-1.9188343286514282,-2.0522799491882324,-1.4743483066558838,1.0801844596862793,-0.09468844532966614,-0.9607341885566711,2.1192355155944824,-1.7041279077529907
ca46b4b44,-2.5911242961883545,-0.04569411277770996,-1.235613226890564,0.49885129928588867,-1.9382919073104858,-1.237983226776123,-1.895052433013916,0.2075502574443817,-4.449550151824951,0.16705463826656342,-0.720722496509552,-1.0879876613616943,-2.982774496078491,-4.642557621002197,4.517444610595703,0.9004915952682495,-3.524278402328491,-1.6902797222137451,0.0648961067199707,-1.2196133136749268,-0.5154982209205627,-2.2097718715667725,-1.4282169342041016,-1.1582584381103516
ca489b9bc,2.0616421699523926,-0.5152336359024048,0.17443464696407318,-0.6156308650970459,-2.0238280296325684,-0.674589991569519,-1.3143274784088135,0.2815489172935486,-2.2694625854492188,-0.24593037366867065,0.43518006801605225,-0.7930965423583984,-0.5708041191101074,-2.995601177215576,1.0997421741485596,-0.6556065082550049,-1.7910833358764648,-1.6603329181671143,2.7496159076690674,-0.17418959736824036,-0.3833606243133545,-2.234212636947632,-0.9087947607040405,0.19029353559017181
ca812bded,-2.5784912109375,4.394629955291748,-4.085528373718262,5.421809196472168,-0.5443676710128784,-1.8383862972259521,-4.824649810791016,0.4011200964450836,-2.396744966506958,-1.990240216255188,-3.0745534896850586,-1.911012887954712,-2.9103801250457764,-1.7291951179504395,5.029855251312256,0.15643709897994995,-1.132201910018921,-4.662306308746338,-0.4867754280567169,-3.1312789916992188,-4.236873149871826,1.8315361738204956,5.565165996551514,-0.5240331888198853
cafaa9bb3,6.092348575592041,-5.319840431213379,-5.902764320373535,4.2032694816589355,-3.848883867263794,-5.546411514282227,-7.263669967651367,-2.2333433628082275,2.9223294258117676,-5.820289134979248,-0.7107622027397156,-7.022062301635742,2.3112287521362305,-4.601906776428223,-5.3699493408203125,-4.131732940673828,-7.250728130340576,-10.152741432189941,7.519904136657715,-6.23675537109375,-8.162796020507812,-4.090314865112305,-2.2029526233673096,0.4426203966140747
cb1086195,-3.893402576446533,4.750731468200684,-5.00244665145874,5.0383195877075195,-2.3493049144744873,-3.360046625137329,-4.130184173583984,1.0857869386672974,-5.543422698974609,-2.4246463775634766,-3.688728094100952,-1.688295841217041,-5.264022350311279,-1.9777412414550781,4.978549480438232,3.6208901405334473,-1.170915961265564,-5.322330474853516,-2.622823476791382,-4.443643569946289,-5.338868618011475,0.06018548458814621,-0.21680603921413422,-2.3882765769958496
cb377d593,-0.49694734811782837,0.21726684272289276,0.5878051519393921,3.7433292865753174,1.087368130683899,0.8327100276947021,-3.4076075553894043,-0.9609392285346985,2.034890651702881,-0.9974141716957092,-1.7722487449645996,-2.7857048511505127,3.3220582008361816,1.2219610214233398,1.557297945022583,0.6464712023735046,-3.451289653778076,-3.1517698764801025,3.6881937980651855,-0.7488993406295776,-2.0504727363586426,1.2148901224136353,-0.0819525271654129,-0.1935213953256607
cb581925b,-4.307304859161377,-0.16283927857875824,-4.0427937507629395,4.102909564971924,-0.7704106569290161,-2.0003273487091064,-5.174928188323975,-0.5792860388755798,-4.381772518157959,-2.513496160507202,-1.9746967554092407,-2.8835365772247314,-2.0920088291168213,-4.188386917114258,5.977665424346924,-2.009087324142456,-5.414773941040039,-5.243014335632324,1.7965526580810547,-3.6863656044006348,-2.866018533706665,0.4119200110435486,-0.9924757480621338,-0.18650320172309875
cc12c164e,0.6668692827224731,-4.8760223388671875,-5.892139434814453,4.872528553009033,-2.879784345626831,-3.2086970806121826,-8.13199234008789,-5.139978408813477,0.28586581349372864,-6.035185813903809,-2.835296154022217,-8.468982696533203,5.392622947692871,-3.1572530269622803,-4.822632312774658,-3.947896957397461,-7.800130367279053,-9.609822273254395,6.915200233459473,-6.7520551681518555,-8.019290924072266,-3.2530741691589355,-2.622311592102051,0.8585701584815979
cc43aafd5,-0.7095193862915039,0.30069291591644287,1.2836838960647583,1.1241294145584106,-2.5274791717529297,-0.21427033841609955,1.549038052558899,1.3064631223678589,-3.243868350982666,2.196714162826538,-0.0373338907957077,1.8436899185180664,-2.1184616088867188,-1.7116923332214355,-0.9845758676528931,0.8200538158416748,1.8650940656661987,1.568103313446045,0.6407611966133118,6.0934576988220215,1.7861552238464355,-3.3841729164123535,-1.9946540594100952,0.2560177445411682
cc6099493,-6.353964328765869,-2.5412683486938477,-5.72563362121582,3.7086122035980225,-6.697103977203369,-5.067361831665039,-1.063724160194397,6.204597473144531,-5.8122148513793945,-2.233959436416626,-1.00764799118042,5.865387439727783,-5.532467365264893,-4.315195560455322,-3.298884868621826,1.1771948337554932,0.6856675744056702,-1.0214804410934448,-5.549869060516357,-0.6774038076400757,-0.4730212390422821,-6.1919660568237305,-1.6882370710372925,-2.5925121307373047
cc6c652d8,0.05579131841659546,-1.8379000425338745,-4.66867733001709,5.992571830749512,2.662708282470703,-1.0332030057907104,-6.473413467407227,-3.3006322383880615,6.102327346801758,-2.709934711456299,-2.9758360385894775,-5.31345272064209,7.051532745361328,1.6337785720825195,0.4757099449634552,-3.0355260372161865,-5.258493423461914,-6.7079973220825195,6.660191535949707,-5.0450119972229,-5.466389179229736,4.106655120849609,-0.516756534576416,-0.929273247718811
cc705ea3e,-2.419093608856201,-4.191482067108154,-2.5898497104644775,5.095884799957275,-2.066439390182495,0.2810448408126831,-6.4376139640808105,-3.698647975921631,0.8329264521598816,-5.201972961425781,-2.6783604621887207,-5.831182956695557,5.646521091461182,-1.786802887916565,-2.737677574157715,-1.869810700416565,-6.639220237731934,-7.458759784698486,6.039559364318848,-3.1891167163848877,-4.8276286125183105,-2.5351979732513428,-0.6048524975776672,-0.724304735660553
cc8b02c4c,-3.413638114929199,-1.1925218105316162,0.3216620087623596,4.752579689025879,0.6275956630706787,4.753964424133301,-4.075962066650391,-1.6217255592346191,-1.483558177947998,-1.4482297897338867,-1.704598069190979,-2.9747345447540283,3.5864648818969727,-0.4300723671913147,-0.5068474411964417,0.618005633354187,-3.7254040241241455,-3.149130344390869,3.7860398292541504,-1.821799874305725,-1.4413505792617798,-0.19803407788276672,-0.5609707236289978,-0.39128631353378296
ccc266d64,-5.377026081085205,-0.35682401061058044,-2.7532966136932373,2.3459019660949707,-4.856161117553711,-3.9323863983154297,-0.23969651758670807,-0.08471839874982834,-5.304250240325928,-1.4039406776428223,-0.8382736444473267,0.8397382497787476,-4.277494430541992,-2.940932512283325,-4.881210803985596,-0.09083300828933716,2.7183685302734375,-1.12687087059021,-4.913535118103027,-0.7623772025108337,0.5974035859107971,-5.0380659103393555,-2.1164722442626953,-1.5824781656265259
ccd0913f9,0.6245831251144409,-2.5063400268554688,-0.9584803581237793,2.2002315521240234,-2.228695869445801,-1.7815392017364502,-4.339147567749023,-2.1739933490753174,-1.4673222303390503,-2.754581928253174,-0.6672619581222534,-4.365612030029297,1.3611036539077759,-3.24145770072937,-1.4439375400543213,-1.9017611742019653,-4.463615894317627,-5.441657066345215,5.3346686363220215,-2.1389784812927246,-2.9838004112243652,-2.746128797531128,-1.9574573040008545,1.1342947483062744
ccd7aea6c,-1.5703235864639282,-1.8631134033203125,-3.2511637210845947,5.392879486083984,-0.6578904390335083,-1.120849847793579,-7.1120924949646,-4.798647880554199,0.6919930577278137,-3.0188608169555664,-3.757998466491699,-6.703159809112549,6.343539237976074,0.21156135201454163,-3.967864751815796,-2.291037082672119,-6.471696853637695,-7.6315155029296875,5.980320930480957,-5.121915340423584,-6.477893829345703,-1.6725261211395264,-0.9175010323524475,-0.48173898458480835
ccd967378,-5.340057849884033,4.455510139465332,-4.48565673828125,5.834397792816162,-3.4236931800842285,-4.68312931060791,-4.377405643463135,-2.823505401611328,-6.653964519500732,-1.9193966388702393,-3.4460742473602295,-3.780282974243164,-4.635533809661865,2.1400163173675537,-3.7797694206237793,-0.12484870851039886,6.802359580993652,-2.2849619388580322,-5.2002434730529785,-3.8644511699676514,-3.2757890224456787,-2.6130998134613037,-3.20674991607666,-3.9959628582000732
cce834136,-5.343261241912842,-5.077134132385254,-2.4150235652923584,5.545383453369141,-2.435413122177124,0.1528977006673813,-8.21501350402832,-6.078697681427002,-0.5374881029129028,-6.589217185974121,-3.66300630569458,-7.763765335083008,6.064996242523193,0.3694702982902527,-5.039244651794434,-2.711906671524048,-7.339743137359619,-8.997115135192871,5.762430191040039,-4.887791633605957,-6.163686752319336,-3.7567014694213867,-0.5496543645858765,-0.6170859336853027
cd0fc0526,-2.5224292278289795,-3.8295979499816895,-5.202050685882568,5.375522613525391,-2.276982069015503,-2.8930702209472656,-8.615992546081543,-4.743067741394043,-1.0627171993255615,-5.433108806610107,-3.9769368171691895,-8.218692779541016,5.7133870124816895,-2.8561785221099854,-3.7810769081115723,-3.425710678100586,-8.14379596710205,-9.758365631103516,6.2877326011657715,-6.943358421325684,-7.637975215911865,-2.3012819290161133,-2.6006295680999756,-0.27593129873275757
cd1ec0e93,-4.758123397827148,-0.10900663584470749,-2.973294258117676,3.822735071182251,-2.734283924102783,-1.3974180221557617,0.5015040040016174,0.77414870262146,-4.197809219360352,-0.44588199257850647,-0.605536699295044,0.0903814285993576,-2.416032314300537,-2.6643733978271484,-0.7751138210296631,2.61491322517395,0.9430650472640991,-0.22885340452194214,-2.5626511573791504,-1.3964077234268188,0.3134474456310272,-2.6245410442352295,-1.2408993244171143,0.10225421190261841
cd8264988,-1.3089985847473145,-1.3575868606567383,-0.19031059741973877,3.3419599533081055,-0.008942846208810806,5.820700645446777,-3.0701417922973633,0.19901102781295776,-0.06320059299468994,-1.2209075689315796,0.07913070917129517,-2.2334797382354736,2.322345018386841,-1.686577558517456,0.04029162973165512,0.0213003009557724,-4.377172470092773,-2.69077730178833,4.045084476470947,-0.8103044033050537,-0.4175342321395874,-2.5354342460632324,-0.8311153650283813,-0.15686973929405212
cda4b12ca,-3.8230948448181152,3.4312047958374023,-1.9974980354309082,5.227816581726074,-0.5037462711334229,-2.2914583683013916,-4.93187952041626,-1.0901198387145996,-3.7273411750793457,-1.4327880144119263,-3.397077798843384,-4.061092376708984,-2.327664613723755,-0.6582372188568115,0.9467507600784302,-0.2877427935600281,0.19408416748046875,-3.939199447631836,-1.3923060894012451,-4.137043476104736,-3.2150096893310547,2.440244197845459,-1.4942548274993896,-2.7154510021209717
ce0af7c92,0.3254426419734955,-0.2536185085773468,-0.518507182598114,4.414318561553955,2.4779388904571533,0.30464968085289,-3.9462084770202637,-1.450822353363037,3.8177952766418457,-0.9715365767478943,-2.5268564224243164,-3.199720859527588,5.416977882385254,1.4135472774505615,0.9831108450889587,-1.0394313335418701,-3.9346656799316406,-3.8851826190948486,5.316573143005371,-1.2006757259368896,-2.9894230365753174,2.6795754432678223,-0.5391831994056702,-0.6163966655731201
ce5ce56ec,-5.417900085449219,-1.2908622026443481,-2.5035529136657715,3.629601240158081,-5.580966472625732,-1.946468710899353,1.079386591911316,4.674924373626709,-5.594298839569092,-0.85267174243927,-0.18006810545921326,1.8151146173477173,-4.645965099334717,-4.755847930908203,-2.1920998096466064,2.4549803733825684,-0.38961485028266907,-1.642301082611084,-4.171918869018555,0.7646030187606812,1.0875736474990845,-4.625199794769287,-1.3742821216583252,-1.8147506713867188
ce7de2229,-3.072277545928955,-0.9107421636581421,-3.4488463401794434,1.7285304069519043,-3.3862078189849854,-3.1610329151153564,1.324582815170288,4.7644944190979,-4.81561279296875,-0.13305999338626862,-0.17670929431915283,4.770684242248535,-1.4749733209609985,-5.114141941070557,-0.4436039328575134,3.0069217681884766,-1.2130382061004639,-0.6625708937644958,-1.6541988849639893,-0.30910250544548035,-0.6521580815315247,-5.485898971557617,0.06441965699195862,4.084527015686035
ce96f8da0,-4.771491050720215,-0.7469847798347473,-3.1262905597686768,2.333843946456909,-5.352993011474609,-2.695195436477661,1.394995093345642,4.130762100219727,-5.357498645782471,1.9760687351226807,-0.8314393162727356,2.793537139892578,-3.348984718322754,-5.198774814605713,-1.2377631664276123,3.9826998710632324,-0.41186708211898804,3.7182769775390625,-3.443939685821533,-0.4292908310890198,0.21937285363674164,-5.085491180419922,-2.191131591796875,-2.4513721466064453
cf226fb2c,-2.1110877990722656,-0.8039251565933228,-1.846075415611267,2.849313259124756,-3.236267566680908,-1.246004343032837,0.7406398057937622,1.780648112297058,-3.825918197631836,0.19046804308891296,1.639253854751587,2.4298017024993896,-2.2122881412506104,-3.6022298336029053,-1.142655372619629,0.6959317922592163,-1.2136421203613281,0.16328264772891998,-1.2490882873535156,-1.1089380979537964,1.0099122524261475,-3.306820869445801,-1.3109853267669678,0.8775805234909058
cf5049859,-5.790746212005615,-0.3348855972290039,-6.100001811981201,4.161197662353516,-0.4535166621208191,-2.980973720550537,-7.203359127044678,-1.4841554164886475,-5.228628158569336,-4.121994495391846,-3.162623643875122,-3.591527223587036,-4.578949928283691,-4.561147689819336,7.839773654937744,-0.8729885816574097,-6.993760585784912,-7.785481929779053,2.764559507369995,-5.207254886627197,-5.952911376953125,0.7782105207443237,-1.020863652229309,-1.134108543395996
cf9c6a69c,-3.6620450019836426,-3.1943166255950928,-2.7904164791107178,4.7091474533081055,-1.913273811340332,0.8233925700187683,-4.8163652420043945,-3.8828938007354736,-0.6020558476448059,-2.480588674545288,-2.3311715126037598,-4.681804656982422,5.06329345703125,0.8456968069076538,-4.670196056365967,-1.6537673473358154,-5.612408638000488,-4.366074085235596,4.678707599639893,-3.126403331756592,-3.277669906616211,-3.350379705429077,0.08503012359142303,0.7638062238693237
cfa0c7bc7,-3.3670506477355957,2.2971882820129395,-2.61716365814209,4.557436466217041,-2.5644378662109375,-2.4565377235412598,-0.7474827766418457,-0.4367004632949829,-3.676259756088257,-1.5642075538635254,-1.3991785049438477,-1.344839334487915,-1.8918209075927734,-0.7790951728820801,-0.7779114842414856,2.9481239318847656,3.248948335647583,-2.188709020614624,-2.3557121753692627,-2.5382039546966553,-1.3650946617126465,-1.3294470310211182,0.3782649636268616,-1.2161059379577637
cfc671af6,-5.162656307220459,-0.6602668166160583,-3.9952149391174316,2.0423121452331543,-4.779135704040527,-3.9769835472106934,1.7687664031982422,0.7646257877349854,-5.376619815826416,2.656233310699463,-0.34178540110588074,2.9331746101379395,-4.516519546508789,-3.495387315750122,-2.5856382846832275,0.4806095361709595,2.4453039169311523,3.7922303676605225,-4.604540824890137,-2.0844645500183105,1.035954236984253,-5.412359237670898,-1.9011783599853516,-0.9617029428482056
cfcaa0d30,-4.29326057434082,-2.4824154376983643,-1.954384446144104,5.106165885925293,-1.9768612384796143,1.8325107097625732,-4.5912370681762695,0.4158754050731659,-0.3919100761413574,-3.3753488063812256,-3.3827924728393555,-3.4642741680145264,5.617102146148682,-0.20227259397506714,-2.994396686553955,0.30803531408309937,-4.832451820373535,-5.3184003829956055,5.173976898193359,-2.3886115550994873,-2.6697442531585693,-2.8256583213806152,0.20714697241783142,-0.8805884718894958
cfd645571,-5.096914768218994,3.167722463607788,-4.94624137878418,5.623029708862305,-3.089841604232788,-4.334799766540527,-2.7882890701293945,-2.345224618911743,-5.173447132110596,-1.4196021556854248,-2.641090154647827,-2.614408254623413,-4.100275039672852,-0.5311651229858398,-3.870396137237549,-0.8593593239784241,6.2767767906188965,-1.5658586025238037,-4.712997913360596,-4.521636009216309,-2.274486541748047,-2.3598713874816895,-2.524505138397217,-2.142361640930176
cfe562fd4,-4.028737545013428,1.721059799194336,-3.482102870941162,3.849839925765991,-2.448019027709961,-2.5038421154022217,-2.119946241378784,-1.1941536664962769,-3.911377191543579,-1.543031930923462,-1.4656288623809814,-1.5151221752166748,-2.398601531982422,-0.857784628868103,-2.2623064517974854,0.17210057377815247,2.8485653400421143,-2.0714786052703857,-2.7071692943573,-2.351156711578369,-1.0965287685394287,-1.9169083833694458,-0.16054025292396545,-1.0398536920547485
d00545df6,-2.7175393104553223,0.5384097695350647,0.936465859413147,1.654504656791687,-1.885664701461792,-0.8953015208244324,-0.8296571969985962,0.12899328768253326,-3.5890893936157227,0.731658399105072,-0.6530883312225342,0.31529074907302856,-1.3122217655181885,-2.593493700027466,1.173609972000122,1.342341423034668,-1.4113662242889404,-0.3880137503147125,-0.5813517570495605,-1.0667617321014404,0.06433407217264175,-1.8499356508255005,-2.081134557723999,-1.8282890319824219
d02a98312,-2.252312660217285,-3.1429991722106934,-2.457115650177002,5.251689910888672,-0.1230713427066803,0.379114031791687,-6.109862327575684,-2.602031707763672,3.844554901123047,-4.5505523681640625,-2.6351609230041504,-5.010667324066162,6.0682830810546875,-0.021000653505325317,-1.8487796783447266,-1.855367660522461,-6.08424711227417,-6.682584285736084,5.937413215637207,-2.7200069427490234,-4.390937328338623,0.1644606590270996,0.18190255761146545,-0.8746291399002075
d06fb8029,-5.025726795196533,3.7396621704101562,-4.192012786865234,5.632688522338867,-2.8423476219177246,-2.388545274734497,-5.58607292175293,3.933793067932129,-6.148239612579346,-1.7773973941802979,-3.8365707397460938,-2.897143602371216,-5.9947686195373535,-2.7852017879486084,5.365227699279785,0.40278685092926025,-2.9337682723999023,-5.02728796005249,-2.8690145015716553,-3.291563034057617,-3.956305980682373,0.1823095977306366,-0.018204867839813232,-4.205760478973389
d07af8de1,6.325850009918213,-5.2908244132995605,-6.091794013977051,3.9829671382904053,-3.348215103149414,-5.398341178894043,-7.558160781860352,-3.214517831802368,2.874478340148926,-6.431105613708496,-0.7160875797271729,-7.71339225769043,3.240128755569458,-4.7742109298706055,-5.529345989227295,-5.169129848480225,-8.044001579284668,-11.048792839050293,7.993475437164307,-6.150979042053223,-8.953004837036133,-4.271661758422852,-2.8867785930633545,0.9362357258796692
d091c9fef,-3.8731915950775146,-1.7447946071624756,-1.355474591255188,1.6148169040679932,-3.929758310317993,-2.754808187484741,-0.13264378905296326,4.954785346984863,-4.3122711181640625,-1.3920235633850098,-0.20678269863128662,5.093064308166504,-3.294430732727051,-4.088234901428223,-2.5030364990234375,0.4083210229873657,-1.6918821334838867,-1.7114540338516235,-2.6731159687042236,-0.19459986686706543,0.4519713819026947,-4.787252426147461,-0.771100640296936,-1.525775671005249
d0f940838,-4.848505020141602,-1.5191941261291504,-3.1863796710968018,2.2851474285125732,-3.980060577392578,-1.714790940284729,1.2996413707733154,1.6976935863494873,-4.850013256072998,-0.08795920014381409,0.5900848507881165,2.3632633686065674,-3.1364705562591553,-4.091290473937988,-2.083862781524658,1.4639708995819092,-0.41075074672698975,0.10278867930173874,-3.282280206680298,-0.7607730031013489,1.3319004774093628,-4.605175971984863,-1.766300916671753,1.5833665132522583
d10f7c765,-4.955577373504639,-1.0847374200820923,-1.636293888092041,0.3810637593269348,-5.137567520141602,-1.9904658794403076,0.8770721554756165,5.243295669555664,-5.201526165008545,0.12394385784864426,-1.3195643424987793,3.8461480140686035,-3.581087350845337,-5.31843900680542,-0.8020790815353394,3.5590779781341553,-1.3665492534637451,0.34854909777641296,-3.7767281532287598,0.7059435248374939,-0.000193670392036438,-4.710345268249512,-1.5409413576126099,-1.7240644693374634
d124d2341,3.215268611907959,-3.183681011199951,-5.573408126831055,4.721640110015869,-1.8671391010284424,-3.256503105163574,-7.171515464782715,-4.033239841461182,1.2065887451171875,-4.708727836608887,-1.9585707187652588,-7.496026992797852,5.067746639251709,-2.6694700717926025,-3.9781689643859863,-3.2281134128570557,-7.162561416625977,-8.856255531311035,6.950986862182617,-6.23275089263916,-7.656445026397705,-1.9450678825378418,-2.614555835723877,1.4214003086090088
d13658522,5.140144348144531,-4.0476155281066895,-5.681522369384766,4.258766174316406,-2.486985921859741,-4.025228977203369,-7.116964817047119,-3.6293365955352783,1.632615327835083,-5.098477840423584,-1.5391483306884766,-7.4757819175720215,4.67253303527832,-3.6014161109924316,-4.928257465362549,-3.6082863807678223,-7.963274002075195,-9.565506935119629,7.395046234130859,-6.471709728240967,-7.968216896057129,-3.2336909770965576,-2.838303327560425,1.0939805507659912
d183c5139,-4.173465728759766,-1.3263823986053467,-1.1975843906402588,-1.8381470441818237,-4.3088297843933105,-2.6387882232666016,0.48615866899490356,4.8313164710998535,-4.575580596923828,-0.4225022494792938,-0.5730291604995728,4.779508113861084,-2.6272406578063965,-4.585438251495361,-2.2824454307556152,0.10399530082941055,-1.5017904043197632,-0.6062575578689575,-3.002476930618286,0.6937928795814514,0.8915520310401917,-5.049468040466309,-0.6043543815612793,1.7428410053253174
d18dfb229,-3.1893084049224854,-1.4528554677963257,-1.8122084140777588,4.758237361907959,-1.6423766613006592,2.2069246768951416,-2.3749823570251465,3.2229981422424316,-1.951511263847351,-1.1029564142227173,0.05936283990740776,0.672457218170166,1.6237437725067139,-1.6817995309829712,-0.2741842567920685,0.6520088911056519,-3.150047779083252,-2.674612045288086,2.940657615661621,-0.8672956228256226,-0.24275287985801697,-2.50186824798584,4.346286296844482,0.9369654655456543
d1c2afd66,-1.0677871704101562,-1.369638442993164,-1.2529139518737793,3.9767041206359863,-1.4785540103912354,-0.23302040994167328,-3.3202905654907227,-0.535912275314331,-1.6251349449157715,-1.5380018949508667,-1.148452639579773,-3.5798234939575195,2.5487115383148193,-2.579054355621338,0.23584505915641785,-0.6204087734222412,-3.9916200637817383,-3.038963794708252,3.542188882827759,-2.0803964138031006,-1.7856584787368774,-1.4564533233642578,-1.7251938581466675,0.3746883273124695
d1c862f14,-5.156916618347168,2.5681586265563965,-3.211975574493408,5.41555118560791,-3.436108112335205,-3.5546793937683105,-3.258575677871704,-1.3632653951644897,-5.391633987426758,-2.266411304473877,-1.983095645904541,-3.3781092166900635,-4.455530166625977,-0.9300405979156494,-3.7995810508728027,-0.7019789814949036,3.2730841636657715,-3.2584400177001953,-4.685990810394287,-4.174440383911133,-2.3261518478393555,-2.160984754562378,-1.8883873224258423,-2.3608975410461426
d1d0b5ae7,-2.860746383666992,-0.2192165106534958,-1.8400311470031738,1.874243974685669,-2.326935291290283,-0.7035011649131775,-1.1735632419586182,2.227278232574463,-4.0430006980896,0.00848039984703064,0.1327974498271942,1.3245700597763062,-2.6179490089416504,-3.621727466583252,4.618378162384033,1.3678951263427734,-3.4043567180633545,-1.6241031885147095,-0.6107819676399231,-0.7490932941436768,-0.36825069785118103,-2.5637969970703125,-0.7000839710235596,-1.5245471000671387
d208213b4,-1.6142041683197021,0.5208765864372253,3.1529433727264404,3.821150064468384,1.3902528285980225,-0.7328106164932251,-2.462343215942383,-1.7262957096099854,-1.6119675636291504,-0.40795496106147766,-3.685415744781494,-2.582296371459961,4.551457405090332,1.1766799688339233,-0.8319924473762512,-0.7442406415939331,-2.3213844299316406,-3.7531394958496094,4.563735008239746,0.18937182426452637,-2.17643141746521,0.5541567802429199,-1.289947271347046,-1.799267292022705
d25098fa5,-3.1851720809936523,1.9607117176055908,0.19078579545021057,4.3600687980651855,-1.3778622150421143,-0.3139845132827759,-3.4815945625305176,4.631194114685059,-3.7981696128845215,0.3445839583873749,-3.183018922805786,-1.1853337287902832,-1.6431810855865479,-2.5757088661193848,4.9926347732543945,1.3784055709838867,-2.9229419231414795,-1.74053955078125,-0.15918472409248352,-0.524860143661499,-1.2000688314437866,0.3738928437232971,-1.659047245979309,-4.271109104156494
d256f10a4,-2.522540330886841,2.770561933517456,5.85753059387207,5.0792999267578125,-2.544006586074829,0.06823673844337463,-2.8022544384002686,0.2430599480867386,-4.447795867919922,0.22130197286605835,-1.3144209384918213,-1.750079870223999,-1.8214160203933716,-2.6310274600982666,-0.8649317026138306,-0.16010074317455292,-1.8394131660461426,-1.5820536613464355,-1.7338478565216064,-0.7398121356964111,-0.24906837940216064,-1.0189566612243652,-0.5862486362457275,-2.1956233978271484
d265948a8,6.374005317687988,-4.751194477081299,-6.0909295082092285,3.9723916053771973,-2.9440324306488037,-5.985686302185059,-7.819849491119385,-3.0992543697357178,2.8268160820007324,-5.57825231552124,-1.1453356742858887,-7.664461612701416,3.3453786373138428,-4.454829216003418,-4.915262699127197,-4.902290344238281,-7.588687896728516,-10.562565803527832,7.659905910491943,-6.415403366088867,-8.761919975280762,-3.210360527038574,-2.956791400909424,0.41376903653144836
d26653e6e,-2.66998553276062,-1.7533283233642578,-4.250086307525635,5.924614429473877,4.324924945831299,-1.0214694738388062,-5.756856441497803,-3.4158105850219727,1.1733193397521973,-1.8966166973114014,-4.6729278564453125,-4.680724620819092,5.828854560852051,1.3923122882843018,-0.4184347987174988,-2.939668893814087,-4.399020195007324,-5.086058616638184,4.915417671203613,-4.798940181732178,-4.741641044616699,3.297677993774414,-1.1600404977798462,1.0460004806518555
d29135a0c,1.348832130432129,-2.258265972137451,-0.8404347896575928,3.281208038330078,-1.6785019636154175,1.8371931314468384,-4.369504451751709,0.13478422164916992,-0.07059359550476074,-2.878296375274658,-0.571742057800293,-3.488008975982666,2.7930874824523926,-1.7834092378616333,-0.36186665296554565,-0.2440124899148941,-5.18126106262207,-4.832088947296143,3.875169515609741,-1.2906579971313477,-1.9520537853240967,-2.479013442993164,-1.1608092784881592,-0.7723606824874878
d2c0491c7,6.005560874938965,-5.318178653717041,-5.572957515716553,4.097398281097412,-5.1591596603393555,-5.336263179779053,-5.708604335784912,-1.2880644798278809,2.02303409576416,-5.727047920227051,3.597022294998169,-5.400050163269043,1.2628111839294434,-4.815713405609131,-5.017177581787109,-3.059452533721924,-6.225707054138184,-9.377537727355957,7.158663272857666,-5.604041576385498,-6.518218040466309,-5.195252418518066,-2.1385889053344727,0.7355020642280579
d2d098927,-2.1353349685668945,-2.9508304595947266,-1.9621436595916748,4.482053756713867,-2.647397518157959,0.3228306174278259,-4.845508575439453,-2.29648494720459,-0.5942748785018921,-4.080179214477539,-1.4833292961120605,-4.251852512359619,4.215748310089111,-2.882977247238159,-0.9131914377212524,1.3305373191833496,-5.819920539855957,-6.25490665435791,5.27385139465332,-2.8126513957977295,-3.7820346355438232,-3.2833750247955322,-0.5133614540100098,-0.8959653377532959
d2e60c46a,6.854858875274658,-5.042413234710693,-5.958982467651367,4.771710395812988,-0.9363021850585938,-4.784727573394775,-7.801944255828857,-3.6812710762023926,5.391742706298828,-5.135639190673828,-1.0275150537490845,-7.4175519943237305,5.196751117706299,-1.990332007408142,-3.898123264312744,-4.6075758934021,-7.471033096313477,-10.001321792602539,8.47059440612793,-6.399067401885986,-8.46517276763916,-0.7367194890975952,-2.7647063732147217,0.33406245708465576
d2e8f7cff,0.09774357080459595,-4.1751484870910645,-2.000361442565918,1.8262052536010742,-3.0689945220947266,-2.320828914642334,-5.2543559074401855,-2.8511791229248047,-1.0626929998397827,-4.245983123779297,-1.142755150794983,-5.368557929992676,2.3925557136535645,-3.6308131217956543,-3.8238720893859863,-2.2883245944976807,-5.378168106079102,-6.584712028503418,5.412173271179199,-2.5780415534973145,-4.297325611114502,-4.351728916168213,-2.046938180923462,0.5614280700683594
d350e6681,-4.161505699157715,0.22347092628479004,-4.645188808441162,4.009950160980225,-0.913722813129425,-2.182270050048828,-5.737428188323975,-0.23621146380901337,-5.399168968200684,-2.4713644981384277,-2.2601301670074463,-3.073674440383911,-3.788945198059082,-4.096228122711182,6.092859268188477,-1.582396149635315,-5.760863304138184,-5.88849401473999,1.9446427822113037,-4.044259071350098,-4.0047383308410645,0.6663200259208679,-0.6338531970977783,-0.3979252874851227
d3577d12a,-4.740799427032471,1.4243979454040527,-2.987614154815674,4.238432884216309,-4.319188117980957,-2.204744577407837,-0.07926974445581436,0.9834622740745544,-5.0304436683654785,-1.0986413955688477,0.10120511054992676,0.7270098924636841,-4.492584705352783,-1.3649839162826538,-3.395033836364746,0.6887543797492981,3.827306032180786,-0.8376708030700684,-4.456745624542236,-1.720085620880127,-0.3369629979133606,-3.868802547454834,-1.6840157508850098,-1.5693104267120361
d3669f375,-2.052522659301758,1.64658522605896,-0.964184045791626,2.9621362686157227,-2.0759828090667725,-2.293557643890381,1.3636219501495361,-0.04221039637923241,-3.4905905723571777,1.1564812660217285,-0.8527734279632568,0.6165540814399719,-2.2244486808776855,-0.5287004113197327,-1.984724760055542,0.5428311228752136,4.449707508087158,1.5063673257827759,-1.5436607599258423,2.804149866104126,0.5137648582458496,-2.7344813346862793,-2.020737648010254,-0.37911930680274963
d38c33392,-0.6683487892150879,-0.1296158730983734,-0.3594719469547272,4.7923903465271,1.8739440441131592,0.6896190643310547,-3.551898717880249,-1.0505584478378296,4.002159118652344,-1.416330337524414,-2.3507399559020996,-2.4010698795318604,5.909247398376465,0.8761242628097534,0.9020883440971375,-0.7654961943626404,-3.3222904205322266,-3.9018607139587402,5.2821855545043945,-1.544127345085144,-2.665398359298706,1.9644107818603516,0.293017715215683,-0.8646166324615479
d3bcc137f,-6.3573503494262695,1.8097593784332275,-3.9686083793640137,3.9305999279022217,-3.6608731746673584,-4.9042558670043945,-3.234661102294922,-3.1902971267700195,-6.022491455078125,-2.3027729988098145,-3.2871949672698975,-3.3151021003723145,-4.811049461364746,-1.6114749908447266,-4.430150985717773,-2.2335081100463867,4.828012466430664,-2.5172290802001953,-4.694611549377441,-4.339041233062744,-2.030247211456299,-2.7877721786499023,-3.363349437713623,-2.6534619331359863
d3f5cde34,-5.404168605804443,-1.9603736400604248,-4.4180521965026855,2.9267196655273438,-5.07661247253418,-3.582406997680664,0.3326929807662964,5.249695777893066,-5.354922771453857,-2.0729801654815674,-0.136605903506279,5.061621189117432,-4.810880184173584,-5.30206298828125,-0.7021182179450989,2.1960909366607666,-2.2134041786193848,-2.234104633331299,-3.4747071266174316,-1.5265297889709473,-0.8771229982376099,-5.005882263183594,-0.5191134214401245,-0.916415810585022
d40aa48c6,0.5079718828201294,-2.6609416007995605,-4.403000831604004,4.926058769226074,-1.2604228258132935,-1.8774044513702393,-6.064230442047119,-3.434431791305542,-0.26952406764030457,-3.7728092670440674,-1.868762493133545,-6.5773773193359375,4.7638139724731445,-2.615002155303955,-2.365875720977783,-2.9143948554992676,-6.810959815979004,-7.459322929382324,5.840265274047852,-5.26627779006958,-6.4653191566467285,-1.5867040157318115,-1.755605697631836,0.9027644991874695
d428698b8,-2.845125675201416,-4.442168235778809,-3.8678598403930664,5.196443557739258,-3.2986273765563965,-1.8048853874206543,-7.3164849281311035,-3.464172124862671,-1.4274816513061523,-5.809660911560059,-2.4083380699157715,-6.978982448577881,4.795191287994385,-3.3381590843200684,-2.667328357696533,-2.2570180892944336,-7.075173377990723,-8.324567794799805,5.731240749359131,-5.394039630889893,-5.853667259216309,-3.697382926940918,-2.109755039215088,-0.11914215981960297
d429599c5,-3.7501392364501953,-5.107365131378174,-5.429586410522461,5.6204094886779785,-1.3477725982666016,-0.2023504227399826,-6.797832489013672,-5.388686656951904,-0.27267447113990784,-5.757142066955566,-2.86792254447937,-7.512167453765869,5.545886516571045,-2.043869972229004,-4.84797477722168,-4.083556175231934,-7.475959777832031,-7.901212692260742,4.879782676696777,-4.600621700286865,-5.917099475860596,-2.85935640335083,-0.3884546756744385,3.469620704650879
d48c4ec4b,-4.017266750335693,4.593410968780518,-4.573770046234131,5.379955291748047,-1.4822696447372437,-2.4748952388763428,-3.7560832500457764,1.0994499921798706,-4.652462482452393,-0.7154075503349304,-2.8435401916503906,-1.2085257768630981,-5.001503944396973,-1.4822642803192139,5.2261199951171875,2.3947408199310303,-0.9581848382949829,-4.179018974304199,-2.1637165546417236,-3.3692240715026855,-3.970766305923462,1.2022584676742554,3.5628719329833984,-1.163253903388977
d4c8e06c1,-1.381440281867981,-2.8652546405792236,-3.4418697357177734,4.933615207672119,-2.6055686473846436,-1.7550747394561768,-5.838025093078613,-2.667891502380371,-0.8301682472229004,-4.021635055541992,-2.0053014755249023,-5.912466049194336,4.037947177886963,-2.7478322982788086,-2.1631970405578613,-2.134800434112549,-5.410478591918945,-6.669162750244141,5.067230224609375,-4.6785759925842285,-5.307131290435791,-2.7224767208099365,-1.9742913246154785,-0.09837460517883301
d4d76a533,-4.476624011993408,-1.0692288875579834,-4.2890214920043945,3.7080609798431396,-0.6850265264511108,-2.6743736267089844,-8.23482894897461,-2.065706729888916,-3.63921856880188,-4.729459285736084,-3.4896912574768066,-5.497204303741455,-1.1168681383132935,-4.872374057769775,5.344445705413818,-4.792206764221191,-7.2511091232299805,-8.312554359436035,4.043368339538574,-4.274578094482422,-5.631467342376709,1.9014549255371094,-2.511465549468994,-1.2249634265899658
d4e7f72cc,-3.9150164127349854,2.399484634399414,-5.314103603363037,4.816840648651123,2.6806650161743164,-2.897078514099121,-6.956018447875977,-1.6678621768951416,-1.9836474657058716,-1.8579838275909424,-5.089046478271484,-3.750617504119873,-1.0770578384399414,-0.949470579624176,6.0480499267578125,-1.4321012496948242,-3.0762858390808105,-5.693934440612793,2.7885794639587402,-4.597339630126953,-6.08863639831543,4.140304088592529,-2.030707359313965,-2.3428187370300293
d4eaa6de3,-1.3933985233306885,0.8381659984588623,4.608095169067383,1.98762845993042,-0.8817846179008484,0.93703293800354,-1.6599595546722412,0.5400456786155701,-0.5798318982124329,-0.4057595133781433,-0.6985808610916138,0.728627622127533,1.2211133241653442,-1.172143578529358,-0.18849427998065948,-0.6126632690429688,-0.5752214193344116,-1.4932506084442139,1.401814341545105,0.3608958125114441,0.318756639957428,-0.5474475622177124,4.544993877410889,-0.2405473291873932
d4fcd3fc0,-2.3668465614318848,-0.12939849495887756,0.9252254366874695,1.3662813901901245,-2.487208366394043,0.16065573692321777,-1.7383480072021484,4.322265625,-3.015533924102783,0.28106388449668884,-1.4687786102294922,0.9939271211624146,-0.21484854817390442,-1.4824950695037842,-0.3803102374076843,1.285262107849121,-1.133669376373291,-0.8492472171783447,0.5235078930854797,1.4102463722229004,0.9440673589706421,-2.2232909202575684,-2.3186511993408203,-2.303744316101074
d52dbc326,-3.979121208190918,1.0743215084075928,-3.5761890411376953,4.023154258728027,-1.8379831314086914,-1.5051127672195435,-1.086677074432373,3.4650144577026367,-4.841674327850342,1.796167254447937,-0.8844144344329834,0.5561537742614746,-2.079866409301758,-3.127869129180908,-0.23306667804718018,0.8157013654708862,1.4806824922561646,1.1181206703186035,-2.33980393409729,-2.2862884998321533,0.7932358384132385,-2.317826986312866,-1.3250110149383545,4.046576976776123
d55616e48,-4.037711143493652,-0.5098622441291809,-2.8167386054992676,3.6253671646118164,-4.499230861663818,-1.7690593004226685,0.9911291003227234,4.881279945373535,-4.215066432952881,0.9973709583282471,5.473348140716553,1.8917803764343262,-3.958024263381958,-3.3770575523376465,-0.43828898668289185,2.5573134422302246,-0.5415756106376648,0.4446721076965332,-3.093778610229492,0.28141897916793823,2.270723819732666,-3.8037426471710205,-0.7900189161300659,-2.3641552925109863
d56fff1e7,-3.069213390350342,2.418728828430176,-3.6010279655456543,3.9153318405151367,-0.9626981616020203,-2.7910258769989014,-1.2739994525909424,-1.4559831619262695,-3.37351655960083,1.697871446609497,-1.2536574602127075,-0.5422906875610352,-1.013203740119934,3.5463812351226807,-1.9878392219543457,-0.1255072057247162,3.9732437133789062,1.2091403007507324,-1.0194213390350342,-2.307086706161499,-0.8190106153488159,-1.9190138578414917,-2.050084352493286,-1.0714879035949707
d570df0cc,-1.739829421043396,-3.1160295009613037,-0.7595393657684326,3.25921893119812,-2.265554428100586,0.10259866714477539,-4.480250358581543,-2.418440341949463,-0.8824532628059387,-3.458272933959961,-1.357844352722168,-4.444344997406006,2.9233949184417725,-2.5294291973114014,-0.8747008442878723,-2.102989912033081,-4.86517333984375,-5.071454048156738,4.114378929138184,-1.5194755792617798,-2.7284841537475586,-2.305234432220459,-1.4538941383361816,-0.6593269109725952
d5723dd04,-4.064426898956299,1.9810757637023926,-3.589069366455078,3.7359509468078613,-1.059097170829773,-2.2265992164611816,-3.642831563949585,2.973461866378784,-5.026414394378662,-0.12633782625198364,-2.9316890239715576,-1.5947132110595703,-3.7455921173095703,-2.763822078704834,6.368127346038818,2.5327682495117188,-3.321530342102051,-2.368208885192871,-0.2427280843257904,-2.7112293243408203,-2.8888933658599854,0.9536712169647217,-0.9000939130783081,-1.7418832778930664
d5850c5af,-6.190914154052734,0.8890547752380371,-4.199118614196777,3.5294349193573,-5.384342193603516,-4.063021659851074,0.5419607162475586,3.415544271469116,-6.091775417327881,-1.8392837047576904,-2.1891441345214844,1.6704046726226807,-4.506006717681885,-1.9074733257293701,-3.4744157791137695,3.156107187271118,4.355501174926758,-1.2652391195297241,-5.274814128875732,-0.09439697861671448,0.4574393332004547,-4.945734977722168,-1.8043062686920166,-2.880147933959961
d594a777d,-5.397456169128418,3.2652504444122314,-3.677783489227295,5.478444576263428,-1.7740914821624756,-1.9480106830596924,-5.24755859375,-1.5800180435180664,-5.094391345977783,-1.4296386241912842,-3.229130744934082,-4.004318714141846,-4.379385471343994,-0.9522126913070679,-0.5504792928695679,-0.6098297238349915,1.9907037019729614,-3.6064767837524414,-3.7299437522888184,-4.596839904785156,-3.243241786956787,0.837807297706604,-1.9015450477600098,-3.299241542816162
d5aa31604,-5.201009273529053,0.9931927919387817,-4.031993865966797,4.7328081130981445,-2.3780922889709473,-1.4447153806686401,-3.491163969039917,2.9760665893554688,-5.748918056488037,-1.015645146369934,-2.4096407890319824,-0.9997454285621643,-4.35403299331665,-3.609259843826294,5.127468109130859,1.8239319324493408,-3.9724831581115723,-3.1544532775878906,-1.0777891874313354,-2.8819947242736816,-2.307497501373291,-0.22429035604000092,-1.3419994115829468,-3.092125177383423
d5b103eff,-3.682957887649536,-3.1315999031066895,-1.392869472503662,5.569127559661865,0.8449411988258362,0.024242490530014038,-3.3761415481567383,-3.1507456302642822,-0.9437477588653564,-2.006666660308838,-2.1499266624450684,-3.9982690811157227,5.117007732391357,-2.1618499755859375,-2.389683961868286,-2.7491273880004883,-4.929196357727051,-3.220179319381714,4.231121063232422,-3.4709131717681885,-2.499861001968384,-1.231576919555664,-0.831483006477356,3.153066873550415
d5d3a2f58,-1.4637717008590698,-2.9692907333374023,-3.049872875213623,4.357579231262207,-2.5686888694763184,-1.285790205001831,-5.730752944946289,-2.605010509490967,-0.18485164642333984,-4.162181854248047,-2.0461697578430176,-5.605646133422852,4.449435234069824,-2.8462419509887695,-0.40656542778015137,-2.29431414604187,-6.245842933654785,-6.35144567489624,5.220610618591309,-3.9713053703308105,-4.659788131713867,-2.2057571411132812,-1.4669263362884521,-0.5822757482528687
d5e535614,-4.1155686378479,-2.482541799545288,-4.427196502685547,6.481265068054199,3.0228803157806396,6.420852184295654,-4.839607238769531,-3.767160415649414,0.3950737714767456,-2.0849485397338867,-1.9864948987960815,-4.514156341552734,6.060553073883057,0.6047273874282837,-2.18281888961792,-0.12513650953769684,-6.014062881469727,-4.456559658050537,5.614171028137207,-3.4819109439849854,-3.539320468902588,-0.22639749944210052,0.4326590895652771,4.413598537445068
d63b86e1f,-6.994765281677246,4.330684661865234,-5.1697611808776855,5.829690933227539,-5.388483047485352,-5.6146674156188965,-4.612189769744873,-2.686082363128662,-7.563401699066162,-3.6461596488952637,-3.5991129875183105,-4.535319805145264,-7.080021858215332,-0.6582198143005371,-5.355005264282227,-1.158374309539795,6.8001909255981445,-4.22485876083374,-7.745476722717285,-5.349534034729004,-3.6805076599121094,-4.196044921875,-3.057504177093506,-4.3295369148254395
d63dbd458,-4.940303325653076,1.1942213773727417,-5.567028522491455,4.816521644592285,-1.6819405555725098,-3.1859922409057617,-3.000760078430176,2.423419237136841,-5.984460353851318,-1.615354061126709,-2.57136607170105,-0.8198568224906921,-4.00402307510376,-4.536113739013672,6.770472049713135,3.4134421348571777,-4.655824661254883,-3.653534412384033,-0.5837328433990479,-3.999154567718506,-3.5408897399902344,-1.2082864046096802,-1.2219417095184326,-1.3183071613311768
d65996afa,-4.296633243560791,-4.024466037750244,-4.712954044342041,6.216408729553223,0.2746666669845581,0.6239060163497925,-5.761653900146484,-4.432419776916504,-1.1599311828613281,-4.910438537597656,-2.6451501846313477,-6.886079788208008,5.428153038024902,-2.080374002456665,-3.8054845333099365,-3.5988147258758545,-7.024561405181885,-7.101833343505859,5.072929859161377,-4.679132461547852,-5.122521877288818,-1.247671127319336,-0.5838841795921326,4.088447570800781
d674c2e46,-5.790622711181641,-0.5275326371192932,-3.805011749267578,2.7830159664154053,-5.720322608947754,-3.0311052799224854,1.2522366046905518,3.752082347869873,-5.816192150115967,-1.0683752298355103,-1.249019742012024,1.5793280601501465,-4.08510160446167,-5.126564025878906,-3.0415329933166504,3.6467556953430176,2.6510186195373535,-0.31929081678390503,-4.497832298278809,0.01869969069957733,0.555462658405304,-5.690499782562256,-1.858638048171997,-2.178985118865967
d67f3d10f,0.14301438629627228,-0.14109759032726288,0.2668994665145874,1.5643240213394165,-1.1603889465332031,1.191372036933899,-1.9052550792694092,2.359996795654297,-2.3777718544006348,-0.04608500003814697,-0.8171102404594421,-1.109083652496338,0.5378304123878479,-2.1307520866394043,0.5470702052116394,-0.08268803358078003,-2.3259353637695312,-1.8916370868682861,3.209977865219116,0.12749958038330078,-0.4623972177505493,-1.601235270500183,-1.5773266553878784,-0.37624797224998474
d6cd2c5d7,-2.528491973876953,-1.1994894742965698,-1.0510262250900269,2.9863219261169434,-1.6307804584503174,0.946771502494812,-0.9058473110198975,0.8562188744544983,-2.7576494216918945,-0.383352667093277,0.5107443332672119,0.8708808422088623,0.33890628814697266,-1.6756067276000977,-1.1329658031463623,0.38420209288597107,-2.1555562019348145,-1.113665223121643,0.8668742775917053,-0.8014971017837524,0.7028727531433105,-3.05021333694458,-0.3033168315887451,1.2716236114501953
d6f43c3c4,-7.301931381225586,-2.350958824157715,-4.126584053039551,1.2128088474273682,-7.221121788024902,-3.96913480758667,0.01841055601835251,4.721346855163574,-6.4340009689331055,-1.297727346420288,-1.5382530689239502,2.2805886268615723,-5.402791976928711,-4.927051067352295,-5.0746612548828125,1.2834482192993164,2.9155807495117188,-1.1607505083084106,-6.295584201812744,1.0501660108566284,1.2583065032958984,-6.651851654052734,-2.890084981918335,-3.5274312496185303
d6ff984ea,-1.2667038440704346,-3.0970065593719482,-3.027153730392456,5.004007816314697,-2.5253167152404785,-0.7085030674934387,-6.349002361297607,-2.2343549728393555,-0.7652924060821533,-4.201067924499512,-2.1556735038757324,-5.6867899894714355,4.473238945007324,-2.9612605571746826,-1.0733088254928589,-1.4363985061645508,-6.670440673828125,-7.23377799987793,5.4422430992126465,-3.901611328125,-4.842019081115723,-3.0126125812530518,-1.196665644645691,0.1525442898273468
d712a2f4a,-0.6449525952339172,2.3641602993011475,-3.219075918197632,3.911667823791504,-1.7012470960617065,-2.5504236221313477,-0.08684317767620087,-0.3764150142669678,-3.6420934200286865,4.399277687072754,-0.6799765825271606,1.2419383525848389,0.07217325270175934,-2.2994775772094727,-1.2700742483139038,3.1411380767822266,1.006561279296875,2.09228515625,-0.04555652290582657,-2.1946775913238525,-0.693357527256012,-3.321042060852051,-2.2163784503936768,4.046231269836426
d71ad12b0,-0.5057965517044067,-1.628783941268921,-3.3305108547210693,5.331295967102051,-0.272030770778656,-1.48362135887146,-6.901186943054199,-2.8635787963867188,-0.12726342678070068,-3.073052167892456,-3.590315818786621,-6.306102752685547,6.119296073913574,-1.4249536991119385,-1.1083295345306396,-3.2742042541503906,-5.824275493621826,-6.804433345794678,5.857938766479492,-3.653611421585083,-5.767409801483154,0.23874983191490173,-1.7328896522521973,-0.07270744442939758
d759cdce9,-5.169797897338867,-2.210881471633911,-3.711839199066162,2.0438733100891113,-5.601470470428467,-3.94409441947937,0.529116153717041,4.910574913024902,-5.127171039581299,-1.4633524417877197,-0.030450977385044098,5.058414459228516,-4.596049785614014,-5.161380767822266,-3.4771170616149902,0.5655539035797119,-0.07715833187103271,0.3912729024887085,-4.661438465118408,-0.7533328533172607,-0.2762182056903839,-6.045732498168945,-1.0178394317626953,-0.845727801322937
d7ce4d94e,6.692312240600586,-3.497809886932373,-0.5418592691421509,3.7095015048980713,-0.7258695960044861,-2.7135987281799316,-5.5748796463012695,-2.3661744594573975,3.921971082687378,-3.667850971221924,-0.4257240891456604,-5.2299394607543945,3.963758707046509,-1.5701829195022583,-2.9747021198272705,-3.4294910430908203,-5.593749523162842,-6.940479755401611,7.4056267738342285,-3.2459325790405273,-5.862792491912842,-0.826835572719574,-1.9233940839767456,0.3448804020881653
d8166f299,-5.135711669921875,2.96480393409729,1.5420434474945068,4.84295129776001,-2.711361885070801,1.8330315351486206,-3.198293685913086,3.730851411819458,-5.600599765777588,-0.5351223349571228,-2.663916826248169,-2.6199326515197754,-3.1958839893341064,-2.088799238204956,0.11364170908927917,3.196134567260742,-1.7875092029571533,-3.0976295471191406,-2.9489822387695312,-1.2655980587005615,-0.36595454812049866,0.2633683383464813,-1.905279278755188,-4.1475982666015625
d837bc4b1,-2.3828728199005127,2.9493589401245117,-1.4810471534729004,4.148102283477783,-3.0739755630493164,-2.576624631881714,-1.8765333890914917,1.4873374700546265,-5.012333869934082,-1.0714287757873535,-1.9740784168243408,-0.886587381362915,-3.1745359897613525,-4.358664512634277,4.83077335357666,3.8284008502960205,-2.7687246799468994,-3.0510687828063965,-1.7647477388381958,-2.670273780822754,-2.86851167678833,-2.757143259048462,-0.36664658784866333,-1.5405826568603516
d84d23af7,-1.362433910369873,1.1282265186309814,0.11753840744495392,2.1082732677459717,-1.5328046083450317,-0.09750718623399734,-0.6937264204025269,1.3485430479049683,-2.7421751022338867,0.8951655626296997,-0.9379206895828247,-0.36560776829719543,-1.2572976350784302,-2.003457546234131,2.376939535140991,2.494297981262207,-1.3457345962524414,-0.10877212882041931,-0.21156179904937744,-1.0189532041549683,-0.13919702172279358,-1.3657864332199097,-0.5677765011787415,-1.2704590559005737
d85004494,-4.447872638702393,-4.641628742218018,-3.6599533557891846,5.8816070556640625,-0.5439282059669495,0.7791557312011719,-6.101408958435059,-4.142344951629639,-1.1809203624725342,-5.063879013061523,-2.436846971511841,-6.856019973754883,5.263241767883301,-2.8527777194976807,-3.9213366508483887,-4.238943576812744,-7.148129463195801,-6.895140171051025,4.750670433044434,-4.155241012573242,-4.568387031555176,-2.1479239463806152,-0.5296618938446045,3.779205322265625
d851f904a,-3.093113899230957,0.10260003060102463,-1.7062515020370483,3.510918617248535,-1.7964149713516235,0.36774784326553345,-2.1183648109436035,0.16185063123703003,-4.427038669586182,0.04995518922805786,-0.2662174701690674,-0.9894450902938843,-2.8869709968566895,-4.418946266174316,6.156158447265625,2.8371880054473877,-4.0286970138549805,-0.9437629580497742,0.14619660377502441,-1.66898775100708,-0.9176706671714783,-2.4761393070220947,-0.08494949340820312,-1.438833475112915
d8530cb76,-4.460954666137695,1.5614402294158936,2.356006622314453,4.789702415466309,-1.337186336517334,2.9318130016326904,-4.402040958404541,0.7058419585227966,-4.265304088592529,-1.265677571296692,-1.735450029373169,-3.3497562408447266,-1.0118536949157715,-1.6787221431732178,-1.8171428442001343,-0.3386152684688568,-1.3116259574890137,-2.957213878631592,-1.2627402544021606,-1.6843655109405518,-0.7734825015068054,0.7910318374633789,-1.6654438972473145,-0.9652600288391113
d88daeacd,1.3487451076507568,2.337543487548828,0.4103509783744812,2.370690107345581,-0.10226566344499588,-0.6463758945465088,-2.070652961730957,0.3715834617614746,-2.8528361320495605,1.7278871536254883,-0.9015079736709595,-1.0760003328323364,0.7086507081985474,-1.5539768934249878,1.4649029970169067,0.30379626154899597,-2.9202544689178467,-1.0427374839782715,2.755162000656128,-0.7006320357322693,-1.424283742904663,-0.9246969819068909,-1.7131484746932983,0.8231081366539001
d8ac4985b,-4.865725517272949,2.565276861190796,-3.901524782180786,5.08310604095459,-2.692171096801758,-3.3598203659057617,-2.5879712104797363,-1.9865134954452515,-5.289097785949707,-1.1147011518478394,-2.335527181625366,-2.403045654296875,-3.517134666442871,-0.5048277378082275,-2.841867446899414,-0.31527256965637207,4.126352310180664,-1.476134181022644,-3.69124174118042,-3.763774871826172,-1.7390093803405762,-2.188396692276001,-1.8493057489395142,-1.967775583267212
d8adad0e5,-5.831478595733643,1.5831193923950195,-6.306031703948975,5.43522310256958,-2.155308961868286,-1.6327548027038574,-5.676870346069336,1.7536461353302002,-6.0140814781188965,-2.6530723571777344,-2.427536964416504,-2.856656551361084,-5.291805744171143,-3.811345338821411,6.331770420074463,0.1568622887134552,-4.704152584075928,-5.248613357543945,-1.2834107875823975,-4.6922454833984375,-3.902303457260132,-0.4965401887893677,-0.2640857994556427,-1.8542606830596924
d8da28fdc,-0.3177700638771057,-1.5491111278533936,-1.3771963119506836,4.057732582092285,-1.1961750984191895,-0.2841320037841797,-3.5840768814086914,-1.4480613470077515,-2.1115615367889404,-2.219999313354492,-0.8020931482315063,-3.5246987342834473,1.4728662967681885,-2.634035587310791,0.8607446551322937,0.8786865472793579,-4.983499526977539,-4.9254021644592285,3.8116557598114014,-2.071434259414673,-2.9226486682891846,-1.8123701810836792,-1.5424220561981201,0.6061787009239197
d92a9e98d,-6.757976055145264,-2.0180704593658447,-7.196339130401611,4.905821323394775,-5.433821678161621,-4.448266983032227,-1.1272218227386475,5.93174934387207,-6.718144416809082,-3.530723810195923,-1.454745888710022,5.401068210601807,-5.420612335205078,-6.479457855224609,0.2092154324054718,1.9905813932418823,-3.1342287063598633,-4.510354518890381,-4.0354814529418945,-3.414543628692627,-2.238497257232666,-5.168118000030518,-1.3194708824157715,1.6418176889419556
d92c7a5f9,0.006483703851699829,1.1160544157028198,-3.8476409912109375,4.539562225341797,-0.13780155777931213,-1.304226040840149,-4.847550392150879,-1.791725516319275,-1.4411125183105469,-1.459612488746643,-2.9269793033599854,-4.3132123947143555,3.666982650756836,0.0030631422996520996,0.09199437499046326,-0.3769691586494446,-3.8314764499664307,-5.795300483703613,3.9775853157043457,-4.540700912475586,-5.250406265258789,-0.34346243739128113,-1.1423660516738892,0.9914566278457642
d9614dd6b,-3.4219236373901367,3.417398691177368,-2.068110466003418,5.307812690734863,0.32496801018714905,-1.7802648544311523,-4.582464218139648,-0.5676465034484863,-3.6047163009643555,-1.2139924764633179,-2.1515350341796875,-3.3118185997009277,-1.5087419748306274,-0.878413200378418,1.044159173965454,-0.0598997138440609,-1.3282370567321777,-4.416511535644531,-0.7722686529159546,-4.402832508087158,-3.2121925354003906,3.720147132873535,-1.094957947731018,2.1850528717041016
d9673a696,-1.272526741027832,-5.033172607421875,-2.275689125061035,-1.1575756072998047,-5.021897792816162,-2.6053881645202637,-5.004583835601807,-2.8707189559936523,-2.9137418270111084,-4.937052249908447,-0.9488476514816284,-4.619776248931885,-0.05407998710870743,-5.18381404876709,-3.1232457160949707,-2.9395766258239746,-4.469412326812744,-7.050724506378174,3.503282070159912,-2.6450157165527344,-2.771136999130249,-6.051795959472656,-2.970250368118286,-0.3531710207462311
d990033c2,-3.081973075866699,-0.033667273819446564,1.8660821914672852,2.4557876586914062,-3.0902793407440186,-0.9381329417228699,-0.5651182532310486,4.957967758178711,-3.6640913486480713,0.24533885717391968,-0.4226205348968506,1.7595150470733643,-1.4222407341003418,-2.77481746673584,-1.8742061853408813,0.889798104763031,-0.7983498573303223,-0.6712377667427063,-2.3328588008880615,0.8508388996124268,1.2354168891906738,-2.962031602859497,-1.1185417175292969,1.3908593654632568
d99b7515d,-2.4670562744140625,-0.7980210185050964,0.05497828871011734,-0.09217897057533264,-2.184731960296631,0.2398269921541214,-0.5227773785591125,2.772610902786255,-2.3364593982696533,0.2195550501346588,0.03372363746166229,1.598389983177185,-0.826906681060791,-2.0415432453155518,-0.12280765175819397,1.0688962936401367,-1.5070240497589111,-0.5659522414207458,-0.5675709843635559,0.5510393977165222,1.232924222946167,-2.4733357429504395,3.0499043464660645,-1.0340938568115234
d9a510159,-6.887149810791016,-5.901681900024414,-4.58268928527832,5.902134895324707,-2.86700439453125,0.798569917678833,-4.449903964996338,-4.800690650939941,-3.284210443496704,-5.054555416107178,-1.010324239730835,-6.4808149337768555,3.5558340549468994,-4.115107536315918,-6.717440605163574,-3.6346564292907715,-6.6479997634887695,-5.9198079109191895,2.589829444885254,-4.266465663909912,-3.3448686599731445,-5.319321632385254,-1.155552625656128,4.780790328979492
d9b9bb18b,-5.186715126037598,-0.1875373274087906,-1.6515576839447021,5.079794406890869,-4.078334808349609,-0.6626299023628235,-1.5849192142486572,4.2315673828125,-5.639647960662842,-1.3526091575622559,-0.5488213896751404,-0.500374972820282,-3.8104851245880127,-3.540895938873291,-1.4947974681854248,1.2231043577194214,-0.8255497217178345,-2.772671699523926,-2.779341220855713,-0.2624408006668091,0.7088637351989746,-3.1975271701812744,-1.5264991521835327,-1.0021204948425293
d9c9f2d19,-3.2472639083862305,-5.551241397857666,-5.823627471923828,5.810945987701416,-3.010603189468384,-2.4279770851135254,-8.790513038635254,-5.22479248046875,-0.667688250541687,-6.813318252563477,-3.800060272216797,-8.795662879943848,6.202813625335693,-2.6077053546905518,-4.924951076507568,-3.0921261310577393,-8.59044361114502,-10.115955352783203,6.293553352355957,-7.028119087219238,-7.9433159828186035,-3.528411865234375,-2.1087024211883545,0.1591186225414276
d9e1b7c75,-0.44209879636764526,0.4503321647644043,0.3723869025707245,3.0649466514587402,2.4093782901763916,1.8612477779388428,-0.5995076298713684,0.1497521996498108,1.3744385242462158,0.8014643788337708,0.06895563751459122,-0.31017452478408813,2.2210230827331543,0.7808014154434204,1.5567269325256348,0.6752572655677795,-1.6718597412109375,-0.16835880279541016,2.304887294769287,0.09327005594968796,0.47900933027267456,1.348646879196167,-0.2875133752822876,0.37404367327690125
da2ddf423,4.826162815093994,-4.303544998168945,-4.6977858543396,5.077320575714111,-0.22429656982421875,-2.298243284225464,-6.637086391448975,-3.6761131286621094,5.538598537445068,-4.40340518951416,-1.0521910190582275,-6.308160781860352,5.782862186431885,-0.5451267957687378,-3.485006093978882,-3.915515422821045,-6.339816093444824,-8.420588493347168,7.967170715332031,-5.272632598876953,-6.616772174835205,-0.021371513605117798,-1.4830220937728882,0.6151222586631775
da5225aa6,-7.179746627807617,-0.7986733317375183,-3.9053354263305664,0.9025158882141113,-6.277717590332031,-3.680654764175415,-0.8436183929443359,5.528852462768555,-6.4184441566467285,-0.7002301216125488,-3.289047956466675,1.375909686088562,-5.014283180236816,-3.790600299835205,-4.649807929992676,1.2408323287963867,4.110119342803955,-0.8785050511360168,-5.953354358673096,1.1214849948883057,1.2936638593673706,-5.445047855377197,-3.1578760147094727,-4.6263556480407715
da55bc3a5,-1.5654311180114746,-1.2542102336883545,0.13012725114822388,2.418109178543091,-1.6081371307373047,2.6744964122772217,-1.5699225664138794,-0.6178851127624512,-2.3162777423858643,-0.4137006402015686,0.8467865586280823,-1.5997079610824585,0.5342413783073425,-2.4554390907287598,-0.10324957966804504,0.04182581603527069,-2.3376429080963135,-0.9222385883331299,1.4677830934524536,-0.3914032578468323,0.05261963605880737,-2.440368175506592,-1.2570427656173706,0.06214127689599991
da8369082,-0.5440996289253235,-0.4041348695755005,-0.03564254939556122,1.1920835971832275,-1.4917387962341309,1.3243616819381714,0.578633189201355,1.1263667345046997,-1.8282957077026367,0.4083055853843689,5.963534355163574,1.0849581956863403,0.1197429895401001,-1.8790619373321533,0.6272228956222534,0.250138521194458,-1.8886172771453857,-0.384277880191803,1.166163682937622,0.20965753495693207,1.332304835319519,-2.24428391456604,0.00815817341208458,0.09273232519626617
daab0dff9,-1.8594398498535156,-1.9418222904205322,-1.0932353734970093,3.99582576751709,-1.0803722143173218,0.6944539546966553,-4.846199035644531,-2.4434990882873535,-0.31532278656959534,-3.3892860412597656,-1.9533575773239136,-4.909963130950928,3.825826406478882,-1.9078726768493652,0.3573266267776489,-1.9344326257705688,-5.810109615325928,-5.830269813537598,4.473349571228027,-2.092582941055298,-3.2138233184814453,-1.1263997554779053,-0.4469393491744995,-0.5941257476806641
db07bcc28,-4.624602317810059,-1.5598353147506714,-4.009389877319336,4.376047134399414,-4.0180864334106445,-2.915156602859497,0.45091211795806885,3.480893135070801,-4.917321681976318,-1.592548131942749,0.08931438624858856,4.500272750854492,-3.3578290939331055,-4.611279487609863,0.2931695580482483,1.6040711402893066,-1.8491482734680176,-1.661691427230835,-2.614612579345703,-1.8541487455368042,-0.8512077331542969,-4.5509819984436035,-0.9004158973693848,2.3105266094207764
db1ebfb45,-1.058480978012085,-0.7507096529006958,-4.3624420166015625,5.53635311126709,2.6083953380584717,-0.9121834635734558,-5.6394829750061035,-2.8965578079223633,-0.08089785277843475,-1.458198070526123,-3.4243626594543457,-5.202931880950928,5.047967910766602,-0.8018981218338013,0.3167749047279358,-2.854661226272583,-5.301753520965576,-5.415040969848633,4.833160877227783,-4.516139984130859,-5.007974147796631,2.3161213397979736,-1.3866814374923706,2.7289180755615234
db62684f1,-5.050666332244873,-1.1519684791564941,-2.0777535438537598,3.581338882446289,-5.157684326171875,-1.3427729606628418,-0.05938973277807236,4.3476786613464355,-5.141598701477051,1.5611824989318848,-0.5212249755859375,2.076817274093628,-3.2073159217834473,-3.8665411472320557,-1.4652082920074463,2.8853423595428467,0.008619531989097595,0.9986402988433838,-3.6284191608428955,0.48201367259025574,1.7887017726898193,-4.602429389953613,-2.3710389137268066,-2.5288796424865723
dbe7b4a9d,-6.335312366485596,-5.190707206726074,-4.191519737243652,5.6554436683654785,-1.4133954048156738,1.1402419805526733,-5.816542625427246,-4.264082908630371,-2.968315362930298,-5.014699935913086,-1.936084508895874,-7.009884357452393,3.800356388092041,-4.609348773956299,-4.301459312438965,-5.134860038757324,-7.765137195587158,-6.600595474243164,3.5015523433685303,-4.126377582550049,-4.185640811920166,-3.573078155517578,-1.1324735879898071,4.927836894989014
dbed047eb,-3.214709758758545,-1.1150035858154297,-1.731070637702942,4.431519508361816,-2.206530809402466,0.25905609130859375,-1.4988248348236084,1.9674667119979858,-3.4976065158843994,1.008526086807251,0.5671318769454956,-0.04317110404372215,-0.8409793376922607,-2.584219217300415,-0.28105390071868896,1.0698970556259155,-2.6184380054473877,-0.5714584589004517,0.5458407402038574,-1.0873076915740967,0.331271767616272,-2.7394022941589355,-0.6080718636512756,0.4843456745147705
dc53c01f2,-4.183320045471191,-1.4424867630004883,-3.138232946395874,2.0100181102752686,-5.184860706329346,-3.462620735168457,0.9977648258209229,4.902571678161621,-4.4925713539123535,1.1207818984985352,3.2769713401794434,4.28250789642334,-4.198607921600342,-4.484646797180176,-1.7310025691986084,1.9254605770111084,-0.047958195209503174,2.8082942962646484,-3.699033260345459,-0.1231720969080925,0.27583837509155273,-4.924473762512207,-0.9635143876075745,-1.8804662227630615
dc604c110,-5.65424919128418,-1.7223652601242065,-4.500904083251953,3.638303518295288,-4.847666263580322,-3.7242941856384277,-0.3706948459148407,6.2596635818481445,-5.810848236083984,-1.766473650932312,-0.5787556767463684,5.468713760375977,-3.528132915496826,-5.421063423156738,0.10768713057041168,1.626505970954895,-1.2013885974884033,-2.385819911956787,-3.7712652683258057,-1.1923753023147583,-0.8183882832527161,-5.273530960083008,-0.7299003005027771,2.792466640472412
dc9dbde56,-5.1988725662231445,2.9460597038269043,-4.162729263305664,4.29553747177124,-3.0596864223480225,-4.241787433624268,-3.108257293701172,-2.5854556560516357,-5.031087875366211,-1.520218014717102,-3.1608400344848633,-2.612032651901245,-4.63426399230957,-0.6509388089179993,-3.7732901573181152,-1.6304346323013306,6.089330673217773,-1.2806737422943115,-4.985698699951172,-4.19713020324707,-2.1343395709991455,-2.096198320388794,-2.6597397327423096,-2.4390807151794434
dcbbef5f3,-4.2950286865234375,2.2014999389648438,3.2976016998291016,4.446145057678223,-2.702955961227417,1.7036762237548828,-3.746974229812622,3.350672721862793,-4.8893938064575195,-0.5664688348770142,-2.346888780593872,-2.540816068649292,-1.7977399826049805,-2.4191665649414062,-1.0481394529342651,0.12880408763885498,-2.7637147903442383,-2.960773229598999,-1.7745420932769775,-0.38383257389068604,-0.2508441209793091,-0.3603590130805969,-1.8217999935150146,-3.6403799057006836
dcf8ae30f,-4.535480976104736,-1.9259657859802246,-4.725395202636719,4.824394226074219,-3.042273998260498,-1.0833005905151367,-1.6559914350509644,2.8009064197540283,-4.9976606369018555,-1.9580237865447998,-0.3578060269355774,1.7830702066421509,-3.4919240474700928,-4.313477516174316,-0.23740895092487335,0.822502613067627,-3.3421294689178467,-3.1626946926116943,-0.8283073902130127,-3.0234246253967285,-0.8902940154075623,-3.0634825229644775,-1.248374342918396,1.0261338949203491
dd0368a3d,-1.1376131772994995,-0.8182401657104492,0.03988879919052124,-0.32877466082572937,-2.3011889457702637,1.0178242921829224,-2.3330867290496826,1.7998802661895752,-3.043356418609619,0.18911385536193848,-0.6503242254257202,-0.9436326622962952,-0.10744322836399078,-2.935112476348877,-1.078476071357727,-0.32335740327835083,-1.414239764213562,-1.3071995973587036,2.166539430618286,-0.5533928275108337,0.2671697735786438,-2.701529026031494,-2.4825973510742188,-0.7625987529754639
dd1a3daf8,-4.4716410636901855,0.6686550378799438,-6.216116905212402,4.4058051109313965,0.9459716081619263,-2.5724070072174072,-6.971920013427734,-1.1959327459335327,-4.1972832679748535,-2.492497682571411,-4.013009071350098,-3.608868360519409,-2.8777098655700684,-2.849491834640503,6.766728401184082,-1.4241913557052612,-5.153778553009033,-6.451677322387695,3.2430195808410645,-5.080840587615967,-5.721800804138184,2.4402942657470703,-1.6298633813858032,-0.8625956773757935
dd242975e,3.3406155109405518,-3.573075294494629,-5.479264259338379,4.860698223114014,-2.1743619441986084,-2.9504616260528564,-7.05007266998291,-3.629887819290161,0.6743783950805664,-4.82045316696167,-1.8619080781936646,-7.529196262359619,5.7906622886657715,-3.439146041870117,-4.650549411773682,-3.516126871109009,-8.085866928100586,-9.488788604736328,7.199815273284912,-6.306462287902832,-7.6167144775390625,-3.0944416522979736,-2.0897600650787354,1.7255544662475586
dd32fb085,-4.862059593200684,4.320662975311279,-5.795289993286133,5.484857082366943,-1.0448379516601562,-3.46305251121521,-6.337282180786133,0.29261302947998047,-5.310277462005615,-2.4597132205963135,-4.066028118133545,-3.6777474880218506,-5.395847797393799,-2.194920539855957,5.37126350402832,-0.30239129066467285,-1.8745545148849487,-5.356771469116211,-1.814785122871399,-4.99334716796875,-5.508395195007324,1.4752137660980225,-0.2838958501815796,-2.509878396987915
dd3b0750c,-4.202120780944824,-1.3898794651031494,-1.6944811344146729,2.959470748901367,-4.1914825439453125,-1.999051570892334,0.010543815791606903,4.61260986328125,-4.387637138366699,-0.6901856660842896,2.4011240005493164,4.7470245361328125,-3.3411307334899902,-3.65841007232666,-1.4186286926269531,0.8955046534538269,-1.0002377033233643,-1.4456508159637451,-3.129439353942871,0.11074706166982651,0.8810139298439026,-4.4220476150512695,-0.8952329754829407,-1.5042768716812134
dd7895801,-8.720836639404297,-0.8929605484008789,-6.412020206451416,3.878618001937866,-7.480135917663574,-5.397505283355713,-1.2474169731140137,5.99384880065918,-7.555804252624512,-1.8602745532989502,-3.1040360927581787,2.199683904647827,-6.878399848937988,-4.202348232269287,-5.162784099578857,1.4400267601013184,4.256791114807129,-1.6106586456298828,-7.5964436531066895,-0.6641773581504822,0.02248270809650421,-6.477120399475098,-2.868011474609375,-4.060562610626221
dd83d4812,-5.034453392028809,-1.365792989730835,-3.0485689640045166,3.200342893600464,-5.525689125061035,-2.295201301574707,0.8001560568809509,5.605483531951904,-5.2964067459106445,-1.690691590309143,-0.22908136248588562,4.089375972747803,-4.429760932922363,-4.626513481140137,-1.2645846605300903,3.4220244884490967,-0.7887035012245178,-1.2484225034713745,-3.879593849182129,0.06643401086330414,-0.266496479511261,-4.749761581420898,-1.2226214408874512,-2.502305269241333
dd83e36de,0.1358758807182312,-5.896485805511475,-5.506143093109131,5.340646266937256,-2.9255552291870117,-2.5303683280944824,-8.518536567687988,-5.122058868408203,0.0006279349327087402,-6.896656513214111,-2.919654369354248,-8.625308990478516,5.606251239776611,-3.6160356998443604,-5.617272853851318,-4.104001998901367,-8.885614395141602,-10.594088554382324,6.911480903625488,-7.007589340209961,-7.93142557144165,-4.137286186218262,-1.9634289741516113,0.964221179485321
dd85c3076,-1.7566723823547363,1.282209873199463,-0.2426520735025406,2.610991954803467,-1.598258137702942,-0.34349024295806885,0.030661799013614655,1.6149251461029053,-3.3278839588165283,1.093708872795105,-1.1296107769012451,0.2559140622615814,-0.9855117201805115,-1.9325859546661377,3.884148120880127,3.6029977798461914,-2.299663543701172,0.6189008355140686,-0.41139572858810425,-0.9215589761734009,-0.19567948579788208,-1.8827786445617676,-0.5390515327453613,0.34064972400665283
ddae8255a,-1.1001958847045898,-1.0539031028747559,-0.5944907665252686,2.2922556400299072,-1.5761512517929077,0.7795512676239014,-2.3924269676208496,-0.9229748845100403,-2.417959690093994,-1.090135097503662,0.34145277738571167,-2.5204460620880127,0.9898753762245178,-2.438570261001587,1.0427274703979492,0.01488853245973587,-4.0065813064575195,-2.2831263542175293,2.2658309936523438,-0.9196323752403259,-0.6137199401855469,-2.1739203929901123,-0.9831082224845886,-0.12526771426200867
ddc1ceebf,-2.1750009059906006,-4.726688385009766,-4.707845211029053,5.155101776123047,-2.9861159324645996,-1.9172618389129639,-7.743844985961914,-4.675780773162842,-1.1150630712509155,-5.982745170593262,-2.8153367042541504,-7.902787208557129,5.278284072875977,-3.144561767578125,-3.321484327316284,-2.881972551345825,-8.497040748596191,-9.260793685913086,6.419584274291992,-6.113409042358398,-7.048828601837158,-3.504505157470703,-1.9383625984191895,0.8768782615661621
ddc373f2f,2.635741949081421,-2.318016529083252,-4.398738384246826,4.278595447540283,-1.7776589393615723,-1.0294488668441772,-5.629014015197754,-0.6187092065811157,0.457631915807724,-3.1099398136138916,-1.7408756017684937,-5.078847408294678,4.926543712615967,-1.6883535385131836,-3.3506991863250732,-0.9256199598312378,-6.258426666259766,-6.879323482513428,6.216591835021973,-4.750738143920898,-5.741244792938232,-2.0208120346069336,-1.6849086284637451,3.644923210144043
ddcea6cb4,-3.985719680786133,-0.13023707270622253,-5.595091819763184,4.196427345275879,-0.6125708818435669,-1.7628400325775146,-6.055217742919922,-0.6123653650283813,-4.330968379974365,-3.142937421798706,-2.821322202682495,-3.106189250946045,-3.289304256439209,-3.7539491653442383,5.599167823791504,-0.5702581405639648,-5.860299110412598,-6.534882068634033,2.5487029552459717,-4.605352401733398,-5.0776896476745605,0.5896839499473572,-0.6145583391189575,0.5404491424560547
ddcf5519d,-4.1921162605285645,-1.5241339206695557,-0.9657485485076904,-2.36293888092041,-4.860758304595947,-2.3850550651550293,1.0580757856369019,-0.1033308207988739,-5.159533977508545,0.38284528255462646,-0.5531161427497864,1.5339151620864868,-3.672764301300049,-4.508813858032227,-2.9972031116485596,0.9725310802459717,0.24000024795532227,-0.2515244483947754,-3.4125800132751465,-0.6718320846557617,1.257845163345337,-5.860408782958984,-3.1714513301849365,-1.6792027950286865
de02ee1f7,-1.1464622020721436,-2.8516318798065186,-2.571831464767456,5.38116455078125,-2.3775458335876465,-0.9495087265968323,-5.220697402954102,-2.069535255432129,-0.9012775421142578,-3.364712715148926,-1.473099708557129,-5.087944507598877,4.475183010101318,-2.7827506065368652,0.93812495470047,-1.7699167728424072,-6.429776668548584,-5.87188196182251,5.477178573608398,-3.1297740936279297,-4.486470699310303,-2.413889169692993,-1.3366501331329346,-0.24023917317390442
de0788349,-5.850468635559082,-0.6560564041137695,-4.836948871612549,3.412097930908203,-4.959785461425781,-4.0285773277282715,-0.40918275713920593,4.400640487670898,-5.327476501464844,-1.0652110576629639,-1.158747673034668,3.687258243560791,-4.869554042816162,-3.0985429286956787,-2.9515814781188965,0.6416614055633545,2.1052613258361816,-0.2623470425605774,-4.452888488769531,-1.9204095602035522,-0.7486387491226196,-4.46085786819458,-1.486783504486084,-1.881381869316101
de97f109e,5.209711074829102,-5.212357521057129,-5.108004570007324,4.185288429260254,-4.514777183532715,-3.8822922706604004,-7.632535457611084,-3.764333963394165,1.8909432888031006,-6.7585530281066895,-0.9964764714241028,-7.942239761352539,4.4402384757995605,-4.413674354553223,-6.301169395446777,-4.1170268058776855,-9.154276847839355,-10.878146171569824,7.665194511413574,-6.319292068481445,-8.39153003692627,-5.103947162628174,-2.3356454372406006,1.104390025138855
deb830d16,-4.098057270050049,0.2502845227718353,-1.349701166152954,3.2425057888031006,-4.035240173339844,-2.3286538124084473,-0.12354007363319397,2.1389875411987305,-4.765347480773926,0.3331919312477112,-0.8921012878417969,0.45575642585754395,-4.1895246505737305,-2.543656587600708,-3.4355921745300293,0.3951639235019684,3.4974942207336426,-0.20698174834251404,-4.163806438446045,0.4565674960613251,1.3240669965744019,-3.999232053756714,-1.966646671295166,-1.1520159244537354
dec754125,-2.1086089611053467,-0.2187664806842804,-2.425046682357788,2.9014744758605957,-1.3239367008209229,-1.1296933889389038,-3.288224697113037,-0.0684487447142601,-3.899125099182129,-1.0917890071868896,-1.039647102355957,-1.5656052827835083,-2.125704288482666,-3.6433920860290527,5.143306255340576,-0.8633869886398315,-4.277812480926514,-3.0040626525878906,2.309384822845459,-2.001073122024536,-1.7791531085968018,-0.9841660857200623,-0.6116236448287964,-0.2409258335828781
dec816e68,-4.4774651527404785,-2.1522326469421387,-2.549428701400757,2.201202630996704,-4.729981422424316,-1.6200549602508545,-0.679470956325531,4.840186595916748,-4.594662666320801,-0.8832202553749084,-0.7351823449134827,0.9570800065994263,-3.2436411380767822,-4.251016139984131,-3.353360891342163,0.9824866652488708,0.15718072652816772,-1.6579530239105225,-3.40869402885437,0.9787700176239014,2.4611003398895264,-5.0144267082214355,-2.113312244415283,-0.5710046291351318
deeceda0d,-6.375624656677246,-4.680838108062744,-3.5720252990722656,5.723654747009277,-2.233480453491211,1.0517290830612183,-3.91103196144104,-2.991152763366699,-4.32863187789917,-4.03802490234375,-0.43773823976516724,-5.5142059326171875,1.2440528869628906,-5.168225288391113,-3.4604239463806152,-3.2475271224975586,-5.527501106262207,-5.335147380828857,1.4359686374664307,-3.2277252674102783,-2.3284265995025635,-4.0695343017578125,-1.2911920547485352,5.211513519287109
df04ace9e,1.1792157888412476,2.065422534942627,0.41177475452423096,1.7428489923477173,-1.9062178134918213,-0.838998019695282,-0.9554070830345154,0.13634926080703735,-3.3139214515686035,0.6812776327133179,0.5302454233169556,-0.329723984003067,-1.1739133596420288,-0.8023284077644348,-0.6691395044326782,0.2831195890903473,-0.3415297865867615,-1.3799854516983032,0.3333694338798523,-0.3874971568584442,0.1919066607952118,-2.2918894290924072,-1.5291156768798828,-0.6614904403686523
df092da53,-0.2742648720741272,-0.8486218452453613,-0.3980603814125061,3.863598108291626,1.1732656955718994,1.7897560596466064,-2.950321912765503,-0.8099733591079712,3.14337420463562,-1.315564751625061,-0.791950523853302,-2.299455165863037,4.303737163543701,0.24050715565681458,0.46095961332321167,-0.5803131461143494,-2.9554433822631836,-3.07757568359375,4.547536373138428,-0.9178253412246704,-1.9064885377883911,0.643585205078125,0.10666632652282715,-0.2697541415691376
df0c4bac4,-3.345237970352173,0.773709237575531,2.5670576095581055,3.7989304065704346,-1.8123098611831665,3.9478273391723633,-1.2082492113113403,2.8635358810424805,-3.914832830429077,-0.047878801822662354,0.1776398867368698,0.48438262939453125,-0.979637861251831,-2.7507145404815674,-1.3335983753204346,0.22657732665538788,-2.7185771465301514,-1.160406231880188,-0.953427791595459,-0.17035040259361267,0.8980934619903564,-1.466004729270935,-1.1664588451385498,1.1972501277923584
df1359693,-4.309757709503174,-5.473520755767822,-6.151627540588379,5.819666385650635,-1.411268949508667,0.3366160988807678,-6.430956840515137,-4.995057106018066,-1.4404017925262451,-5.884148597717285,-2.195326566696167,-7.780557632446289,4.721630096435547,-3.3610286712646484,-5.162905693054199,-5.147290229797363,-8.085251808166504,-7.768475532531738,4.771838665008545,-4.9026994705200195,-5.560853958129883,-3.0597898960113525,-0.8581080436706543,4.856168746948242
df3bedcf9,-4.997771739959717,1.8767626285552979,-2.8173608779907227,4.186971664428711,-3.0665464401245117,-3.6872804164886475,-1.5514984130859375,-2.2105941772460938,-4.825584888458252,-1.2657142877578735,-1.997800588607788,-1.587601661682129,-3.546940326690674,-1.1421418190002441,-4.057233810424805,-1.4408024549484253,4.694798946380615,-1.3269338607788086,-3.659759521484375,-3.2885608673095703,-0.9677281975746155,-3.039005994796753,-2.842503786087036,-2.075244188308716
df3e5e9be,2.689683675765991,-5.245126724243164,-5.722672462463379,4.917505741119385,-2.825225591659546,-3.074519395828247,-7.919452667236328,-4.666738033294678,0.8636699318885803,-5.839751720428467,-2.2476699352264404,-8.556601524353027,5.553315162658691,-3.3684427738189697,-5.832089900970459,-4.092539310455322,-8.36384391784668,-9.94548225402832,7.177046775817871,-6.7813944816589355,-8.261275291442871,-3.969799757003784,-2.326570510864258,1.3877978324890137
df3edba65,-2.821693181991577,-0.16351042687892914,0.4093303084373474,0.43436747789382935,-2.564263343811035,-0.3909933865070343,0.6951471567153931,1.1911972761154175,-4.2006516456604,2.1147067546844482,-0.4470178484916687,0.7247615456581116,-2.046983003616333,-4.004817485809326,-0.7646440267562866,0.08422444015741348,-0.6027771234512329,1.2880077362060547,-1.8284296989440918,0.0625205710530281,1.567317247390747,-3.568448543548584,-2.7639362812042236,0.6769300699234009
df5f47fcf,-2.6008849143981934,-0.2176998257637024,-1.9627125263214111,3.1414623260498047,-3.936600685119629,-2.1717469692230225,-0.17326027154922485,3.4279861450195312,-4.204790115356445,1.1156980991363525,0.8828531503677368,2.4878599643707275,-3.3364875316619873,-3.31299090385437,-2.346919059753418,0.36423271894454956,-0.2491183578968048,-0.3202638626098633,-1.9513405561447144,0.5870159268379211,1.760099172592163,-3.9344863891601562,-0.7461187839508057,-0.01949325203895569
df605bc8a,-4.995028972625732,0.33686363697052,-2.5429792404174805,4.117281436920166,-4.334542274475098,-2.039449453353882,0.07519391179084778,2.9943883419036865,-4.739536285400391,-0.5129820704460144,-0.466659814119339,0.6718345284461975,-3.146608829498291,-2.444263458251953,-1.8352051973342896,3.9258432388305664,1.502720594406128,-0.3721984624862671,-3.970111608505249,-0.4944482445716858,0.41924458742141724,-3.4489002227783203,-1.138415813446045,-0.2826893627643585
dfa797445,-4.692635536193848,-0.4241146445274353,-2.6556925773620605,2.084750175476074,-3.820652961730957,-2.520822048187256,1.5798654556274414,2.750145196914673,-4.755555152893066,0.05641552060842514,-0.3380677103996277,2.5767078399658203,-3.415008544921875,-3.324143171310425,-1.4370932579040527,1.873434066772461,1.0550563335418701,0.4733704924583435,-3.614983081817627,-0.7542470097541809,0.396457701921463,-3.9978318214416504,-1.6280790567398071,-0.7196474075317383
e0146a9c5,-2.478951930999756,0.8043184876441956,-2.2123751640319824,2.7891273498535156,-3.3384459018707275,-2.691840410232544,0.433712899684906,1.0729429721832275,-4.020089626312256,3.0202841758728027,0.260064035654068,1.5222628116607666,-2.7012693881988525,-2.554776191711426,-1.9650177955627441,0.4960622787475586,1.85468590259552,4.270491600036621,-2.3937458992004395,-1.695518970489502,0.648960292339325,-2.6544156074523926,-2.54461669921875,-1.28513765335083
e02f7ceb0,-5.093400001525879,4.396733283996582,-3.3095245361328125,4.735015869140625,-4.951157093048096,-5.441806316375732,-4.983314037322998,-2.9332611560821533,-7.236952781677246,-3.6244914531707764,-3.388721227645874,-4.620980262756348,-5.262298583984375,-0.005659818649291992,-4.8020219802856445,-1.274705171585083,6.1676716804504395,-5.083151817321777,-5.598701477050781,-4.914325714111328,-3.607417106628418,-3.9668264389038086,-2.821355104446411,-3.75138258934021
e04337cda,5.65207052230835,4.308645248413086,-0.8149259686470032,3.3587594032287598,-1.2791707515716553,-2.0274953842163086,-2.3659443855285645,-0.5050760507583618,-0.9310663342475891,0.9829511642456055,0.468755841255188,-2.2792978286743164,3.5401408672332764,-1.6169312000274658,-0.9941933155059814,-0.11387427151203156,-3.3738107681274414,-4.629173755645752,4.6639251708984375,-2.479931354522705,-3.4787063598632812,-1.5886286497116089,-1.2157769203186035,1.2405163049697876
e063f3827,0.009659022092819214,-1.7317159175872803,-5.065174579620361,5.669126510620117,0.9332749843597412,-1.6602433919906616,-7.446615219116211,-3.5753016471862793,1.8539588451385498,-3.558256149291992,-3.8401262760162354,-6.5034027099609375,5.891880035400391,-0.08850157260894775,-2.381009817123413,-2.7215139865875244,-6.173706531524658,-8.310979843139648,5.890974998474121,-5.020960807800293,-6.781224727630615,0.953425407409668,0.5970973372459412,-0.3135208785533905
e08ff6790,-2.7890665531158447,0.735345184803009,-5.662430286407471,4.451926231384277,-0.526618480682373,-1.9798009395599365,-4.623827934265137,-0.2295815348625183,-3.7786448001861572,-2.7506844997406006,-2.7376768589019775,-1.9411652088165283,-2.379882574081421,-2.6415271759033203,6.497952938079834,2.6915557384490967,-5.430971622467041,-6.158450126647949,2.3249075412750244,-3.7385432720184326,-5.22980260848999,-0.25491955876350403,-0.5905584692955017,-0.0937923938035965
e090ae5f4,-5.328554630279541,-1.8483526706695557,-3.8053088188171387,2.6039156913757324,-5.6618971824646,-4.1602277755737305,1.7414042949676514,3.3984646797180176,-5.3102006912231445,-0.5816053152084351,-0.17257186770439148,5.153497219085693,-4.169559001922607,-5.067065715789795,-1.8320403099060059,1.9434032440185547,-1.1097627878189087,-0.34494417905807495,-4.396571159362793,-0.8570408821105957,-0.15793342888355255,-5.72143030166626,-0.8591816425323486,-0.7943156361579895
e0a31e678,-3.6958820819854736,1.0295213460922241,-3.744189739227295,4.909658432006836,-2.1519978046417236,-1.4923986196517944,-3.127406120300293,-0.30169668793678284,-5.14506721496582,-1.4965569972991943,-1.2577794790267944,-1.4528732299804688,-2.887178897857666,-2.0939443111419678,-0.10884559899568558,0.9310368895530701,-1.829219102859497,-4.534450054168701,-1.3393926620483398,-4.498744010925293,-1.7014179229736328,-1.2238891124725342,-1.533673644065857,-0.1379021406173706
e0c86dc35,-4.707540512084961,3.9320783615112305,-5.929592132568359,4.945503234863281,-0.9455536603927612,-3.7749855518341064,-5.492351531982422,-0.24332895874977112,-5.080699920654297,-2.548584222793579,-3.8477864265441895,-2.8701388835906982,-5.391350746154785,-1.8087372779846191,4.406594753265381,0.15188762545585632,-0.922155499458313,-5.223340034484863,-2.1837236881256104,-4.889236927032471,-4.939281463623047,1.16400945186615,-0.4784647524356842,-2.653766393661499
e0ed10df3,-1.924135684967041,-3.0145928859710693,-3.15592098236084,4.9290337562561035,-2.020444869995117,-1.4655176401138306,-6.133917808532715,-2.836487054824829,-0.8634090423583984,-3.5946850776672363,-2.534482479095459,-5.836638450622559,4.576297760009766,-2.2884578704833984,-2.7396275997161865,-2.023872137069702,-5.950449466705322,-6.77048921585083,5.4589619636535645,-4.793683052062988,-5.327681064605713,-2.471407175064087,-1.8238701820373535,0.5190556049346924
e10b5dc8d,-2.20640230178833,-5.013228893280029,-5.287423133850098,5.525243282318115,-2.867696523666382,-2.254228353500366,-7.814668655395508,-4.475109577178955,-0.4977199137210846,-5.991222858428955,-3.1543326377868652,-7.875554084777832,5.659296989440918,-2.544825792312622,-4.403397083282471,-2.3669774532318115,-7.8439860343933105,-9.304380416870117,6.161694049835205,-6.464502334594727,-7.17197847366333,-3.528762102127075,-1.555031418800354,0.7415211796760559
e123734ab,-0.9607244729995728,-1.2981868982315063,-2.4228878021240234,3.5627894401550293,-1.854689121246338,-0.413879930973053,-3.298525333404541,-0.6280578374862671,-1.7243969440460205,-2.4156863689422607,-0.974524736404419,-3.241554021835327,1.6285688877105713,-2.4333221912384033,2.010255813598633,-0.5740615129470825,-3.9448511600494385,-4.072046756744385,3.681220531463623,-2.1273231506347656,-2.57854962348938,-1.1422491073608398,-1.0505577325820923,0.13228341937065125
e12aaac3c,-3.0253641605377197,-4.044384956359863,-5.745526313781738,5.329770565032959,-1.0073974132537842,-0.7748006582260132,-7.037534236907959,-5.103511810302734,-0.11272947490215302,-5.078395843505859,-3.413525104522705,-7.206760406494141,5.766160011291504,-1.4323283433914185,-4.3496599197387695,-3.176959991455078,-7.3670196533203125,-8.074040412902832,5.505040168762207,-5.406532287597656,-6.6372222900390625,-2.0882718563079834,-0.7009388208389282,2.5340514183044434
e12ff7cf3,-1.7117414474487305,0.2637554407119751,-0.1315225064754486,1.182797908782959,-1.6853203773498535,1.935530662536621,-1.1494191884994507,4.159748077392578,-3.1346771717071533,0.5492066144943237,-0.4760800004005432,1.1606314182281494,-0.3655458986759186,-1.0140056610107422,-0.5961750745773315,1.0282902717590332,-0.9465463757514954,-1.0951138734817505,-0.09847908467054367,0.5143489837646484,1.4546773433685303,-2.0987558364868164,-0.8271486163139343,-0.8669948577880859
e16f89159,-6.090987205505371,-4.981850624084473,-5.723575115203857,6.458696365356445,-0.6059190034866333,2.912881851196289,-5.4012908935546875,-4.746410846710205,-2.6310248374938965,-4.479259014129639,-1.5584816932678223,-6.688824653625488,3.8655529022216797,-3.2803969383239746,-4.726018905639648,-3.3132715225219727,-7.4402265548706055,-6.041545391082764,3.582369089126587,-3.967653512954712,-4.060077667236328,-3.455460548400879,-0.48991715908050537,5.057895660400391
e170c9e82,-4.742427825927734,1.481067180633545,0.37319713830947876,5.12780237197876,-3.8946056365966797,0.44168978929519653,-2.336129903793335,2.066945791244507,-5.610166549682617,-1.9465792179107666,-0.5138245224952698,-1.9099080562591553,-3.2566637992858887,-2.6388821601867676,-1.37800931930542,2.023432731628418,-1.3592382669448853,-4.345547199249268,-3.1388676166534424,-1.9976598024368286,-0.028752997517585754,-2.2530293464660645,-1.552469253540039,-2.471663475036621
e172b879e,6.476768493652344,-4.243600368499756,-4.460792064666748,3.380295515060425,-5.039547920227051,-4.068675518035889,-4.945474147796631,-1.0890487432479858,0.5998823046684265,-5.572380065917969,1.0982630252838135,-5.043113708496094,0.12278641760349274,-5.341601371765137,-3.5154621601104736,0.0157022625207901,-7.50247859954834,-9.145466804504395,6.615481376647949,-5.269417762756348,-6.853546142578125,-5.632654190063477,-1.7997055053710938,0.9420546293258667
e1cf2d84a,-1.5627516508102417,-3.595933675765991,-5.497189998626709,5.6564226150512695,-1.1956793069839478,-1.5085415840148926,-8.142877578735352,-4.543506145477295,2.1256110668182373,-5.307978630065918,-3.568416118621826,-7.611981391906738,5.960507392883301,-1.009643316268921,-3.8541622161865234,-3.7747716903686523,-7.187140464782715,-8.85205364227295,5.963963508605957,-5.744478702545166,-7.0992865562438965,-1.1207275390625,-0.6293214559555054,-0.5366130471229553
e1d96eeb2,-2.348163604736328,3.7128875255584717,4.435113430023193,5.22172212600708,-1.7332508563995361,1.8076750040054321,-1.4578566551208496,-0.011500170454382896,-4.361973762512207,-0.020770862698554993,-0.8503755331039429,-2.141812801361084,-1.66390061378479,-1.8163255453109741,-0.7002531886100769,3.2065088748931885,0.33926305174827576,-2.6567630767822266,-1.6089394092559814,-2.0530059337615967,-0.9653989672660828,-1.1065590381622314,-0.29197487235069275,-1.9851927757263184
e20702dd1,1.7965195178985596,-1.928272008895874,-5.580110549926758,4.8809309005737305,-0.01615215837955475,-3.125098466873169,-6.9002885818481445,-3.4558846950531006,-0.2922186255455017,-3.04789137840271,-2.971195697784424,-6.7485809326171875,5.489089488983154,-2.356304883956909,-2.8333592414855957,-2.8823583126068115,-7.28809928894043,-8.346299171447754,6.540480613708496,-6.3775129318237305,-7.370993614196777,-0.8167300820350647,-2.8484179973602295,0.944696307182312
e209cae69,-6.432882308959961,-1.7855850458145142,-6.03068733215332,3.0683376789093018,-6.255119800567627,-5.589535713195801,-0.7795021533966064,5.979738235473633,-5.264780521392822,-1.7631783485412598,-1.0888715982437134,5.445468902587891,-5.4818854331970215,-3.2876570224761963,-3.938601493835449,2.2493245601654053,2.1976895332336426,-0.5641588568687439,-5.708657741546631,-0.585811972618103,-0.824084460735321,-6.122135162353516,-2.0773563385009766,-2.9379279613494873
e2171433d,-2.439845561981201,-1.7273106575012207,-3.2776153087615967,5.138304233551025,1.459931492805481,2.3050732612609863,-4.624853134155273,-3.7709195613861084,0.02436830848455429,-2.5303173065185547,-2.181267738342285,-3.901245594024658,6.158314228057861,4.510023593902588,-2.3509154319763184,-0.7961398959159851,-4.700451850891113,-4.623821258544922,5.537281036376953,-2.3290364742279053,-4.157383918762207,-0.8997791409492493,1.5786266326904297,4.210682392120361
e27e2651a,6.8096022605896,5.833111763000488,-4.8813371658325195,5.459051132202148,0.5026640892028809,-4.765881538391113,-6.17323112487793,-2.9736664295196533,-1.5850191116333008,1.9030262231826782,-2.7785558700561523,-6.075118064880371,5.6053690910339355,-2.2389259338378906,-1.0933758020401,-1.8982205390930176,-5.746544361114502,-8.46130084991455,6.5410475730896,-6.45189094543457,-7.572087287902832,0.251309871673584,-3.981022357940674,1.2507946491241455
e27f0ac43,-4.571809768676758,-3.6552906036376953,-2.858379602432251,5.613765716552734,-0.14335939288139343,1.3336424827575684,-5.422338008880615,-4.238770008087158,0.01454213261604309,-3.5754690170288086,-3.760287046432495,-5.40273380279541,6.72563362121582,1.4579102993011475,-3.1157970428466797,1.4231239557266235,-5.873750686645508,-5.944145679473877,6.137646675109863,-4.035054683685303,-4.1326069831848145,-1.637558937072754,0.5359671115875244,0.1049668937921524
e2c3dc310,-3.1751651763916016,1.3889530897140503,2.161306381225586,4.096922874450684,-1.0158599615097046,0.0264064222574234,-2.8748841285705566,0.4892398416996002,-3.9044342041015625,-0.03834031522274017,-1.3046724796295166,-1.7834985256195068,-1.4427974224090576,-1.9421051740646362,0.11147147417068481,-0.7951787710189819,-1.679583191871643,-1.8005616664886475,-0.4163334369659424,-1.676165223121643,-0.5965603590011597,1.0356122255325317,-1.8702285289764404,-1.5049197673797607
e2e2bb171,-0.7890806794166565,-1.7095112800598145,-4.783517837524414,6.632819652557373,4.262269020080566,-0.6305586099624634,-6.691134929656982,-3.4312143325805664,5.32677698135376,-2.1431820392608643,-3.442535400390625,-4.916751861572266,7.37799596786499,2.955681324005127,0.1880929172039032,-2.5316550731658936,-5.235954761505127,-6.0865912437438965,6.4812517166137695,-5.476461410522461,-5.269280910491943,4.801445007324219,-0.14135219156742096,-0.8164823055267334
e2f5ac479,6.14916467666626,4.829948902130127,-3.114323854446411,4.403632164001465,-1.052154541015625,-3.457066297531128,-4.75502347946167,-1.819207787513733,-1.2359118461608887,0.22897516191005707,-1.4766883850097656,-4.785490036010742,4.510335922241211,-1.828676462173462,-1.8122484683990479,-1.0996705293655396,-4.683357238769531,-7.071262359619141,5.463423728942871,-4.773587703704834,-6.088130474090576,-1.4466190338134766,-2.183743715286255,0.1833784282207489
e3612cada,-0.11262863129377365,-0.11442053318023682,0.7151630520820618,2.9153945446014404,-1.4097040891647339,1.0151195526123047,-2.428760528564453,0.35375744104385376,-2.058082103729248,-0.12310925126075745,-0.38704174757003784,-1.6521981954574585,1.3141239881515503,-2.137204170227051,1.223896861076355,0.03511624038219452,-2.9893505573272705,-2.2760300636291504,2.810394287109375,-0.22521734237670898,-0.5712701082229614,-1.5329208374023438,-0.5587645769119263,-0.4538707435131073
e3cd63a21,-3.7181639671325684,-0.6736255288124084,-2.270128011703491,3.802910089492798,-3.6995818614959717,-0.4067489802837372,0.2695910334587097,2.2109122276306152,-4.4552083015441895,0.801257848739624,0.5781970620155334,0.6885825991630554,-2.4750843048095703,-3.4005157947540283,-1.0251716375350952,3.049879312515259,-1.0227210521697998,1.5899055004119873,-2.0809884071350098,-0.466492623090744,1.9647704362869263,-4.125058650970459,-1.143193006515503,-0.23222413659095764
e3dfd0503,-3.280529022216797,-1.6528822183609009,-0.8790505528450012,2.3406777381896973,-3.1196155548095703,-0.9986425638198853,-0.9322126507759094,4.74906063079834,-3.63126802444458,-0.43146631121635437,-0.5286367535591125,0.5088149309158325,-1.1393954753875732,-2.8094470500946045,-2.8343613147735596,0.9542322754859924,-0.7799125909805298,-0.7608133554458618,-0.975460946559906,1.111710786819458,2.1574368476867676,-3.3592000007629395,-1.738003134727478,-0.33850744366645813
e3ec88f36,-3.027193546295166,2.736769437789917,-3.5398311614990234,4.166939735412598,-2.078911542892456,-3.272545337677002,-1.8263332843780518,-1.6369127035140991,-3.7209744453430176,-0.44424039125442505,-1.9044692516326904,-1.8653216361999512,-3.207550525665283,-0.380124568939209,-0.9558496475219727,-1.1440047025680542,5.55171537399292,-0.5591894388198853,-3.1589527130126953,-3.242968797683716,-1.3044006824493408,-1.4871211051940918,-1.8926770687103271,-1.1612648963928223
e3faddc3c,-1.0794432163238525,-0.612413763999939,-3.8263978958129883,5.409110069274902,4.59684944152832,-0.8138523697853088,-5.431554794311523,-2.6392855644226074,2.450415849685669,-0.8823000192642212,-4.331937313079834,-3.597700357437134,5.960681438446045,1.3820302486419678,0.939277172088623,-2.2452330589294434,-4.105047225952148,-4.511233806610107,6.010894775390625,-4.08444881439209,-4.122483730316162,4.1137871742248535,1.6569386720657349,0.18526074290275574
e416a5eca,-4.419517517089844,-0.5060463547706604,-0.8738192319869995,1.6369690895080566,-4.093122959136963,-1.2289130687713623,0.3901604413986206,5.2777509689331055,-4.080709934234619,1.5634570121765137,-2.314697027206421,1.703004240989685,-3.43336820602417,-2.8957948684692383,-1.7008535861968994,2.7546935081481934,1.6826653480529785,1.0637569427490234,-3.0160040855407715,2.136054515838623,1.6538718938827515,-3.525181531906128,-2.4504826068878174,-4.224832057952881
e41b84fa7,-4.2612104415893555,2.9116811752319336,-5.90853214263916,5.144714832305908,-0.7824275493621826,-2.694185256958008,-5.105472564697266,1.6636356115341187,-5.10478401184082,-1.1965574026107788,-2.5831637382507324,-2.5257411003112793,-3.4582159519195557,-2.7375218868255615,5.5973358154296875,0.28117823600769043,-3.0771989822387695,-4.049609184265137,-0.44317013025283813,-4.760417938232422,-4.503109931945801,0.21773402392864227,-0.002086326479911804,2.3657736778259277
e45e758c1,2.3574137687683105,3.7265422344207764,0.13705959916114807,3.8037424087524414,-0.91217041015625,-1.1206680536270142,-0.8946501016616821,0.6194181442260742,-3.6193618774414062,1.9225610494613647,0.5087857842445374,-0.4513036906719208,-0.5889928936958313,-1.8165197372436523,1.8636655807495117,0.5217353105545044,-2.079352617263794,-1.5049262046813965,2.124534845352173,-1.3506742715835571,-1.3196066617965698,-1.5547438859939575,-1.1671019792556763,0.7462095618247986
e4cb4370c,-0.9980801343917847,-0.606849193572998,0.15955814719200134,2.6857385635375977,-0.805009663105011,0.9531655311584473,-3.2136940956115723,-0.9415254592895508,-1.2645617723464966,-1.4538061618804932,-0.68888258934021,-2.6329286098480225,2.417587995529175,-1.3470358848571777,1.789117455482483,-0.4312101900577545,-3.4944090843200684,-3.2223610877990723,3.002504587173462,-0.4946633577346802,-1.3480517864227295,-1.4157520532608032,-0.41586703062057495,-0.3139244019985199
e5078d068,-0.923869788646698,-1.1728248596191406,-0.7706363201141357,2.0178771018981934,-1.6091275215148926,0.9471551179885864,-2.3952088356018066,-0.8605715036392212,-1.3974833488464355,-1.7298157215118408,-0.4540795087814331,-2.3401591777801514,1.6173492670059204,-2.5311570167541504,0.39376258850097656,1.6541556119918823,-3.9087443351745605,-3.192845344543457,3.1857094764709473,-1.013901710510254,-1.728760838508606,-2.3745524883270264,-0.3942924737930298,-0.292057603597641
e50f9f241,-2.214799642562866,2.74725604057312,5.534694671630859,4.758439540863037,-2.4906692504882812,-0.199008047580719,-2.358907699584961,-0.13420630991458893,-4.299777984619141,0.20320811867713928,-0.8337960243225098,-1.584944486618042,-1.2121714353561401,-2.265134811401367,-0.8748853206634521,-0.44861698150634766,-1.3846648931503296,-2.0448977947235107,-1.5288563966751099,-0.32068943977355957,-0.34713947772979736,-0.5590608716011047,-0.8007234334945679,-2.6293587684631348
e512b33fb,-3.3421897888183594,0.4567229151725769,-4.021536827087402,4.461773872375488,-0.028878415003418922,-2.175597906112671,-2.4954702854156494,-0.7788121700286865,-3.5168399810791016,-2.387624979019165,-2.616347074508667,-0.902148962020874,-1.367030382156372,-3.4927761554718018,6.845633029937744,3.9917984008789062,-4.765134334564209,-4.329013824462891,2.3057100772857666,-3.6053307056427,-4.173771381378174,0.6226262450218201,-0.5440847873687744,-0.19646574556827545
e52fe0b41,-1.872054100036621,2.764600992202759,6.179779052734375,4.03389310836792,-3.087376594543457,-0.9472250938415527,-2.6845786571502686,-0.2193271368741989,-4.782042980194092,-0.07651416212320328,-1.1044297218322754,-2.496204376220703,-2.4011247158050537,-2.628538131713867,-1.9885852336883545,-0.30607345700263977,-1.5366928577423096,-2.452587604522705,-1.9714853763580322,-0.00043585896492004395,-0.6462230682373047,-2.6185662746429443,-0.26227205991744995,-2.2829692363739014
e539e1a4d,-6.207463264465332,-2.7409753799438477,-4.293534278869629,3.83144211769104,-5.324419975280762,-3.5446767807006836,-0.14454308152198792,5.129589080810547,-5.4635725021362305,-1.8683912754058838,0.5763970017433167,5.970798492431641,-4.523567199707031,-5.78778600692749,-1.8451298475265503,0.6314746141433716,-1.5773413181304932,-1.9116086959838867,-4.030978202819824,-0.7085226774215698,0.07336749136447906,-5.22095251083374,-0.8646998405456543,-0.5231061577796936
e53ef2a35,-1.6974843740463257,-0.9298222064971924,-3.791093349456787,5.636850357055664,1.9855027198791504,-1.5848559141159058,-7.948286533355713,-4.495084285736084,0.2734642028808594,-2.852170705795288,-4.74781608581543,-6.641790866851807,6.3412370681762695,1.15114164352417,-1.6443623304367065,-1.8558484315872192,-5.225754261016846,-7.645587921142578,5.907729148864746,-5.578128814697266,-6.414012432098389,1.9330432415008545,-1.2718920707702637,-0.7673215866088867
e56187b03,-1.5771328210830688,0.4517502784729004,1.3549690246582031,1.0780880451202393,-2.8726043701171875,-1.4371843338012695,-0.6692500114440918,0.25275906920433044,-3.012153148651123,-0.15000399947166443,-0.2696850895881653,0.41844186186790466,-1.7587076425552368,-1.9749401807785034,-2.241669178009033,-0.009670108556747437,-0.021709084510803223,-0.6755738854408264,-1.673836350440979,-0.3883386254310608,0.5432353615760803,-2.8996355533599854,-1.261411428451538,-1.1078441143035889
e56fb8264,-4.38950252532959,-0.6470171213150024,-1.1947633028030396,1.7584447860717773,-3.9072954654693604,-1.184610366821289,0.6157429218292236,2.5922324657440186,-4.611293792724609,0.43574994802474976,-0.3998129963874817,0.7089196443557739,-3.2407190799713135,-2.8476781845092773,-3.2383480072021484,0.4655469059944153,1.8198561668395996,0.36047783493995667,-3.372258424758911,0.4851592183113098,1.6908299922943115,-3.9753899574279785,-2.6369519233703613,-1.1938269138336182
e57475890,4.7307610511779785,-4.423008441925049,-6.078125476837158,4.451086044311523,-2.714954137802124,-4.0548787117004395,-7.736964702606201,-3.977691173553467,1.8706145286560059,-5.668468952178955,-1.8248698711395264,-7.829189777374268,4.986374855041504,-3.6772937774658203,-5.429183006286621,-3.8902335166931152,-8.442593574523926,-10.623223304748535,7.27858304977417,-6.8833136558532715,-8.753975868225098,-3.367064952850342,-2.7112817764282227,0.9877361059188843
e5848e7db,-4.5485663414001465,-0.7171193957328796,-2.9592390060424805,3.366152286529541,-4.857191562652588,-2.6950736045837402,1.1618505716323853,4.464653968811035,-5.067293167114258,1.3078126907348633,-0.10518264025449753,2.140422821044922,-3.2815170288085938,-4.833265781402588,-0.7417383790016174,3.4964945316314697,-0.46932104229927063,2.5087125301361084,-3.6239047050476074,-0.39385807514190674,0.6597100496292114,-4.142762184143066,-1.6980969905853271,-0.16476431488990784
e5880f75c,-4.001396656036377,-0.3498414158821106,-0.22171008586883545,-1.7019693851470947,-3.7142786979675293,-2.5907034873962402,-1.3645460605621338,-1.6962612867355347,-4.778698921203613,-0.3278546631336212,-1.5926038026809692,-0.9692050218582153,-3.1778855323791504,-3.22188663482666,-3.206176996231079,-2.3099443912506104,1.466881513595581,-1.512452483177185,-2.316751003265381,-1.2147459983825684,0.5189714431762695,-4.212287902832031,-4.226715564727783,-2.4568183422088623
e5b87fda5,-1.1691968441009521,-3.1934804916381836,-4.977659702301025,5.933802604675293,1.2126848697662354,-0.5524590015411377,-7.071624755859375,-3.7065858840942383,5.468090057373047,-4.216836929321289,-3.5555152893066406,-5.831405162811279,6.870949745178223,1.380544900894165,-1.862282395362854,-2.8977952003479004,-5.696685791015625,-7.390908718109131,6.16841983795166,-5.216300964355469,-5.651643753051758,2.1529791355133057,0.5738966464996338,-0.5180705785751343
e5ed0271d,-3.407345771789551,1.1691972017288208,-1.9821646213531494,4.1078619956970215,-0.3667309880256653,0.2032645046710968,-2.9392125606536865,3.6428160667419434,-3.8506412506103516,0.24549195170402527,-2.0513670444488525,0.002192869782447815,-2.345252275466919,-2.3034756183624268,5.180375576019287,0.09495140612125397,-2.749020576477051,-1.3380197286605835,0.2590639591217041,-1.7857189178466797,-1.195777416229248,0.9675183296203613,-0.785110354423523,-1.6842372417449951
e6353d64a,3.7920045852661133,-3.4667086601257324,-5.4506001472473145,4.866823673248291,-1.72774338722229,-2.2014195919036865,-6.9090776443481445,-3.5778322219848633,0.6836891770362854,-4.473834037780762,-2.2246179580688477,-7.179274082183838,5.66754674911499,-2.9095823764801025,-4.361298561096191,-3.315056085586548,-7.963868618011475,-8.686973571777344,7.037568092346191,-6.318312168121338,-7.213172435760498,-2.4713802337646484,-1.878867745399475,1.7923831939697266
e68644d1e,4.345559120178223,-0.993597149848938,0.5309282541275024,-0.9508143663406372,-3.3229525089263916,-1.6781234741210938,-2.921356201171875,-0.6391606330871582,-2.141552448272705,-1.8911563158035278,0.9399688243865967,-2.973539113998413,-0.9832322597503662,-3.9818944931030273,-0.6254825592041016,-1.3931655883789062,-3.516451120376587,-4.678649425506592,3.7943828105926514,-0.7259589433670044,-2.007796287536621,-3.7304651737213135,-2.029134511947632,0.1275484710931778
e6cb26296,4.807356834411621,-1.787983775138855,-0.3795582950115204,-0.37372279167175293,-3.6029534339904785,-2.1027936935424805,-2.285789966583252,-0.5443415641784668,-1.9423184394836426,-2.1238975524902344,1.4932682514190674,-2.253920078277588,-1.2444796562194824,-3.98223876953125,-1.750129222869873,-1.7600256204605103,-2.8598852157592773,-4.7136945724487305,3.183112859725952,-0.9888870120048523,-1.8092882633209229,-3.8580222129821777,-2.0846128463745117,1.3287699222564697
e751d4faa,-3.4534502029418945,3.0312116146087646,0.27422666549682617,5.155905246734619,-0.16195106506347656,-1.1950167417526245,-5.304269790649414,-1.0213574171066284,-3.9877090454101562,-1.1005865335464478,-3.2134902477264404,-4.642184734344482,-0.8537761569023132,-0.4566105008125305,-0.42163488268852234,-0.6776320934295654,-0.29889535903930664,-4.620082378387451,-1.3462398052215576,-3.603189468383789,-2.94281005859375,2.5986461639404297,-1.937468409538269,-1.6369655132293701
e7acab4ef,7.37559700012207,5.899312973022461,0.35480186343193054,3.9096879959106445,-0.9187542200088501,-3.047252655029297,-0.34299236536026,-0.6993331909179688,-3.611171007156372,3.822874069213867,1.0122754573822021,-0.7946596741676331,2.5748729705810547,-1.9198871850967407,-1.4536478519439697,2.5939254760742188,-3.549253463745117,-3.8233985900878906,4.85457706451416,-2.221700668334961,-3.613711357116699,-3.5552234649658203,-2.416581392288208,4.254475116729736
e80456d8d,2.7654733657836914,-2.334385871887207,-5.2363810539245605,4.6594557762146,-0.7737579345703125,-2.8386759757995605,-6.787843704223633,-3.663975238800049,-0.04375012218952179,-3.227062702178955,-2.753711700439453,-6.972589492797852,5.450189590454102,-2.6780638694763184,-3.4683780670166016,-2.9835331439971924,-7.2732744216918945,-8.483593940734863,6.753124713897705,-6.209271430969238,-7.4038190841674805,-1.703163743019104,-2.3311679363250732,1.4470947980880737
e81a06c38,4.489312648773193,4.627042770385742,-0.9674146771430969,3.4891269207000732,-0.7507547736167908,-1.638791799545288,-2.6270956993103027,0.19773276150226593,-3.497528314590454,1.3938766717910767,-0.10405364632606506,-2.116065740585327,0.2717351019382477,-1.6863172054290771,0.8161790370941162,1.0768080949783325,-3.19062876701355,-4.10382080078125,2.702925205230713,-2.6119723320007324,-3.2369256019592285,-1.6334837675094604,-1.3478583097457886,1.3814496994018555
e82c2e698,-4.406125068664551,0.23584163188934326,-2.2815892696380615,4.087363243103027,-1.6300296783447266,-1.1819682121276855,-3.586954116821289,-0.1976781189441681,-4.066410541534424,-0.1483321636915207,-1.3721163272857666,-1.7866621017456055,-1.8367364406585693,-2.741506576538086,1.7565829753875732,-0.3331402540206909,-1.8072175979614258,-2.308450937271118,-0.38218051195144653,-3.1331090927124023,-1.3380377292633057,-0.6905324459075928,-1.6514878273010254,-1.5157285928726196
e8304fc82,-5.212578773498535,-0.7447859048843384,-1.3843801021575928,-0.7113671898841858,-4.744796276092529,-2.9003500938415527,0.048053011298179626,-0.015454590320587158,-5.377510070800781,0.2533857524394989,-1.4134478569030762,-0.10168109834194183,-3.8357229232788086,-3.410332202911377,-4.284968376159668,-1.1644489765167236,2.9179506301879883,-0.2552909851074219,-3.7332382202148438,-0.24909181892871857,1.482472538948059,-5.448750972747803,-2.9383647441864014,-2.0017330646514893
e87005eb8,-5.56434440612793,-2.2636945247650146,-3.0979809761047363,0.3260195851325989,-5.711690902709961,-3.4114482402801514,0.34700167179107666,5.756451606750488,-4.549354076385498,-0.9181851148605347,-0.7677363157272339,5.20878267288208,-4.305243968963623,-5.056874752044678,-3.6675004959106445,0.7119678258895874,1.0042680501937866,-0.24819396436214447,-4.446547508239746,0.5238722562789917,0.9059887528419495,-5.645356178283691,-1.6552646160125732,-3.1390135288238525
e8b49743b,5.88574743270874,-5.3781208992004395,-4.348714351654053,3.649016857147217,-4.277563095092773,-3.225423812866211,-6.215021133422852,-2.092740058898926,2.1403815746307373,-5.854396820068359,0.6842908263206482,-6.517971992492676,2.1300125122070312,-4.226530075073242,-4.990743637084961,-3.2640810012817383,-6.975325107574463,-9.095292091369629,7.116539001464844,-5.375830173492432,-6.667043685913086,-4.480438709259033,-2.462587594985962,1.2543104887008667
e92ed71cb,-4.988541126251221,4.604630470275879,-4.385318279266357,5.424359321594238,-4.435701847076416,-4.964803695678711,-4.264214515686035,-2.5606155395507812,-6.347748756408691,-2.410831928253174,-3.2188220024108887,-3.5016322135925293,-5.768329620361328,0.637723445892334,-4.152212142944336,-0.8704575896263123,6.989251136779785,-2.6218481063842773,-6.2728166580200195,-3.782270908355713,-3.190080165863037,-3.3938045501708984,-2.6113531589508057,-3.6921629905700684
e973505fd,-4.626034259796143,-5.306424617767334,-4.2719011306762695,6.136845111846924,-0.9913496971130371,0.766450822353363,-6.467750072479248,-5.21280574798584,-0.5163735747337341,-5.333822727203369,-2.871817111968994,-7.193603515625,5.762758255004883,-1.487565279006958,-5.024815559387207,-3.659978151321411,-7.100471496582031,-7.631540298461914,4.978078365325928,-4.381885051727295,-5.11325216293335,-3.085355281829834,-0.35155317187309265,2.943885564804077
e98831840,-5.5998759269714355,-2.9504363536834717,-3.484487533569336,4.801680088043213,-0.9330320358276367,0.5633094310760498,-1.598207712173462,-2.2596688270568848,-4.4561381340026855,-1.1389598846435547,0.31466931104660034,-3.163865327835083,0.7822489738464355,-4.722706317901611,-2.282388687133789,-1.5810739994049072,-4.362383842468262,-2.3243064880371094,0.44182032346725464,-2.8194093704223633,-0.7494115829467773,-3.742271900177002,-1.807167887687683,5.4420366287231445
e9964f21c,2.5570013523101807,3.9262444972991943,0.28191521763801575,3.533817768096924,0.17671698331832886,-0.8073751330375671,-0.06542959809303284,0.6700512170791626,-2.8895986080169678,1.8762315511703491,-0.3105774223804474,-0.47029951214790344,-0.08264918625354767,-1.2939424514770508,0.8349025845527649,2.871642827987671,-1.6666221618652344,-1.1432137489318848,1.7053563594818115,-1.1120010614395142,-1.1272809505462646,-1.0185623168945312,-0.6578639149665833,1.1396082639694214
e9d9c2ed8,-5.18704080581665,3.884349822998047,-2.25273060798645,5.45289421081543,-1.0296403169631958,3.4035122394561768,-4.531999111175537,1.4578073024749756,-5.6005449295043945,-0.9334627389907837,-2.8015377521514893,-3.7551064491271973,-4.126713752746582,-1.5588383674621582,1.5458369255065918,2.8463680744171143,-1.5360374450683594,-4.226849555969238,-2.5574896335601807,-3.379023551940918,-2.3350143432617188,0.7288438677787781,-1.3192400932312012,-3.3503835201263428
e9eb91c10,-0.7408618330955505,-0.7004084587097168,-1.3224895000457764,5.050626754760742,3.533695936203003,-0.8917196989059448,-4.645630836486816,-2.928389549255371,1.3147286176681519,-1.9272775650024414,-4.29821252822876,-4.147192001342773,5.980962753295898,1.95634925365448,-0.7333297729492188,-2.004976749420166,-3.708228588104248,-5.407221794128418,5.912771701812744,-3.0807440280914307,-4.004082679748535,2.959613800048828,-1.850941777229309,-2.0170440673828125
ea0bd0265,-5.71555757522583,-1.7721409797668457,-1.9371036291122437,-1.9583216905593872,-5.679482936859131,-3.2156150341033936,-0.13920868933200836,5.635045051574707,-4.957456111907959,-1.193929672241211,-1.0241072177886963,4.872948169708252,-4.05486536026001,-4.270060062408447,-3.5253231525421143,0.5309592485427856,-1.2263076305389404,-1.502022624015808,-4.203824996948242,0.8379870653152466,0.9983884692192078,-5.689042091369629,-1.1152312755584717,-3.31073260307312
ea29deb79,-3.9172821044921875,2.6442761421203613,-2.466644287109375,5.074531555175781,-3.220259189605713,-1.5735867023468018,-1.9395475387573242,-0.42633432149887085,-4.1227521896362305,-1.188014268875122,-0.8564778566360474,-2.2389278411865234,-3.1931986808776855,0.22238466143608093,-1.8210049867630005,1.5977355241775513,3.620298147201538,-1.945453405380249,-3.3177456855773926,-2.1008541584014893,-0.908561110496521,-2.547724723815918,0.9650974273681641,-1.0816168785095215
ea4e3b961,3.341697931289673,-4.509692668914795,-5.555569648742676,5.207775115966797,-2.1487793922424316,-2.7846968173980713,-6.813956260681152,-3.058166742324829,0.6455518007278442,-5.253122806549072,-1.9949346780776978,-7.149443626403809,5.758311748504639,-3.066798210144043,-4.763427257537842,-3.4411702156066895,-8.357061386108398,-9.143621444702148,6.911405563354492,-6.523899555206299,-7.798845291137695,-3.2759437561035156,-2.1930084228515625,1.5525270700454712
ea4e55fe5,-1.110310435295105,0.5830391645431519,1.3385363817214966,1.0481183528900146,-2.042459726333618,-1.1050136089324951,1.6243051290512085,2.503845691680908,-2.7491326332092285,-0.05569944158196449,0.9927560687065125,4.049309253692627,-1.9844720363616943,-3.194657325744629,1.9142718315124512,2.924689769744873,-1.4656533002853394,-0.25942695140838623,-0.8891819715499878,0.03445861488580704,-0.14140568673610687,-2.181262731552124,0.09109574556350708,2.629922866821289
ea6ca9f44,0.8146212697029114,-0.30631470680236816,1.0578871965408325,0.4134219288825989,-1.9457695484161377,1.4212607145309448,-2.3337297439575195,2.7947537899017334,-2.0766026973724365,-0.3569430708885193,-0.8464337587356567,-1.0539411306381226,0.45478692650794983,-2.4212753772735596,0.31966909766197205,0.6672595739364624,-2.7128331661224365,-2.3543787002563477,3.233708381652832,0.5296226143836975,-0.1851513683795929,-2.227677583694458,-1.3059285879135132,-1.3218523263931274
ea82be42b,-1.0190129280090332,-0.08525241166353226,-3.448523759841919,5.963996887207031,5.078500747680664,-1.5192246437072754,-5.980078220367432,-3.218780517578125,1.6506905555725098,-1.4539668560028076,-5.006511688232422,-4.376174449920654,6.989509105682373,3.423015594482422,0.6442854404449463,-1.9929739236831665,-3.8914966583251953,-5.190936088562012,6.378942966461182,-4.200592994689941,-4.6212568283081055,4.690285682678223,-1.846304178237915,-1.5971307754516602
eab0e3fb7,-0.27830708026885986,-1.8924769163131714,-1.4697332382202148,3.4482789039611816,-1.798371434211731,-0.6970477104187012,-4.1556501388549805,0.08965449780225754,-1.7160964012145996,-2.40779185295105,-1.1363599300384521,-3.661407232284546,2.395012617111206,-3.2346255779266357,1.3198902606964111,-1.8326643705368042,-5.343398094177246,-4.662900447845459,4.405972480773926,-2.491180181503296,-2.591602325439453,-1.6199126243591309,-2.0265562534332275,-0.4327738285064697
eac54ac53,-0.6359905004501343,-3.334648609161377,-2.1071670055389404,2.626296281814575,-2.2504513263702393,-0.9416269659996033,-5.290586471557617,-2.150369644165039,-1.9952504634857178,-4.259131908416748,-1.0618321895599365,-4.7694292068481445,2.4187848567962646,-3.129347085952759,-1.2285348176956177,-1.7252066135406494,-5.763179302215576,-7.022984981536865,4.793284893035889,-2.7961089611053467,-3.328803300857544,-3.267787218093872,-1.5153822898864746,0.07732847332954407
eaf7140b0,-4.695631980895996,3.989250659942627,-6.175707817077637,5.245546340942383,-1.3124594688415527,-3.7935967445373535,-6.980645179748535,-0.32094812393188477,-5.252129077911377,-3.4190306663513184,-4.011643409729004,-4.348937511444092,-4.746621131896973,-2.810171127319336,5.417863368988037,-0.22958754003047943,-2.651603937149048,-7.105417251586914,-0.6903609037399292,-5.704673767089844,-6.564187049865723,0.5014581084251404,0.014273494482040405,-2.1992340087890625
eaf8a6d78,6.332098484039307,-4.352489948272705,-4.539480209350586,4.288909912109375,-3.6249876022338867,-3.6053197383880615,-6.545215606689453,-3.1592681407928467,2.2254445552825928,-5.780701160430908,-0.46253228187561035,-7.4112091064453125,4.204581260681152,-4.170651435852051,-5.5954389572143555,-3.6568448543548584,-8.866376876831055,-10.135490417480469,7.9609222412109375,-5.880082130432129,-7.899594306945801,-4.314807415008545,-2.7569642066955566,1.6276644468307495
eafed0d41,-2.207714080810547,-3.6612207889556885,-2.978188991546631,6.04247522354126,-1.169549822807312,4.743266582489014,-6.619392395019531,-3.975038528442383,2.058387517929077,-4.7407941818237305,-2.5697836875915527,-6.389608860015869,5.995657920837402,-0.27468788623809814,-4.076127052307129,-2.04952335357666,-6.102644920349121,-6.895259380340576,5.711441993713379,-4.012127876281738,-4.634697437286377,-2.146468162536621,-0.21365037560462952,-0.015643417835235596
eb1505c15,0.7296938896179199,0.4530865252017975,1.5420513153076172,1.6045466661453247,-2.401115655899048,-1.2215747833251953,-0.27105435729026794,0.17657500505447388,-2.535722255706787,-0.4839448928833008,0.88958340883255,0.21896213293075562,-1.5608148574829102,-2.2936131954193115,-1.7931796312332153,0.436038613319397,-0.4310683012008667,-1.057401418685913,-0.3187461495399475,-0.3786238133907318,0.23194211721420288,-2.966357469558716,-1.076967477798462,-0.41606777906417847
eb29ff0a5,-2.44895076751709,-0.39819157123565674,-0.09868448972702026,-0.817479133605957,-2.8190560340881348,-0.8995481729507446,-0.006865374743938446,1.6001286506652832,-2.9889278411865234,1.3020693063735962,-0.39715835452079773,2.015012502670288,-1.6130321025848389,-2.6247801780700684,-1.6449646949768066,-0.16326892375946045,-0.4502139389514923,0.666744589805603,-1.305328607559204,0.20968306064605713,1.698809266090393,-3.2827250957489014,-1.163572072982788,-0.2536080777645111
eb733ca02,-3.6039748191833496,-0.8793105483055115,-0.764517605304718,-2.853433609008789,-4.47879695892334,-2.7348132133483887,-1.793992280960083,-1.6719210147857666,-4.019279479980469,-1.2004632949829102,-1.5054280757904053,-0.9709800481796265,-2.6870639324188232,-3.4943928718566895,-3.8455722332000732,-2.3769888877868652,1.536015510559082,-2.6128928661346436,-1.3071178197860718,-0.2339337319135666,0.20572003722190857,-4.577898025512695,-3.577803611755371,-2.192732095718384
ebbdc0aa8,-2.589956521987915,-1.0486897230148315,-0.8504958152770996,3.899021625518799,-1.4896347522735596,1.1308904886245728,-2.091216564178467,-0.33339571952819824,-2.815894603729248,-1.1460877656936646,0.08699879050254822,-1.6682331562042236,0.7856606841087341,-1.752889633178711,-0.7502033710479736,0.31359148025512695,-2.90617299079895,-2.851257801055908,1.386118769645691,-1.6094049215316772,0.2918238639831543,-2.1278998851776123,-0.3461458683013916,0.9626284837722778
ec3106223,-1.2862398624420166,-2.9921414852142334,-3.6191933155059814,5.740432262420654,0.6235665678977966,-0.2712027430534363,-7.1227569580078125,-3.485154867172241,4.680631160736084,-4.354121208190918,-3.1319761276245117,-5.981579303741455,6.53678560256958,0.20980346202850342,-1.7304329872131348,-3.114105463027954,-6.435458183288574,-7.4942121505737305,6.304165840148926,-4.667421817779541,-5.9238128662109375,1.3943766355514526,-0.09539847820997238,-1.0933538675308228
ec33806f2,-0.4755888879299164,-2.704857587814331,-2.3684890270233154,3.886415481567383,-2.2311224937438965,-1.0306230783462524,-5.064249515533447,-2.002683639526367,-0.9479329586029053,-3.754007339477539,-1.3534067869186401,-5.139512062072754,3.2582626342773438,-2.9583065509796143,-0.6069818139076233,-2.3189923763275146,-6.140409469604492,-6.320485591888428,4.443129062652588,-3.347625732421875,-4.588794231414795,-2.463695526123047,-1.4849895238876343,0.9773126840591431
ec59b0131,-4.330552101135254,-3.42661714553833,-3.098766326904297,5.459016799926758,-0.969943642616272,1.2262035608291626,-4.424033164978027,-2.592203140258789,-2.7917981147766113,-3.8552980422973633,-1.1285213232040405,-4.796690940856934,2.5457396507263184,-3.4358882904052734,-1.751253604888916,-2.120122194290161,-5.980023384094238,-5.534184455871582,3.047436237335205,-2.8115735054016113,-3.1791653633117676,-2.4259092807769775,-0.8149336576461792,4.482145309448242
ec6d15316,0.7469809055328369,-4.537435054779053,-6.023471832275391,5.235378742218018,-1.7257431745529175,-3.0177721977233887,-7.515976905822754,-4.378498077392578,-0.051672980189323425,-5.380017280578613,-2.73215389251709,-7.730103492736816,5.839357852935791,-2.6429896354675293,-4.856416702270508,-3.2758901119232178,-8.008821487426758,-9.373880386352539,7.015240669250488,-6.630876541137695,-7.854212760925293,-3.0198538303375244,-2.1048970222473145,1.7997462749481201
ec7635962,-2.453131675720215,3.621616840362549,-1.7115609645843506,4.765265464782715,-0.03075503557920456,-1.7181453704833984,-2.4211585521698,-0.2280503362417221,-2.7502379417419434,-0.7180920243263245,-2.700312614440918,-1.5563936233520508,-1.2849225997924805,-0.7235017418861389,2.111158847808838,3.5116126537323,-0.3377990424633026,-3.3128738403320312,-0.6420170068740845,-3.3782033920288086,-2.7152562141418457,2.889918327331543,-0.9317967295646667,-1.434448003768921
eca7dbdb9,-3.097670078277588,0.18558251857757568,-1.3978670835494995,3.7246503829956055,-2.2370028495788574,-0.9464852809906006,-1.4423108100891113,0.5059175491333008,-4.343474388122559,-0.12322832643985748,0.22015677392482758,-0.9559506773948669,-3.076153516769409,-3.8927760124206543,5.022909641265869,2.755941390991211,-3.686993360519409,-1.205113410949707,-0.3567090332508087,-1.3770382404327393,-0.7001463174819946,-2.6442673206329346,0.06699850410223007,-1.4017457962036133
ece74e291,-1.9310545921325684,-2.6282413005828857,-4.281896591186523,5.050124645233154,0.33538633584976196,3.0062508583068848,-5.772719383239746,-3.0413131713867188,0.2540535032749176,-3.4798269271850586,-2.4374592304229736,-5.402349472045898,5.6101813316345215,-1.3443111181259155,-2.5565319061279297,-2.969512939453125,-6.578398704528809,-6.148709297180176,4.942261695861816,-4.100833415985107,-4.930113792419434,-1.334116816520691,-0.415216863155365,4.1589789390563965
ecedeb42a,-1.1267353296279907,-1.900253415107727,-5.336090564727783,5.963253498077393,2.710705280303955,-1.923987865447998,-7.498258590698242,-4.412325382232666,0.7231927514076233,-2.87927508354187,-4.2559003829956055,-6.744706630706787,6.221432685852051,0.23730230331420898,-0.23132455348968506,-3.594818115234375,-6.587269306182861,-7.410552501678467,6.460926532745361,-5.665201187133789,-6.6282267570495605,2.5806379318237305,-2.0794684886932373,0.21071550250053406
ecf35cd2c,-6.923332691192627,-1.5220446586608887,-5.526445388793945,2.1597838401794434,-6.441062927246094,-5.359976768493652,0.20361259579658508,4.804372787475586,-6.177096366882324,-1.5170695781707764,-0.8910175561904907,3.6577725410461426,-4.990085124969482,-4.755365371704102,-4.725215911865234,0.9855417609214783,3.6414873600006104,-0.8929189443588257,-6.531335353851318,-0.4937629997730255,0.2726568579673767,-7.058977127075195,-1.4606785774230957,2.5189192295074463
ed03cf2b1,-6.048745155334473,4.490728378295898,-5.343082904815674,6.17156982421875,-5.115938663482666,-5.187134742736816,-4.32419490814209,-2.2775959968566895,-7.740305423736572,-2.8346967697143555,-3.236185312271118,-4.365520477294922,-6.657571315765381,-0.5170809030532837,-4.704162120819092,-0.496829092502594,5.999575614929199,-3.8612451553344727,-6.896949768066406,-5.828377723693848,-3.4807868003845215,-3.9840784072875977,-2.935915470123291,-3.626960039138794
ed1b5e83c,-6.443607807159424,-2.945908308029175,-2.6026785373687744,-2.4503378868103027,-6.477869033813477,-3.492438554763794,-0.08850421011447906,4.9472150802612305,-5.723388671875,-0.08916489034891129,-0.30571043491363525,4.196244239807129,-4.237582206726074,-4.89647912979126,-3.2114968299865723,1.0592020750045776,-1.4066814184188843,-1.4425331354141235,-4.60671854019165,0.8280372619628906,5.31236457824707,-6.615640640258789,-1.7639285326004028,-3.445456027984619
ed2200f5d,-0.3437215983867645,-0.9127776622772217,-0.5154989957809448,3.288743019104004,-1.8079956769943237,-1.0494072437286377,-3.329207420349121,-1.0015851259231567,-2.6260886192321777,-0.5318569540977478,-0.45015352964401245,-2.8665761947631836,0.37140369415283203,-3.2135729789733887,0.9171930551528931,-1.1211695671081543,-2.5842349529266357,-3.5112104415893555,3.8144009113311768,-1.1528310775756836,-1.4883188009262085,-1.839314579963684,-1.4507821798324585,0.39498698711395264
ed3b6780f,-1.9664709568023682,-2.861565113067627,-3.095163345336914,4.613280296325684,-2.8628790378570557,-1.5093421936035156,-6.0815911293029785,-1.4028575420379639,-0.6695589423179626,-4.462736129760742,-2.661602258682251,-5.626723289489746,4.1890034675598145,-2.5747735500335693,-2.232219696044922,-2.155287981033325,-5.253935813903809,-6.6307692527771,4.451507091522217,-4.516290187835693,-4.992110729217529,-2.404902935028076,-1.9444870948791504,-0.5579540133476257
ed4836885,-4.5232038497924805,1.2816691398620605,-2.6708478927612305,3.0526316165924072,-3.142805814743042,-3.2166049480438232,-0.5315582752227783,-1.040740966796875,-4.69989013671875,-0.3417413532733917,-1.4550875425338745,-0.6162576079368591,-4.224225044250488,-1.8330281972885132,-1.9856760501861572,-0.8849279880523682,3.6561355590820312,0.15489596128463745,-3.7573604583740234,-2.32796311378479,-0.04336865246295929,-2.541426658630371,-2.254051446914673,-1.275714635848999
ed4aed156,-0.6572939157485962,-2.8561956882476807,-5.205626487731934,5.319079875946045,-0.5850681066513062,-1.4876078367233276,-6.7132720947265625,-4.033702373504639,2.1801135540008545,-4.39960241317749,-3.4471325874328613,-6.261378765106201,5.726964950561523,-0.7975831627845764,-3.283827781677246,-0.9008225202560425,-6.235113143920898,-8.009964942932129,5.780006408691406,-4.992529392242432,-6.5839996337890625,-0.7162603139877319,0.8567180633544922,0.35249602794647217
ed4d33cf9,4.788258075714111,4.306722164154053,-2.608873128890991,4.218365669250488,0.39246484637260437,-2.8504443168640137,-4.04032564163208,-1.1779223680496216,-1.4121016263961792,0.8605690598487854,-1.4116886854171753,-3.7923154830932617,3.7214975357055664,-1.2698286771774292,-0.9757816791534424,-0.7114701271057129,-4.0420098304748535,-6.078956127166748,4.386302947998047,-4.220953941345215,-5.30559778213501,-0.12457717955112457,-1.676025152206421,0.9770724177360535
ed75d36e1,-6.07646369934082,-5.414315223693848,-2.9114325046539307,6.126786708831787,-2.035412073135376,1.2238011360168457,-4.126887798309326,-4.616021156311035,-2.2750403881073,-4.396350383758545,-1.0894676446914673,-6.231008052825928,4.224148273468018,-3.5129282474517822,-5.71147346496582,-4.004926681518555,-6.539822578430176,-5.3891496658325195,3.5152859687805176,-3.4706995487213135,-2.9052469730377197,-4.417840003967285,-0.8069593906402588,4.494997024536133
ed872c356,-3.76261568069458,3.4775376319885254,1.4994709491729736,4.879308223724365,-2.5781502723693848,-0.10638164728879929,-2.444181203842163,2.1430623531341553,-5.36758279800415,-0.4286215901374817,-1.6563206911087036,-2.703253746032715,-2.120522975921631,-1.3208917379379272,0.010299794375896454,2.9853250980377197,-1.294642448425293,-3.0177817344665527,-2.019526720046997,-1.354391098022461,-0.7458928823471069,-0.08542321622371674,-1.3602814674377441,-2.604245901107788
edbc79f69,-3.423584461212158,1.9615485668182373,3.0984139442443848,4.175841808319092,-1.3872947692871094,-0.6853141188621521,-4.915821075439453,-0.7339248657226562,-3.8940014839172363,-0.9827556610107422,-3.039628028869629,-4.020152568817139,-0.3469216227531433,-2.4876441955566406,-1.6725660562515259,-2.072657585144043,-2.158398151397705,-3.548929452896118,-0.011334478855133057,-1.8855109214782715,-1.1855205297470093,0.44354963302612305,-3.363835573196411,-2.8559021949768066
ede9f85c3,-1.027681589126587,-0.9262059330940247,-0.038275063037872314,1.8447260856628418,-0.3850057125091553,5.198910236358643,-2.396800994873047,-0.8013172745704651,-1.4327656030654907,-1.027598261833191,-0.2846777141094208,-2.353898048400879,2.1025938987731934,-1.5417916774749756,0.33883556723594666,0.1447824388742447,-3.6056885719299316,-2.757512092590332,2.480923891067505,-0.3987591564655304,-0.5460202097892761,-2.262331962585449,-1.1198198795318604,-0.25661975145339966
ee0b21eec,-0.31163153052330017,3.6366212368011475,-1.4562420845031738,4.676418304443359,1.3647022247314453,-1.2603718042373657,-3.1965174674987793,-0.3341212570667267,-0.7836534976959229,2.4830451011657715,-1.9931739568710327,-1.5206221342086792,1.0753881931304932,3.8559718132019043,1.9098511934280396,0.7897375822067261,0.21732646226882935,-0.6969205141067505,1.871599555015564,-0.8816490769386292,-1.9887487888336182,2.4083659648895264,-1.5652939081192017,-1.818989872932434
ee100683f,-4.684290409088135,-1.9782911539077759,-1.6164627075195312,-2.6078367233276367,-5.497536659240723,-2.9104301929473877,-0.2211393415927887,5.299492835998535,-5.024016380310059,-1.212680459022522,-1.0138092041015625,5.0106282234191895,-3.9660444259643555,-5.3405961990356445,-3.471372127532959,0.15685606002807617,-1.2454954385757446,-1.677992820739746,-3.39737606048584,0.6315218210220337,0.7985966801643372,-5.649571418762207,-1.4976050853729248,-3.469395637512207
ee3ede2ae,-5.982448577880859,-0.6313151121139526,-6.88370943069458,4.080550670623779,0.2943449318408966,-3.3375916481018066,-8.208401679992676,-2.2786970138549805,-4.356289386749268,-4.824888229370117,-4.052278518676758,-4.458707809448242,-2.8837766647338867,-4.790999412536621,6.495943069458008,-2.711897134780884,-7.077824115753174,-9.048224449157715,3.747835636138916,-5.942431449890137,-6.405208587646484,2.596686601638794,-1.7443711757659912,-0.992781937122345
ee7aa07f5,7.266094207763672,-5.793529987335205,-2.4576101303100586,1.677943229675293,-6.423882961273193,-5.368735313415527,-5.436318397521973,-1.394970178604126,0.7221426963806152,-5.780611515045166,1.5335023403167725,-5.870272636413574,-0.8317750692367554,-6.091422080993652,-5.2241716384887695,-3.394935131072998,-6.409757614135742,-9.00914192199707,6.573834419250488,-3.7482361793518066,-6.192950248718262,-6.306653022766113,-3.1638293266296387,-0.10039002448320389
eeaa58e68,-5.324865818023682,-1.1831159591674805,-5.778406143188477,4.142051696777344,-1.3287092447280884,-2.164782762527466,-6.1177520751953125,-0.4837162494659424,-6.012938022613525,-3.5455565452575684,-1.5946438312530518,-3.496579885482788,-4.446789741516113,-5.061635494232178,5.9685258865356445,-2.0246033668518066,-6.734652519226074,-6.962425231933594,2.4323973655700684,-5.014132022857666,-3.8379411697387695,-0.14382542669773102,-0.8626679182052612,-0.21488851308822632
eeca6861f,4.543797016143799,4.255288124084473,-1.013040542602539,4.235484600067139,-1.0449066162109375,-1.5543549060821533,-1.0049691200256348,0.44431498646736145,-3.3441388607025146,2.120098114013672,1.8797903060913086,-0.7492815256118774,-0.15681716799736023,-2.0291786193847656,0.2742650508880615,0.49198850989341736,-2.8311870098114014,-3.049808979034424,2.664062976837158,-2.3873817920684814,-2.096982955932617,-1.9391928911209106,-0.7501638531684875,2.7234652042388916
eecc5a69d,-0.6147506237030029,-2.0111916065216064,-5.181124210357666,5.566904544830322,-0.05612596869468689,-1.4797122478485107,-7.442904472351074,-4.21099328994751,1.8648103475570679,-3.8791325092315674,-3.6522881984710693,-7.0637311935424805,5.709696292877197,0.12626469135284424,-2.3352582454681396,-3.067411184310913,-6.26249885559082,-7.86967658996582,5.864246368408203,-5.3680877685546875,-6.9136457443237305,0.18800801038742065,-0.8049497008323669,-0.6706389784812927
eed029a50,6.163336277008057,6.006196022033691,-4.760690689086914,5.231539726257324,0.6847949028015137,-5.4083638191223145,-6.178737640380859,-3.0533828735351562,-2.2981185913085938,4.588710784912109,-3.3235206604003906,-5.952003479003906,5.445837020874023,-1.974100112915039,-1.5255147218704224,-2.21541428565979,-4.674017429351807,-7.271115303039551,6.493015289306641,-6.0190958976745605,-7.058126926422119,0.08773219585418701,-4.31817626953125,-0.8936319351196289
eed2fda4e,-5.50081729888916,1.4910356998443604,-4.150395393371582,4.545283317565918,-3.541503429412842,-3.7186834812164307,-2.106485605239868,-1.5906087160110474,-5.4158759117126465,-1.5980756282806396,-1.7362221479415894,-1.6091684103012085,-4.260091781616211,-1.3637202978134155,-3.307300567626953,-0.8521972894668579,3.603519916534424,-1.9189715385437012,-4.37776517868042,-3.655508041381836,-1.4933514595031738,-3.029526948928833,-2.2269763946533203,-1.8725738525390625
ef028c4cb,-4.662257671356201,3.8126752376556396,-5.435368061065674,5.5759711265563965,-1.833097219467163,-2.5386874675750732,-3.8434865474700928,4.777234077453613,-5.816626071929932,-3.146118640899658,-2.5907537937164307,-1.0322388410568237,-4.458171367645264,-1.328620195388794,5.386155605316162,4.0365309715271,-2.2771546840667725,-5.801981449127197,-1.7546571493148804,-3.2769248485565186,-4.470746994018555,-2.113487482070923,-0.5446048974990845,0.28960615396499634
ef22c51c1,-2.566849946975708,0.03745746612548828,0.48102933168411255,-0.6629743576049805,-2.029151678085327,0.7465118169784546,-0.724337100982666,1.5878082513809204,-2.655320167541504,1.1739346981048584,-0.39406025409698486,1.0102803707122803,-0.2939220070838928,-1.697324275970459,-1.4446040391921997,0.6592387557029724,-1.1019731760025024,0.2760240435600281,-0.5327683687210083,1.0127977132797241,1.6964380741119385,-2.9127721786499023,-1.2007994651794434,-0.8460783958435059
ef3b3072f,-0.2945218086242676,-0.511954128742218,-2.667937755584717,5.219059467315674,3.469877243041992,-1.217842936515808,-4.913450717926025,-3.012709617614746,1.323514461517334,-1.4408283233642578,-4.195725440979004,-3.980468273162842,6.086910247802734,3.2156856060028076,-0.7720583081245422,-1.4260129928588867,-3.7569336891174316,-4.999725818634033,6.125235557556152,-2.7038943767547607,-4.253981590270996,2.859426498413086,-1.2576724290847778,-1.7331379652023315
ef4085501,-0.8245972394943237,0.5792295336723328,-0.056664176285266876,1.3992061614990234,-1.013696312904358,-0.3527835011482239,0.3282150626182556,3.0899176597595215,-3.245462656021118,1.8767509460449219,0.6515048742294312,2.467609167098999,0.18910112977027893,-3.5179765224456787,0.3903382420539856,0.9155051112174988,-1.6981382369995117,0.15843206644058228,0.3094484806060791,0.577118992805481,0.9466806650161743,-2.758946180343628,-0.7054864168167114,3.674499034881592
ef7e71a06,-2.7778830528259277,3.4857614040374756,-1.5694851875305176,5.393649578094482,-1.5050532817840576,-0.8940956592559814,-2.640268325805664,3.3930790424346924,-3.7004432678222656,-0.6796308755874634,-2.7955307960510254,-1.5408501625061035,-2.2324697971343994,-0.8062611818313599,4.53729248046875,1.3017642498016357,-1.5845366716384888,-3.1053919792175293,-0.35120540857315063,-0.2901434898376465,-2.6736817359924316,0.4370204210281372,-0.9197517037391663,-2.0756876468658447
efa3eba39,-2.0246992111206055,2.7802648544311523,5.626869201660156,3.7817914485931396,-2.124750852584839,0.8435753583908081,-1.2797271013259888,3.272298812866211,-3.9062938690185547,1.748363971710205,-0.8262196779251099,-0.620413601398468,-0.5987545251846313,-2.605722427368164,-0.6871916651725769,1.4378235340118408,-2.0866942405700684,-0.3633779287338257,-1.224428653717041,1.4352974891662598,1.3666846752166748,-2.0764102935791016,-1.0823676586151123,-0.44623249769210815
efbe09174,-4.07514762878418,2.2393267154693604,-3.084710121154785,4.646261215209961,-3.550016403198242,-3.0690019130706787,-0.4599994122982025,-0.14591063559055328,-4.341057777404785,-0.22230617702007294,-1.4203540086746216,-0.21993640065193176,-3.439309597015381,-0.9462366104125977,-3.257174253463745,0.7299560308456421,4.704952716827393,-0.03558587282896042,-4.215951919555664,-1.736812710762024,0.15709680318832397,-3.3000190258026123,-1.4364475011825562,-0.48902541399002075
efc85723d,-1.936594009399414,0.1736239194869995,1.3603347539901733,1.0998246669769287,-2.806617498397827,-1.6107560396194458,-0.1356699913740158,-0.17437469959259033,-3.153934955596924,-0.7055799961090088,0.5129344463348389,0.8285863995552063,-1.7508623600006104,-1.8881261348724365,-2.6521286964416504,-0.01142297126352787,0.5561105012893677,-1.0572125911712646,-1.7348997592926025,0.1258522868156433,0.6619870662689209,-3.067915678024292,-1.3138093948364258,-1.4046354293823242
f01e4c27d,-2.3829562664031982,0.10833534598350525,-1.4603333473205566,2.9731266498565674,-1.4865710735321045,-1.2747032642364502,-2.185718059539795,0.04082585871219635,-4.157400131225586,-0.4514690339565277,-0.5761206746101379,-0.6249639391899109,-2.452986717224121,-3.8487539291381836,5.885842800140381,2.608731985092163,-4.252242088317871,-2.385409355163574,1.163631558418274,-1.7282480001449585,-1.9248673915863037,-1.5740984678268433,-0.3011656105518341,-0.9185124039649963
f02fd5721,5.293914318084717,-4.590203285217285,-5.27520227432251,4.297292709350586,-2.915281057357788,-4.430054664611816,-7.427966594696045,-3.622913360595703,2.238802433013916,-5.943799018859863,-1.5376479625701904,-7.699092864990234,4.887596607208252,-3.6929712295532227,-5.171733379364014,-4.157820701599121,-8.660528182983398,-10.393364906311035,7.5284833908081055,-6.573835849761963,-8.512829780578613,-3.280714273452759,-2.6870524883270264,0.9445658922195435
f0414b329,6.75473165512085,-5.142709255218506,-0.9088683724403381,2.3344218730926514,-5.212862014770508,-5.092905521392822,-5.599483489990234,-1.881833553314209,1.5015981197357178,-5.605388641357422,1.025283932685852,-5.2270941734313965,0.4869774580001831,-4.798381805419922,-5.300654888153076,-3.1382555961608887,-6.710906028747559,-8.306292533874512,6.619982719421387,-3.218820095062256,-6.376400947570801,-5.366197109222412,-3.1055009365081787,-0.3865174353122711
f06305e5f,-3.0466225147247314,-5.3034491539001465,-5.8226213455200195,5.599681854248047,-2.6018118858337402,-1.789050817489624,-7.84492826461792,-5.050317764282227,-1.1468507051467896,-6.157507419586182,-3.419139862060547,-8.069502830505371,5.317980766296387,-2.706815481185913,-4.626171588897705,-2.6792104244232178,-8.154536247253418,-9.376976013183594,5.851593971252441,-6.624751091003418,-7.588341236114502,-3.757737874984741,-1.9208019971847534,1.2316513061523438
f084cfb08,-3.516956329345703,0.7093534469604492,-2.968122959136963,4.800457000732422,-0.1811872124671936,-1.1730625629425049,-4.423126220703125,-1.1401073932647705,-2.8892855644226074,-1.6730098724365234,-2.1979832649230957,-2.865468978881836,1.6430199146270752,1.5718953609466553,-0.03367993235588074,0.27039459347724915,-1.2594541311264038,-4.383987903594971,1.5770131349563599,-3.9810283184051514,-3.255366802215576,0.5411405563354492,-1.7909488677978516,-0.8176714777946472
f09063b60,-0.08976082503795624,-2.7535042762756348,-1.3524245023727417,3.529128074645996,-2.9057693481445312,-3.379899024963379,-6.813320636749268,-3.8566932678222656,-0.8792008757591248,-3.868870258331299,-2.5277810096740723,-6.261590957641602,4.543020248413086,-2.7557179927825928,-2.861746311187744,-3.211646556854248,-5.2117156982421875,-7.87136173248291,6.432890892028809,-2.9812941551208496,-5.014432430267334,-3.055104970932007,-2.6474101543426514,-0.7059071660041809
f0d69d9ec,-4.176144599914551,-0.7701317667961121,-2.3359055519104004,1.4874019622802734,-3.29203462600708,-1.6639858484268188,0.9498499035835266,1.6981663703918457,-4.436276912689209,3.304974317550659,0.022790297865867615,2.4178764820098877,-2.572718858718872,-3.35197114944458,-2.795588493347168,0.35250478982925415,1.5981711149215698,4.657015800476074,-3.2032759189605713,-0.6337395310401917,1.9663841724395752,-4.675042152404785,-2.329812526702881,1.5907129049301147
f0e7cc973,-0.7615989446640015,-2.6267685890197754,-0.7361106276512146,0.7740536332130432,-3.200512170791626,-1.016629695892334,-3.28629732131958,0.4901689291000366,-2.6654062271118164,-2.0147182941436768,-0.5298364758491516,-1.9853136539459229,0.5329632759094238,-3.9139320850372314,-0.8687558174133301,-1.3470630645751953,-3.1573164463043213,-4.503416061401367,3.4752230644226074,-1.10171639919281,-0.7857362627983093,-3.737008810043335,-2.2281205654144287,-0.619661808013916
f0f10aafc,-5.650357246398926,0.10785730183124542,-4.233279228210449,4.117198944091797,-4.070187568664551,-2.1735970973968506,-0.7220297455787659,4.1241936683654785,-5.4033522605896,-0.8773220777511597,-0.7266932129859924,0.09006055444478989,-3.9554779529571533,-2.64316463470459,-0.7942732572555542,2.42323637008667,0.8356091380119324,-1.0162067413330078,-3.927731990814209,-1.3857976198196411,-0.3020055592060089,-2.9419727325439453,-1.4056364297866821,-0.5346008539199829
f105ed517,-7.06348991394043,-3.209453582763672,-5.889885425567627,2.5681710243225098,-7.65049409866333,-5.6465606689453125,-0.2933404743671417,6.018422603607178,-6.244950294494629,-2.9394993782043457,-1.1793521642684937,6.010046005249023,-5.878245830535889,-6.413873672485352,-3.38291597366333,2.04902982711792,-0.12394997477531433,-1.5745353698730469,-6.055787086486816,-1.2121020555496216,-1.3163119554519653,-6.8839802742004395,-1.7271966934204102,-3.4474449157714844
f11d9f3f2,7.590954303741455,-5.4896135330200195,-3.384690284729004,2.7254858016967773,-5.907042980194092,-5.291724681854248,-5.905468940734863,-1.9364278316497803,1.5031076669692993,-5.9034905433654785,1.4974085092544556,-5.950473308563232,0.7301366329193115,-5.032401084899902,-6.120638370513916,-3.0300724506378174,-7.290138244628906,-9.700250625610352,7.1994500160217285,-4.639505386352539,-7.318716049194336,-6.037355899810791,-3.052523612976074,0.2338676005601883
f12c02275,-4.492985248565674,0.49933138489723206,-3.878411293029785,4.258919715881348,-1.7875038385391235,-1.1425034999847412,-3.5280818939208984,1.3557374477386475,-5.013187885284424,-1.1513221263885498,-1.6783511638641357,-1.3271136283874512,-3.527156352996826,-2.853686571121216,3.018704891204834,0.24883902072906494,-2.8669869899749756,-3.1320509910583496,-0.822318434715271,-3.5671920776367188,-2.1633965969085693,-0.34149110317230225,-1.3487732410430908,-0.9637439846992493
f12c3e2b5,-0.9980990886688232,0.33997395634651184,0.6824614405632019,2.710132122039795,-0.5197014212608337,1.1102360486984253,-1.6997157335281372,0.16149753332138062,-1.6173734664916992,-0.007273770868778229,-0.20146122574806213,-1.7112927436828613,1.763500452041626,-1.29513418674469,1.2154808044433594,0.33152857422828674,-2.15616512298584,-1.226131796836853,2.0792694091796875,-0.43923312425613403,-0.08299846947193146,-1.1537842750549316,-0.840828537940979,-0.18958939611911774
f13056bb4,-3.652029037475586,1.7930797338485718,-2.9028849601745605,4.408258438110352,-3.9911694526672363,-3.0835213661193848,0.22168122231960297,0.07891129702329636,-4.40658712387085,-0.34966444969177246,-0.5653647780418396,0.357103168964386,-4.265835762023926,-0.9056128859519958,-2.3990492820739746,0.29220643639564514,4.19968843460083,-0.07645878195762634,-4.3193583488464355,-1.1374304294586182,-0.4029359817504883,-3.393500566482544,-1.376432180404663,-1.9367592334747314
f14dd7528,-4.695994853973389,-1.80471670627594,-1.2609789371490479,-2.373171329498291,-4.146300792694092,-0.00882190465927124,0.12698829174041748,3.627748489379883,-3.619262218475342,-0.5160745978355408,0.29065385460853577,3.9780666828155518,-3.2524943351745605,-3.5799753665924072,-3.080746650695801,0.7066876888275146,-1.2037863731384277,-0.31467026472091675,-3.317121982574463,0.7541415691375732,2.2011871337890625,-4.950621128082275,-0.7514362335205078,-2.5877785682678223
f16fe948f,-0.9902257323265076,-2.7118594646453857,-2.3789970874786377,4.323049068450928,-2.1596224308013916,-0.9762778878211975,-5.905129432678223,-2.5243000984191895,-1.2881052494049072,-4.012094974517822,-1.8212941884994507,-5.5074849128723145,4.453902721405029,-2.7004785537719727,-0.5837539434432983,-1.6858649253845215,-6.466817378997803,-6.734129428863525,5.851325988769531,-3.2021992206573486,-4.5015668869018555,-2.24281644821167,-0.8326267004013062,-0.0779571607708931
f190afc1f,-1.2512528896331787,2.785062313079834,-1.779160737991333,4.585189342498779,0.4227279722690582,-1.4166388511657715,-2.491300582885742,-0.5925585031509399,-1.7663285732269287,-1.140326738357544,-1.9752990007400513,-2.3774209022521973,0.933319091796875,3.1983702182769775,0.7310317754745483,3.1721267700195312,0.22805465757846832,-4.051119804382324,0.7655123472213745,-2.3997886180877686,-2.9775867462158203,1.2910585403442383,-0.7941244840621948,-1.619214653968811
f19581927,-2.672940731048584,4.0743536949157715,-3.3959434032440186,5.182914733886719,-1.92600679397583,-2.5664963722229004,-2.908230781555176,1.055687665939331,-5.029114723205566,-1.703994631767273,-2.8418502807617188,-1.204991340637207,-4.328805923461914,-1.8609375953674316,4.637947082519531,3.699211597442627,-1.6437201499938965,-4.590707778930664,-1.8255319595336914,-2.489201068878174,-4.378669738769531,-0.22882966697216034,-0.12376639246940613,-2.0771358013153076
f198ef7fb,2.0276389122009277,2.919447898864746,-0.4255330562591553,3.3560266494750977,-1.1333457231521606,-0.48903676867485046,-0.3609519600868225,0.5831995010375977,-3.1925134658813477,1.410454511642456,0.24111716449260712,-0.6651986241340637,-0.6445246934890747,-2.090548276901245,0.9693236351013184,2.127434015274048,-2.5195746421813965,-2.255655527114868,1.568453073501587,-1.7904236316680908,-1.2532215118408203,-1.8100372552871704,-1.2583204507827759,1.4556870460510254
f1993040c,4.691787242889404,-3.309783458709717,-5.418238639831543,4.367515563964844,-1.3563536405563354,-3.6110358238220215,-7.079798221588135,-3.6703743934631348,1.0666757822036743,-4.346421241760254,-1.7810572385787964,-7.567651271820068,5.2951178550720215,-2.9498822689056396,-3.8307037353515625,-3.29931902885437,-7.984889030456543,-9.582246780395508,7.224018096923828,-6.217374801635742,-8.038064002990723,-2.0267534255981445,-2.6373274326324463,1.0052809715270996
f1bbcbe4f,-7.300729274749756,4.213016033172607,-5.338769435882568,6.252085208892822,-5.343701362609863,-5.311661243438721,-4.4343461990356445,-1.7194043397903442,-7.761313438415527,-3.385967969894409,-3.7977209091186523,-4.498037338256836,-7.073153018951416,-0.6306357979774475,-5.375371932983398,-0.8180632591247559,6.569892883300781,-3.828701972961426,-7.7008514404296875,-5.413834095001221,-3.5122427940368652,-4.124025344848633,-3.0517024993896484,-4.2787041664123535
f1cb8b958,-2.431224822998047,-3.042942762374878,-5.384805202484131,5.599215984344482,0.7261669635772705,0.10574281960725784,-6.1134843826293945,-4.1805806159973145,-0.3912748098373413,-3.5468921661376953,-2.7260613441467285,-6.607117652893066,5.454426288604736,-1.8442511558532715,-2.631345748901367,-3.654350757598877,-6.973899841308594,-6.712828159332275,4.953924655914307,-4.815751075744629,-5.293944835662842,-0.22577685117721558,-0.6349513530731201,4.134088516235352
f1cebcfc8,-4.105859279632568,-1.2498295307159424,-2.133737564086914,1.9924566745758057,-4.158767223358154,-1.407080888748169,1.641569972038269,2.382957696914673,-4.7952470779418945,0.2210659384727478,0.08703964203596115,1.0600013732910156,-3.247799873352051,-4.865660667419434,-0.4715980887413025,3.5262858867645264,-0.7508512139320374,0.24294190108776093,-3.2546474933624268,-0.23356929421424866,0.9085642695426941,-4.490023612976074,-1.4637863636016846,-0.6222711801528931
f1d3437eb,-3.8316712379455566,2.460897445678711,1.7685472965240479,4.488375186920166,-2.289248466491699,0.9468304514884949,-2.9647884368896484,3.184751510620117,-4.819396018981934,0.08662578463554382,-1.8073484897613525,-2.7152910232543945,-2.404092311859131,-1.921759843826294,-0.3766014575958252,0.5393493175506592,-1.5192925930023193,-2.2722878456115723,-2.1566715240478516,-1.4061102867126465,-0.1603788286447525,0.16713441908359528,-1.8671082258224487,-2.0397908687591553
f24ffb800,-5.349316596984863,-1.4046229124069214,-3.6776180267333984,3.907463788986206,-5.382745265960693,-2.9530839920043945,-0.970034122467041,5.927251815795898,-5.005611896514893,-1.6513694524765015,-1.2592720985412598,3.882946014404297,-4.560360431671143,-4.79092264175415,-1.0145463943481445,1.6176118850708008,-0.2827506363391876,-1.8058404922485352,-3.448911666870117,0.16579674184322357,-0.4364340305328369,-4.434854030609131,-1.9203602075576782,-2.1426172256469727
f25752348,-0.9790277481079102,0.5413842797279358,-0.005634848028421402,3.785287857055664,0.19488197565078735,0.9129494428634644,-1.6964586973190308,-0.07490794360637665,-1.729733943939209,0.4741595983505249,-0.400443434715271,-1.4428539276123047,1.3024624586105347,-1.404645323753357,1.3483643531799316,-0.06445102393627167,-2.7971928119659424,-1.107088565826416,1.985874891281128,-1.156301736831665,-0.27979740500450134,-0.7039279937744141,-0.965308427810669,0.30957332253456116
f275ae2a1,1.122734546661377,-4.669671535491943,-4.1218461990356445,4.835496425628662,-2.679133176803589,-1.519791603088379,-6.393093585968018,-3.289153575897217,0.22305040061473846,-6.012060642242432,-1.5936837196350098,-6.649849891662598,5.569485664367676,-2.9153013229370117,-4.756502151489258,-3.3472788333892822,-7.813076972961426,-8.712055206298828,6.391570568084717,-4.879428386688232,-6.373150825500488,-3.520195960998535,-1.6716432571411133,3.176299571990967
f36236393,-3.3352975845336914,1.2841821908950806,-1.5765047073364258,3.343024730682373,-3.4000070095062256,-2.1945483684539795,0.7417627573013306,1.088221549987793,-3.932274103164673,0.4438440799713135,0.5640377402305603,1.2563408613204956,-3.2685961723327637,-1.7608799934387207,-1.779110312461853,0.3788994550704956,2.2153425216674805,1.1507933139801025,-2.8854455947875977,1.2218769788742065,0.7460941672325134,-2.928154945373535,-1.3416006565093994,-0.6022195816040039
f3a41f6ba,-1.8029006719589233,-3.096545696258545,-4.980586051940918,6.108801364898682,-0.4377284049987793,-1.4250590801239014,-8.370902061462402,-5.269360542297363,0.5722008347511292,-5.086187839508057,-4.524094581604004,-8.300381660461426,6.6746673583984375,-0.5467890501022339,-3.32686185836792,-3.330317735671997,-7.724917411804199,-9.541141510009766,6.539906024932861,-6.338055610656738,-7.943617820739746,-0.7705021500587463,-1.3185820579528809,-0.21806669235229492
f3c162582,-7.63016939163208,-1.4393630027770996,-5.816191673278809,2.2134358882904053,-7.462193965911865,-5.340506553649902,-0.1619567722082138,5.294497966766357,-6.588526248931885,-2.107692003250122,-1.9529545307159424,4.619626522064209,-5.924084186553955,-4.754323959350586,-5.2736921310424805,2.1873507499694824,4.146554946899414,-1.4757459163665771,-7.041683197021484,0.38151514530181885,0.4061086177825928,-6.901449680328369,-2.110184669494629,-3.7957684993743896
f3e23a0bf,-3.460125207901001,-0.4254496097564697,-0.4303775131702423,1.5755854845046997,-2.1386990547180176,1.2908382415771484,-0.6319150328636169,4.030245780944824,-3.146500825881958,-0.13134345412254333,-0.07754945755004883,2.8103930950164795,-1.36001718044281,-1.8538873195648193,-0.8383709192276001,1.2177510261535645,-1.7430002689361572,-0.893425703048706,-1.1460273265838623,0.8718907237052917,1.229178547859192,-2.7942452430725098,-0.06102273240685463,-1.5494310855865479
f3e36f234,-4.140901565551758,-0.9169379472732544,-5.716642379760742,4.489160537719727,-1.4909281730651855,-2.0613808631896973,-4.605792045593262,-0.5653851628303528,-5.553075790405273,-3.438072681427002,-1.2788589000701904,-2.3133230209350586,-4.38394021987915,-5.125345230102539,7.062922477722168,1.4253785610198975,-6.952768802642822,-6.704553127288818,2.508169174194336,-4.142676830291748,-4.323866367340088,-1.1154556274414062,-0.3338175415992737,-0.4015592932701111
f401344d9,-5.619772911071777,4.229156970977783,-4.478425979614258,5.624222755432129,-4.343355655670166,-4.9757819175720215,-4.509337425231934,-2.6098015308380127,-6.559398651123047,-3.446315050125122,-3.1592323780059814,-4.54829216003418,-5.682984352111816,0.33142468333244324,-4.658818244934082,-0.5388121604919434,7.120227813720703,-4.5314249992370605,-6.045007705688477,-5.086892127990723,-3.5870115756988525,-3.2715976238250732,-2.5427751541137695,-3.5830702781677246
f40d5c50e,-4.895468235015869,2.6363580226898193,-4.452742576599121,4.530847072601318,-3.9194908142089844,-4.960157871246338,-2.4029483795166016,-2.0071263313293457,-5.552817344665527,-1.8042374849319458,-1.9431064128875732,-2.2217726707458496,-4.964426517486572,-1.2661025524139404,-3.7437899112701416,-1.1633377075195312,5.174516201019287,-2.364741563796997,-5.214240550994873,-3.968123435974121,-2.2539398670196533,-3.234515428543091,-2.4754440784454346,-2.547426462173462
f434ff256,-1.62766432762146,-3.9313488006591797,-3.6864805221557617,5.0506086349487305,-2.7668237686157227,-0.9161028265953064,-6.641485214233398,-2.284054756164551,-0.2692072093486786,-4.921802043914795,-1.9194681644439697,-6.126944065093994,4.2365217208862305,-3.073848009109497,-2.1236681938171387,-2.8311383724212646,-6.845736503601074,-7.355456352233887,5.150824069976807,-4.429847240447998,-5.08389139175415,-2.716541290283203,-1.4345402717590332,0.4648987352848053
f47cd9739,-4.557125091552734,-1.4801119565963745,-2.6657166481018066,1.8327229022979736,-5.14823579788208,-3.0350968837738037,0.41818171739578247,5.239416599273682,-5.035577297210693,1.0948131084442139,0.07421316206455231,4.969541072845459,-3.975112199783325,-4.66964054107666,-1.9092609882354736,1.154114007949829,-1.5600489377975464,1.655888557434082,-3.8689169883728027,-0.10872429609298706,0.1893320381641388,-4.916487216949463,-1.04610013961792,0.33768197894096375
f48c4b2ec,-2.053799629211426,-4.951699733734131,-4.529360771179199,5.259574890136719,-3.2038238048553467,-1.6842164993286133,-6.918412208557129,-3.2340855598449707,-0.7083456516265869,-6.127236366271973,-2.3447866439819336,-7.109547138214111,4.981451511383057,-3.3085522651672363,-4.143396854400635,-2.6511173248291016,-7.692363739013672,-8.503451347351074,5.526721954345703,-5.804206848144531,-6.215019226074219,-3.609121799468994,-1.661092758178711,1.0991010665893555
f4b13616b,-2.4449682235717773,-4.295699119567871,-3.139559745788574,4.74421501159668,-3.4313058853149414,-2.087423801422119,-7.015305995941162,-3.559767246246338,-1.4856963157653809,-5.229170322418213,-2.3552656173706055,-6.720320224761963,4.133661270141602,-3.824584722518921,-2.2706644535064697,-2.729005813598633,-7.073238849639893,-8.1760835647583,5.411231517791748,-4.491578102111816,-5.624391555786133,-3.7470908164978027,-2.443317174911499,-0.3004424571990967
f4b2e22d1,-4.9497199058532715,2.922369956970215,-5.742280960083008,5.176925182342529,-0.8154016733169556,-3.2082443237304688,-6.369699001312256,-0.5650026798248291,-5.188345909118652,-3.6315767765045166,-3.879962682723999,-3.620295286178589,-4.793982028961182,-2.7903738021850586,6.269948482513428,-0.07267645001411438,-3.180159091949463,-6.538225173950195,-0.14906081557273865,-5.028491497039795,-6.1493635177612305,1.1885372400283813,0.09922453761100769,-1.882140874862671
f4c84c0c9,1.8838781118392944,-4.779810428619385,-5.953356742858887,4.978528022766113,-2.211811065673828,-2.93863582611084,-7.659857273101807,-4.590719223022461,0.47988569736480713,-5.737526893615723,-2.4376790523529053,-7.803846836090088,5.462106704711914,-3.164405107498169,-5.190559387207031,-3.3896119594573975,-7.595691204071045,-9.795263290405273,7.21054220199585,-6.705974578857422,-7.952812194824219,-3.2991960048675537,-2.067965507507324,1.1831603050231934
f53f498fd,6.648734092712402,5.135342121124268,-4.553337097167969,4.848163604736328,1.5256762504577637,-4.232931137084961,-4.993532657623291,-2.359236240386963,-1.6329829692840576,1.8213276863098145,-2.619814872741699,-4.728442192077637,4.978639602661133,-1.3534965515136719,-0.44067323207855225,-0.685165286064148,-4.946225166320801,-7.237005233764648,6.333569526672363,-5.686490535736084,-7.151164531707764,0.18619349598884583,-3.2104413509368896,1.4631671905517578
f543ef2c5,0.4213491678237915,1.299721121788025,-3.578044891357422,4.47425651550293,0.8039568066596985,-1.1817257404327393,-4.417344093322754,-2.4537570476531982,-0.631506621837616,-1.374169945716858,-2.6938016414642334,-3.8527238368988037,4.646475315093994,3.2475316524505615,0.2637674808502197,0.29352015256881714,-3.686736583709717,-5.251117706298828,4.798242568969727,-3.3344850540161133,-4.76761531829834,-0.24019764363765717,-1.2055988311767578,1.0037130117416382
f55c35124,-5.022607803344727,2.1156318187713623,-4.264806747436523,3.998495101928711,-3.9665334224700928,-4.170176982879639,-1.6150537729263306,-2.0232112407684326,-5.2454423904418945,-0.5486045479774475,-2.2413201332092285,-1.7965093851089478,-4.99847412109375,-0.8069311380386353,-3.9113311767578125,-1.1363167762756348,6.051783084869385,-0.003122761845588684,-5.37844705581665,-3.425536632537842,-0.9009943008422852,-3.4795868396759033,-2.682806968688965,-2.1812703609466553
f58fbe074,-2.430971145629883,-0.25934308767318726,-1.6086961030960083,-0.5631091594696045,-2.8350701332092285,-1.6507534980773926,2.215846061706543,3.953396797180176,-3.443845272064209,0.5868838429450989,6.120765686035156,4.463230133056641,-3.0136780738830566,-3.1993958950042725,-1.344074010848999,0.6499800682067871,-1.6318714618682861,0.21790923178195953,-1.7505805492401123,0.21730881929397583,2.068530559539795,-4.4556779861450195,1.0530685186386108,1.175499439239502
f5a9fecf2,-2.8118016719818115,-0.9557567238807678,-0.8512474298477173,2.0376534461975098,-1.7280383110046387,1.737183690071106,-1.2524809837341309,0.02609243243932724,-2.658782720565796,-0.803859531879425,0.36546605825424194,-0.5641578435897827,-0.20543617010116577,-1.678926706314087,-0.7941478490829468,0.31265658140182495,-1.8823245763778687,-1.9193964004516602,0.42903465032577515,-0.9463881254196167,0.665783166885376,-2.7295398712158203,-0.8138524889945984,-0.12106526643037796
f5e5289ca,-2.4948790073394775,-1.4385747909545898,-4.553755760192871,6.200080394744873,4.902918815612793,-1.026808500289917,-6.075361251831055,-3.214167356491089,1.5404469966888428,-1.6615169048309326,-4.938186168670654,-4.842312335968018,6.219048023223877,1.5843523740768433,0.22830337285995483,-2.7348649501800537,-4.411654472351074,-5.273927688598633,5.291622161865234,-4.902409553527832,-4.827146053314209,4.226006984710693,-1.9157156944274902,0.19498825073242188
f5e540151,-2.5211892127990723,-1.6840628385543823,-2.1366729736328125,4.900965213775635,-0.9310686588287354,2.5371861457824707,-2.171799898147583,0.5532805919647217,-0.902061939239502,-2.6782970428466797,-1.8648552894592285,-0.8515149354934692,5.077796936035156,1.733922004699707,-1.878410816192627,3.063382148742676,-4.718783378601074,-3.898834228515625,4.586248397827148,-1.3004482984542847,-2.926875591278076,-3.32694935798645,0.8976196050643921,3.8275551795959473
f60c26714,0.1796581745147705,-4.340512275695801,-5.7714643478393555,4.879404544830322,-1.923736572265625,-3.0931339263916016,-7.721785545349121,-4.315338611602783,0.20951421558856964,-5.25314998626709,-2.868170976638794,-7.8631486892700195,5.851632595062256,-2.944225311279297,-4.556725025177002,-3.4137229919433594,-8.33984375,-9.638118743896484,6.790397644042969,-6.801865577697754,-7.912127494812012,-2.902888774871826,-2.308290481567383,1.1122734546661377
f642a538f,-3.4455406665802,-5.045323371887207,-4.803669452667236,5.591598033905029,-2.964329242706299,-2.0583183765411377,-7.741223335266113,-4.2270331382751465,-1.2796962261199951,-5.917104721069336,-3.08786940574646,-7.716200828552246,4.870419979095459,-2.9756455421447754,-3.6250205039978027,-2.3627963066101074,-7.433450698852539,-9.051332473754883,5.645045280456543,-6.137935161590576,-6.695697784423828,-3.7000622749328613,-1.9960590600967407,0.010675791651010513
f6f84bcd2,-2.7827868461608887,0.03250844404101372,0.41931676864624023,1.2345643043518066,0.9152233600616455,5.70102596282959,-0.6397075057029724,0.6249046325683594,-2.1332552433013916,1.2669624090194702,-0.4055899679660797,-0.13189643621444702,0.8087619543075562,-1.5584629774093628,-0.1910640001296997,0.7904802560806274,-1.3140202760696411,0.11770251393318176,0.7882804870605469,0.011685922741889954,1.3640186786651611,-2.0063247680664062,-1.606970191001892,-0.8043087720870972
f70171c3d,-3.170092821121216,2.742405414581299,0.5953524112701416,4.878111362457275,-1.3796004056930542,4.959407329559326,-1.7107571363449097,2.712812662124634,-4.532238006591797,0.07311955094337463,-0.8060699701309204,-1.922337293624878,-1.7252252101898193,-1.614884376525879,-0.12262188643217087,3.810427188873291,-1.2122701406478882,-2.068671941757202,-1.0375540256500244,-1.3830180168151855,0.2700344920158386,-0.4654615521430969,-0.8183056116104126,-1.542168140411377
f72efada4,-1.2875213623046875,-3.20615816116333,-5.163393497467041,6.360987663269043,2.9653263092041016,-0.2975517213344574,-7.042785167694092,-3.4197633266448975,5.542226791381836,-3.6612415313720703,-3.2176244258880615,-5.342473030090332,7.1459455490112305,2.6433916091918945,-1.258101463317871,-2.3015689849853516,-5.553339958190918,-7.391087055206299,6.44744348526001,-5.175434112548828,-5.563807964324951,3.3529860973358154,0.36658787727355957,-0.5006988644599915
f75655bc2,1.045892357826233,-4.783132553100586,-3.013899326324463,3.440526008605957,-3.3250350952148438,-2.548157215118408,-5.56708288192749,-3.516605854034424,-0.7772339582443237,-4.704905033111572,-1.1418077945709229,-5.634642601013184,3.41096568107605,-3.7150979042053223,-4.380042552947998,-2.7180843353271484,-6.314570903778076,-7.183831214904785,6.583827495574951,-3.9403791427612305,-5.0296759605407715,-4.432499885559082,-2.0590171813964844,0.9526205658912659
f7de3f0e1,-3.154557228088379,0.23439982533454895,-2.3425750732421875,3.596151828765869,-2.174363613128662,-0.695672333240509,-2.3703360557556152,2.801537275314331,-4.465343952178955,0.3280404806137085,-1.0034584999084473,-0.594145655632019,-2.6468124389648438,-3.37014102935791,3.711599349975586,0.3670062720775604,-3.155045986175537,-1.4306623935699463,-0.22376178205013275,-1.4077341556549072,-0.2062705010175705,-1.463533878326416,-0.9721729755401611,-1.6189886331558228
f7df59dda,-1.8791230916976929,-1.7559925317764282,-0.8774251341819763,-1.9494203329086304,-4.313543796539307,-1.2587405443191528,0.623705267906189,3.009934186935425,-3.7408981323242188,0.11091993749141693,0.2771015763282776,4.275794982910156,-2.413022041320801,-3.736358880996704,-3.043189287185669,0.31700819730758667,-1.4355039596557617,0.09429091960191727,-1.5695092678070068,0.35849809646606445,1.5369784832000732,-4.957399368286133,-0.8619265556335449,-1.3411544561386108
f7e51bd7e,-0.7036986947059631,-0.5554442405700684,-0.7993414402008057,3.350609302520752,-0.92560875415802,0.05707181990146637,-1.9109067916870117,-0.7863320112228394,-2.5050790309906006,-0.43159085512161255,-0.833904504776001,-1.712498664855957,0.4546733498573303,-2.45943284034729,0.1346273273229599,-0.35061848163604736,-0.9575986266136169,-1.867546796798706,3.124378204345703,-1.2596298456192017,-0.12215881049633026,-1.4705252647399902,-1.6093477010726929,0.5528582334518433
f7fe17f88,-3.2790615558624268,2.2898080348968506,-2.9497172832489014,4.669341564178467,-0.9747357368469238,-2.2766411304473877,-4.096197128295898,-0.9793825745582581,-3.7597408294677734,-0.5956234931945801,-2.434572696685791,-3.1304914951324463,-0.9415016174316406,-0.08177077025175095,-0.9187216758728027,0.10712495446205139,0.3785489797592163,-4.137157917022705,-1.0024590492248535,-4.379326343536377,-3.2891454696655273,0.6279810070991516,-1.930703043937683,-1.6958129405975342
f8022764e,-4.640769958496094,4.247952938079834,-5.950198173522949,5.307527542114258,-1.7814295291900635,-4.013858318328857,-6.932182312011719,-0.1350698173046112,-5.942356109619141,-3.695216178894043,-3.9692821502685547,-4.16032600402832,-5.624705791473389,-2.6061973571777344,5.554564952850342,-0.3493865132331848,-2.517947196960449,-7.273889064788818,-1.837099313735962,-5.619819641113281,-6.626554489135742,0.4285127818584442,-0.04304348677396774,-2.567577600479126
f81ce177a,-0.9176286458969116,-4.791623115539551,-2.485002279281616,2.0937938690185547,-3.7721877098083496,-2.0339460372924805,-5.78736686706543,-3.157844305038452,-2.1253790855407715,-5.229471206665039,-1.1707861423492432,-5.031708240509033,1.2719610929489136,-4.582938194274902,-2.211595058441162,-2.916410446166992,-5.120907783508301,-7.6608099937438965,4.626791954040527,-3.258817195892334,-3.557882785797119,-4.684229850769043,-2.1325502395629883,0.24701635539531708
f88b1f59f,-4.4190287590026855,2.9679815769195557,-2.2585532665252686,5.118437767028809,0.24571309983730316,-2.397879123687744,-6.360586166381836,-1.2560584545135498,-3.7649548053741455,-1.2104880809783936,-3.7633438110351562,-4.549442768096924,-2.0894935131073,-0.8381622433662415,0.8260490894317627,-0.9107470512390137,-0.6141492128372192,-4.536223888397217,-1.1594908237457275,-4.685033321380615,-3.889345645904541,3.590559482574463,-1.8802452087402344,-2.5897181034088135
f8d422966,4.7878265380859375,-4.4359450340271,-0.39413321018218994,-2.2310876846313477,-5.742330551147461,-3.5438568592071533,-3.5172250270843506,0.13440528512001038,-1.6266508102416992,-3.9455699920654297,1.3157501220703125,-2.967921018600464,-1.640990138053894,-5.5691118240356445,-4.4753618240356445,-1.722782850265503,-4.62030029296875,-6.518317222595215,4.21033239364624,-1.63565993309021,-3.440563201904297,-6.615323543548584,-3.0915393829345703,-0.2182328701019287
f8f5a95ca,-5.221952438354492,3.7978320121765137,-5.493200302124023,5.308792591094971,-1.636860728263855,-3.0680744647979736,-6.3702616691589355,-0.7921685576438904,-5.001326084136963,-3.2457849979400635,-2.9483532905578613,-4.0685625076293945,-4.61862325668335,-2.426163673400879,5.027116775512695,-0.6451407670974731,-1.532914638519287,-6.241683006286621,-0.8746132850646973,-4.962935447692871,-5.609200954437256,0.12951917946338654,-0.04954950511455536,-2.276414155960083
f9148a8ef,-5.857187747955322,-0.7717300653457642,-5.651078224182129,4.359195709228516,-5.8165507316589355,-3.4771335124969482,-1.0133919715881348,4.958406448364258,-6.393956661224365,-1.997472882270813,-0.41527071595191956,4.027350425720215,-5.347221851348877,-4.991244316101074,-0.7457665205001831,2.9009361267089844,-0.40765899419784546,-2.2390732765197754,-4.540032386779785,-1.7667237520217896,-0.4606400728225708,-4.969257354736328,-1.4336638450622559,0.2222559154033661
f96e2663e,3.6324899196624756,-3.0547752380371094,-3.512580394744873,4.460329055786133,-3.1388819217681885,-1.3278977870941162,-6.164167881011963,-1.5350950956344604,1.0642380714416504,-4.980551242828369,-1.0179238319396973,-5.954751968383789,4.664405822753906,-3.1375651359558105,-3.8080053329467773,-2.2416481971740723,-7.6843791007995605,-8.44801139831543,6.5362653732299805,-4.947399139404297,-6.1826887130737305,-3.521958351135254,-1.4702597856521606,1.1267967224121094
f97150bf4,-5.778966426849365,2.507812023162842,-2.256056785583496,5.193218231201172,-3.7784080505371094,0.45142102241516113,-3.4484288692474365,4.197754383087158,-6.461089611053467,-0.6128959655761719,-2.2145328521728516,-0.9688484072685242,-4.9225239753723145,-2.506972312927246,1.1809606552124023,2.1086888313293457,-1.8024225234985352,-3.504438638687134,-3.2130677700042725,-2.6584317684173584,-0.6993658542633057,-1.1778346300125122,-2.069838047027588,-3.9969358444213867
f9941860c,-7.367431640625,-2.165902853012085,-8.108538627624512,5.851006031036377,-5.7955780029296875,-4.458069801330566,-2.942347764968872,6.444333076477051,-7.102591514587402,-4.320720195770264,-1.621974229812622,4.947326183319092,-6.835301399230957,-6.446782112121582,0.9669365882873535,1.4495313167572021,-2.902881145477295,-5.532808303833008,-3.641038417816162,-3.752800226211548,-2.6807398796081543,-4.97180700302124,-1.7387621402740479,-2.4819164276123047
f9a8940ff,-2.6031382083892822,1.3753880262374878,3.6930532455444336,3.530226707458496,-1.585137963294983,0.3376771807670593,-1.3949830532073975,0.22037982940673828,-3.627859115600586,0.22196047008037567,-0.34048229455947876,-1.0444656610488892,-0.5475656390190125,-1.8221180438995361,-1.6124480962753296,-0.23749645054340363,-1.616621971130371,-1.088423490524292,-0.9587869644165039,-0.16684910655021667,0.43795716762542725,-1.0937868356704712,-1.4480960369110107,0.1293138563632965
f9bade97d,-4.569771766662598,1.2445083856582642,-4.013790130615234,3.7603745460510254,-2.5067567825317383,-2.9873008728027344,-1.2943873405456543,-0.17432105541229248,-4.78697395324707,2.3831748962402344,-1.9202020168304443,-0.0004825592041015625,-2.87729549407959,-1.1450201272964478,-2.454210042953491,0.058104127645492554,2.997006893157959,2.4568328857421875,-2.6152639389038086,-3.1054062843322754,0.40141335129737854,-2.4796700477600098,-2.388554811477661,-1.1761560440063477
f9e9b462b,-0.7371225357055664,-0.22180220484733582,-3.5514845848083496,5.942331790924072,4.984621047973633,-1.323547124862671,-4.968554973602295,-2.1532392501831055,1.7928636074066162,-0.4805270731449127,-4.563576698303223,-3.687751531600952,5.880711078643799,2.407564163208008,1.5813593864440918,-2.268934726715088,-3.739919424057007,-4.349354267120361,5.452329635620117,-4.124746799468994,-4.4542317390441895,4.638028144836426,-1.8029074668884277,-0.5299484729766846
fa3ed998b,-0.3127194941043854,-2.6371774673461914,-1.8602979183197021,3.4839184284210205,-2.010833740234375,-0.8179967999458313,-5.269285202026367,-2.153792142868042,-1.2283852100372314,-3.7853078842163086,-1.3029346466064453,-4.354921817779541,2.2679336071014404,-2.7705299854278564,0.10776121914386749,-1.3961303234100342,-5.677605628967285,-6.195906162261963,5.693699359893799,-1.7978243827819824,-3.3169031143188477,-2.2899343967437744,-1.214924931526184,-0.02520246058702469
fa7786615,-4.566680908203125,3.520998954772949,-3.3039145469665527,4.491323471069336,-4.1078104972839355,-3.987278461456299,-2.041869878768921,-2.050654172897339,-5.906743049621582,-1.5578314065933228,-2.2409396171569824,-2.4217686653137207,-5.454375267028809,-0.9653213024139404,-3.4640579223632812,-1.0929274559020996,5.3701348304748535,-1.7880140542984009,-5.258897304534912,-3.7569165229797363,-1.6215214729309082,-2.9870903491973877,-2.025820255279541,-1.9176541566848755
fa7bc743b,2.578220844268799,-3.704134941101074,-4.791377067565918,4.45211124420166,-1.961128830909729,-2.7212047576904297,-6.5162200927734375,-2.7897887229919434,0.32769086956977844,-4.098099231719971,-1.83351731300354,-6.4142351150512695,4.130516529083252,-3.291558027267456,-3.3537144660949707,-2.3903892040252686,-6.63161039352417,-7.647323131561279,6.761249542236328,-5.316746711730957,-6.667938232421875,-2.842385768890381,-1.8639628887176514,1.4127907752990723
fa7ce7b2f,5.8434295654296875,5.391284942626953,-3.6327199935913086,4.0922651290893555,-0.9484519958496094,-3.4636788368225098,-2.4913039207458496,-1.2854570150375366,-1.7896597385406494,2.83343768119812,-1.0606236457824707,-2.447530746459961,3.666956901550293,-1.205617904663086,-1.611778736114502,3.68992280960083,-3.512460708618164,-5.161181449890137,4.745517730712891,-4.636059284210205,-6.141342639923096,-2.291909694671631,-1.061920404434204,2.357285261154175
fa96f94e3,-2.1327898502349854,-0.6335640549659729,-0.46251702308654785,0.5072076320648193,-2.5382885932922363,-1.6636513471603394,1.3539509773254395,2.1480603218078613,-3.3141894340515137,0.8212755918502808,0.7174555659294128,3.523308277130127,-2.177305221557617,-3.212998628616333,-0.2812936305999756,-0.8249063491821289,-0.775714635848999,0.4527777433395386,-1.1540106534957886,-0.1863272786140442,1.5518392324447632,-2.949403762817383,-1.7482726573944092,-0.18771399557590485
facb4aff7,-2.49998140335083,-4.1864333152771,-3.884932041168213,5.310371398925781,-0.5868760347366333,-0.5237765312194824,-6.954674243927002,-4.6827006340026855,1.5453712940216064,-5.158540725708008,-3.103832960128784,-6.371935844421387,5.548463821411133,-0.10832801461219788,-3.936081886291504,-2.3001484870910645,-6.501246452331543,-7.810822486877441,5.623867988586426,-3.8172597885131836,-5.82093620300293,-1.2265284061431885,-0.1376253068447113,-0.424083948135376
fb1d5a6ad,-3.6936042308807373,-3.366513967514038,-2.1808648109436035,5.235659122467041,-1.980825424194336,2.3936710357666016,-2.427919626235962,-1.1438875198364258,-1.9224086999893188,-3.2642221450805664,-0.2235894501209259,-2.1984336376190186,2.9666874408721924,-1.1421247720718384,-2.070134162902832,1.9678934812545776,-4.608998775482178,-4.561935901641846,3.488614559173584,-1.1944375038146973,-1.5072436332702637,-4.648138999938965,1.2785372734069824,1.4280037879943848
fb30074f7,-5.198502063751221,-3.112752914428711,-3.112332582473755,-1.3234084844589233,-5.8161396980285645,-3.9698030948638916,0.9901761412620544,3.449613094329834,-5.236968517303467,-1.6162238121032715,0.6702560782432556,4.543910503387451,-4.579535484313965,-5.51353120803833,-3.453390598297119,0.38656601309776306,-1.509916067123413,-1.722886562347412,-4.626481056213379,-0.014591336250305176,1.266342282295227,-6.3547821044921875,-1.3062477111816406,-1.7926222085952759
fb9acef53,-4.60612154006958,-0.8540857434272766,-2.3383727073669434,2.9889869689941406,-3.723283290863037,-1.0500257015228271,0.46126142144203186,1.454480528831482,-4.4881062507629395,0.09120849519968033,-0.2679958939552307,0.33678102493286133,-2.4372406005859375,-3.2698373794555664,-1.1989953517913818,2.0619869232177734,-0.578934371471405,-0.031587645411491394,-3.1267480850219727,-0.9118319749832153,0.9423038363456726,-3.6214704513549805,-1.7717055082321167,-0.16248685121536255
fb9b1956c,6.031523704528809,-4.690427303314209,-1.6561906337738037,2.3547892570495605,-4.5746541023254395,-3.6277666091918945,-4.642406463623047,-2.0583770275115967,0.5822282433509827,-5.064866542816162,1.2042961120605469,-5.303928852081299,0.19231745600700378,-4.96122932434082,-4.422840595245361,-2.9362130165100098,-5.590216159820557,-7.813328266143799,6.343881607055664,-3.129408359527588,-5.225193500518799,-5.203300476074219,-2.4975669384002686,1.4655230045318604
fbaf23ce7,-3.705409049987793,0.8458127975463867,-1.2737574577331543,1.1133729219436646,-5.121201992034912,-2.5235788822174072,-0.9850102066993713,0.9683226943016052,-5.007282257080078,-1.1969599723815918,-1.3894245624542236,-0.13240490853786469,-4.132662296295166,-2.7081656455993652,-4.557767391204834,-0.6177035570144653,3.7290399074554443,-1.7278717756271362,-3.637453079223633,0.35399043560028076,1.176579236984253,-4.931575775146484,-1.793489933013916,-1.0951882600784302
fbd233231,5.93719482421875,-4.954278469085693,-4.671541213989258,4.183940887451172,-4.866079807281494,-3.932701349258423,-6.915771007537842,-3.0402865409851074,1.6306604146957397,-6.9195170402526855,-0.04504142701625824,-7.670933723449707,3.3997645378112793,-4.670200347900391,-6.117253303527832,-3.6623690128326416,-9.320484161376953,-10.902198791503906,7.594267845153809,-6.471663475036621,-8.162954330444336,-5.440746307373047,-2.656646728515625,1.5980859994888306
fc168108c,-6.655776023864746,3.873835325241089,-5.112558841705322,6.079302787780762,-4.203456878662109,-5.305026054382324,-4.627444744110107,-3.436504364013672,-6.993465423583984,-3.223310947418213,-3.5007753372192383,-4.879357814788818,-5.800392150878906,-0.4872460961341858,-5.087299346923828,-1.423065185546875,5.985239028930664,-4.219501495361328,-6.569177627563477,-6.0648274421691895,-3.938626527786255,-2.8786489963531494,-3.066298484802246,-3.703495740890503
fc3ce6808,-4.90113639831543,1.4621251821517944,-6.65519380569458,4.795179843902588,0.9803051948547363,-2.8553242683410645,-7.377881050109863,-1.2849870920181274,-4.3105244636535645,-3.026402473449707,-4.012628555297852,-3.956489324569702,-3.9367828369140625,-3.083385705947876,7.473944187164307,-1.0974695682525635,-5.158740997314453,-6.7320237159729,2.3210644721984863,-5.496334552764893,-6.272484302520752,2.422520160675049,-1.219344973564148,-1.3775441646575928
fc3da4ece,-4.155694007873535,-2.8068056106567383,-2.15657114982605,-1.5061852931976318,-4.886498928070068,-2.8926968574523926,0.13215139508247375,2.0884921550750732,-4.600691795349121,-1.1922082901000977,1.6425526142120361,3.4424571990966797,-3.2777082920074463,-4.928652763366699,-3.4151453971862793,-0.1875162422657013,-2.0053305625915527,-1.5667262077331543,-2.8699324131011963,-0.5386729836463928,1.3330479860305786,-5.942881107330322,-1.0219480991363525,-0.3630020320415497
fc586a179,-4.206707000732422,-0.4506526589393616,-0.14043518900871277,-1.7256766557693481,-3.260235071182251,0.7999078035354614,0.6766429543495178,2.1202352046966553,-4.7184858322143555,1.1507649421691895,-0.7325237989425659,2.6214160919189453,-2.7088499069213867,-3.5853962898254395,-2.458193302154541,0.1525459587574005,0.7115707397460938,0.24356648325920105,-2.424377202987671,0.40656784176826477,1.8201730251312256,-4.516269207000732,-2.8338797092437744,-1.780735731124878
fc58d91a7,-5.987114906311035,-3.941261053085327,-2.882279872894287,5.022881031036377,-1.716041922569275,0.5974203944206238,-1.5530495643615723,-2.723902940750122,-4.507067680358887,-1.7352123260498047,0.4394277334213257,-3.6184022426605225,1.3413431644439697,-4.964800834655762,-3.348583698272705,-2.2378053665161133,-4.239563941955566,-2.3686842918395996,1.0394482612609863,-2.5689854621887207,-0.4621993899345398,-4.0410966873168945,-1.9529629945755005,5.02631950378418
fc778390c,-3.2768044471740723,-0.966296374797821,-1.8035386800765991,1.8548797369003296,-3.4286949634552,-1.9853732585906982,-0.15375635027885437,-0.3342379331588745,-3.663715362548828,2.0854570865631104,-0.4985973536968231,0.925383448600769,-1.8532661199569702,-2.661801338195801,-3.382833480834961,-0.17010565102100372,1.136715292930603,3.283073902130127,-1.9291749000549316,-1.7544668912887573,0.5108078718185425,-3.9867005348205566,-2.3107709884643555,-1.138707160949707
fc9952787,-0.47454071044921875,1.8251428604125977,4.946872234344482,3.761812925338745,-0.8615766167640686,0.4539090692996979,-2.931226968765259,-0.857061505317688,-2.5018420219421387,-0.830138087272644,-1.753528118133545,-2.719442844390869,2.6930031776428223,-0.716092050075531,-1.3215017318725586,0.20351704955101013,-2.6205005645751953,-3.1343963146209717,2.008474826812744,-0.2629908323287964,-1.0024689435958862,-1.343867301940918,-0.693584680557251,-1.0835906267166138
fcaf434a5,-2.4325878620147705,-0.6817481517791748,-0.43089058995246887,1.8122906684875488,-1.7757532596588135,0.04402240365743637,5.938162803649902,1.1023246049880981,-3.318047523498535,1.0870633125305176,1.8832142353057861,3.367347240447998,-0.6037918925285339,-2.6799209117889404,-0.01695874333381653,2.1045217514038086,-0.8480803966522217,0.06398721039295197,0.606583833694458,0.7904846668243408,2.1409976482391357,-3.5342392921447754,-0.23785154521465302,2.0212156772613525
fcb77a2b5,-2.598332166671753,-4.013516426086426,-5.213150501251221,5.277063369750977,-1.0690754652023315,-0.05370347201824188,-7.400811195373535,-4.815915584564209,0.5515089631080627,-5.7102766036987305,-3.2223763465881348,-6.965074062347412,5.9883713722229,-0.8545956015586853,-3.1455588340759277,-2.4719815254211426,-7.26956844329834,-8.513626098632812,5.811227798461914,-5.239302635192871,-6.399093151092529,-1.9507211446762085,-0.13350917398929596,0.46137112379074097
fccf36014,-3.9093117713928223,2.6927359104156494,-2.7562882900238037,4.774359703063965,-3.3263678550720215,-3.1704673767089844,-1.6725859642028809,-1.594900131225586,-4.782654285430908,-1.3332452774047852,-1.5055580139160156,-2.310572624206543,-4.147495746612549,-1.1600914001464844,-2.574906587600708,-1.085342526435852,4.303092956542969,-1.4934262037277222,-3.826094150543213,-2.9855949878692627,-1.212820291519165,-2.7121803760528564,-1.5357452630996704,-0.829322338104248
fcd2c3ef1,-3.6648879051208496,2.9301373958587646,-4.224055767059326,5.321545124053955,-2.575639009475708,-3.7553789615631104,-2.8446338176727295,-1.5691560506820679,-3.8047266006469727,-0.7194621562957764,-2.3171722888946533,-2.1237025260925293,-2.9592700004577637,-0.2317146360874176,-2.9719815254211426,-0.6817270517349243,5.296256065368652,-1.129462718963623,-3.519791841506958,-3.7586569786071777,-1.9552816152572632,-1.693223476409912,-2.1346659660339355,-2.372802257537842
fcf117a1b,-2.1143078804016113,1.3715360164642334,-3.247870922088623,5.030794620513916,-1.9003125429153442,-2.11269474029541,-0.7563967704772949,0.1821327805519104,-4.562079906463623,-0.8069437742233276,-0.6136127710342407,-0.23221774399280548,-3.2356159687042236,-3.348515272140503,5.710525989532471,3.5073435306549072,-3.3221492767333984,-3.1024041175842285,0.08224007487297058,-2.852670669555664,-2.005829095840454,-1.8873854875564575,0.009290657937526703,-0.4019443392753601
fd15ef1fb,-2.3349523544311523,-0.5554376244544983,0.6899505853652954,2.647078514099121,-1.0863947868347168,0.4483568072319031,-0.7584038376808167,0.1350458562374115,-2.4249582290649414,0.48341530561447144,0.34170418977737427,0.23341110348701477,0.745349109172821,-1.203989028930664,-0.7350820302963257,0.24137458205223083,-1.962697982788086,-0.3103258013725281,0.5692974328994751,-0.8790189623832703,0.08954229950904846,-1.997507095336914,-0.40508049726486206,-0.13590486347675323
fd29d2de9,-6.392442226409912,2.1675004959106445,-5.841805934906006,5.768123626708984,-4.141730785369873,-2.9003779888153076,-3.16412091255188,4.052394866943359,-7.127171993255615,-3.486753463745117,-2.739259719848633,-0.3235088288784027,-4.931344032287598,-3.851052761077881,6.129512786865234,4.1607770919799805,-3.862252712249756,-5.539511680603027,-2.47165846824646,-3.786898136138916,-4.120934963226318,-3.405308485031128,-0.2923082709312439,-2.5522193908691406
fd50e03f6,-2.3844008445739746,3.533163547515869,6.784509181976318,5.539660453796387,-2.9192135334014893,-0.521477460861206,-2.6214089393615723,0.11562499403953552,-4.986531734466553,-0.37661033868789673,-1.1240260601043701,-2.609869956970215,-2.1629257202148438,-2.4698984622955322,-2.562084197998047,-0.5273481011390686,-1.3710309267044067,-2.7314367294311523,-2.1718626022338867,0.13524013757705688,-0.5523727536201477,-1.95333731174469,-0.6481428146362305,-2.551448106765747
fd93fb244,-2.98850679397583,-1.0269949436187744,-0.07596328109502792,2.9438750743865967,-0.30538633465766907,-0.1277436763048172,-1.06144380569458,0.7295327186584473,-2.6709704399108887,0.54964280128479,0.16672620177268982,-0.2445679008960724,0.7146837711334229,-3.4038949012756348,-0.8333014249801636,-3.133876085281372,-1.3280551433563232,-0.22741183638572693,0.9510859251022339,0.2057262510061264,0.651455819606781,-1.530160665512085,-2.232961654663086,3.8566489219665527
fd9ce9c83,-3.1181106567382812,-1.344766616821289,-3.2488973140716553,3.500922203063965,-0.41687944531440735,-2.1528244018554688,-7.099815845489502,-1.712725281715393,-3.0025484561920166,-3.903214693069458,-2.7638683319091797,-5.2700090408325195,0.11303788423538208,-4.220500469207764,4.577099800109863,-4.302143573760986,-6.757508277893066,-7.272893905639648,4.2046356201171875,-3.2606723308563232,-4.609212398529053,1.1439836025238037,-2.2735354900360107,-0.9168360233306885
fdcfb05e6,6.9089250564575195,6.444253921508789,-3.28220272064209,5.1127166748046875,-1.0208089351654053,-5.036334991455078,-3.9288406372070312,-1.856690764427185,-2.8005013465881348,4.75946044921875,-2.02524471282959,-4.385108470916748,4.6984381675720215,-1.7715034484863281,-2.3326034545898438,-0.2609114348888397,-4.205662727355957,-5.329644203186035,5.8478803634643555,-4.384953498840332,-5.780539512634277,-1.9395394325256348,-3.9895315170288086,0.808455765247345
fdd48b264,-6.018456935882568,4.087268352508545,-4.929989814758301,5.707777976989746,-4.4974822998046875,-4.7910308837890625,-3.8304762840270996,-1.6999644041061401,-6.619318008422852,-3.040931224822998,-2.508070945739746,-3.3762755393981934,-6.0830559730529785,2.55015230178833,-4.200925827026367,-0.27467185258865356,6.6589460372924805,-3.2043590545654297,-6.185998916625977,-4.174166679382324,-3.4059321880340576,-3.9787790775299072,-2.7401528358459473,-3.7429018020629883
fddd93e7c,-2.7514524459838867,-4.741756916046143,-4.721349716186523,5.221296310424805,-2.4673609733581543,-0.21636968851089478,-7.766149997711182,-4.749958038330078,2.048691749572754,-6.248023986816406,-3.467252254486084,-7.119704246520996,5.594831943511963,-0.8005714416503906,-5.128388404846191,-2.535403251647949,-6.5663347244262695,-8.737794876098633,5.2511115074157715,-5.096859931945801,-6.502382755279541,-2.509537696838379,0.20029492676258087,-0.7564268708229065
fe0745316,-1.0778965950012207,-0.1550128310918808,0.39368656277656555,2.3401248455047607,-0.6140221953392029,-0.9761316180229187,-2.5509307384490967,-0.5444743037223816,-1.7593541145324707,-0.7340423464775085,-1.5566096305847168,-1.9685261249542236,1.1049234867095947,-1.4368897676467896,0.34203439950942993,-1.9246004819869995,-0.969785213470459,-2.3770556449890137,1.7842400074005127,-0.34748074412345886,-0.7537171840667725,0.3863500952720642,-2.2576403617858887,-1.078642725944519
fe1fcc638,-3.7875864505767822,-0.3427007496356964,-1.4008500576019287,1.4682157039642334,-2.9595999717712402,-1.5274547338485718,1.350743055343628,0.013654850423336029,-4.249842166900635,1.2227787971496582,-0.5953726768493652,0.7432941794395447,-2.5580358505249023,-3.198350429534912,-1.7993550300598145,1.1682677268981934,1.1728874444961548,1.0737022161483765,-2.5226361751556396,-0.9085779786109924,1.4147042036056519,-3.6732430458068848,-2.407247543334961,-1.1990808248519897
fe3f68ca9,-3.128740072250366,-0.2622423470020294,-2.278841733932495,0.3304519057273865,-2.762441873550415,-2.231541395187378,1.3699415922164917,2.019573211669922,-3.8043746948242188,0.6015560626983643,-0.028076037764549255,3.2165355682373047,-2.3042662143707275,-3.218862533569336,-0.6198951005935669,1.671762228012085,0.8962392807006836,0.8183364272117615,-2.4647397994995117,-0.7662578821182251,0.4484946131706238,-3.1244802474975586,-1.3679002523422241,0.7953634262084961
fe53dbb7a,-5.984901428222656,-0.6057833433151245,-3.293437957763672,3.798896312713623,-5.733885765075684,-3.2775285243988037,-0.2531850337982178,5.184226989746094,-5.4484381675720215,-1.2008366584777832,-2.036324977874756,2.557037830352783,-4.648550510406494,-4.078280448913574,-2.9942612648010254,1.6552951335906982,3.029343605041504,-1.186117172241211,-5.09439754486084,1.3208584785461426,1.1362676620483398,-5.041363716125488,-2.0652410984039307,-2.564662218093872
fe5537a7c,2.340332269668579,1.2367324829101562,0.4181765615940094,2.3562917709350586,-0.6930014491081238,-0.26796966791152954,-0.9437523484230042,1.0041495561599731,-2.661628007888794,1.2149721384048462,-0.4682755470275879,-0.4103473424911499,-0.12129802256822586,-2.793958902359009,0.6490283012390137,0.12628315389156342,-1.2364581823349,-1.03892982006073,2.7805721759796143,0.08017030358314514,0.7592038512229919,-1.6415423154830933,-1.614694356918335,0.7469804883003235
fe906041f,-1.3596036434173584,0.8175572156906128,5.086492538452148,1.5755338668823242,-2.8319830894470215,-0.8086352944374084,-1.0306925773620605,-0.1895509511232376,-3.1618762016296387,-0.5988701581954956,-0.5974663496017456,-0.6079579591751099,-0.41961169242858887,-2.280588150024414,-0.9067983627319336,2.9391441345214844,-1.7982527017593384,-1.7278382778167725,-0.9104729890823364,0.5122659206390381,-0.09270451962947845,-3.273888111114502,-0.016071543097496033,-1.0220980644226074
fe9ddf24e,0.2871493101119995,2.5480880737304688,0.35384291410446167,3.4086828231811523,-0.8902037143707275,-1.0572201013565063,-1.037607192993164,0.7373977899551392,-3.3982551097869873,1.2113691568374634,-0.12250366806983948,-0.18100139498710632,-0.1674337089061737,-0.7731443643569946,3.248528003692627,1.6289293766021729,-1.488936424255371,-1.0674513578414917,0.18067747354507446,-1.4810489416122437,-1.0103328227996826,-0.8420839905738831,-0.49051764607429504,3.2913031578063965
fea7d7c01,-4.973615646362305,-1.8303632736206055,-2.6224942207336426,-0.3713771104812622,-4.869716644287109,-2.557131290435791,-0.11133972555398941,3.8465781211853027,-4.554412364959717,-1.4861336946487427,-1.1091493368148804,4.710704803466797,-3.9007599353790283,-3.7407543659210205,-3.88374924659729,0.12531766295433044,0.02671840786933899,-1.3310332298278809,-4.048908233642578,-0.3411805033683777,0.3156111538410187,-5.349194049835205,-1.2481555938720703,-2.4045119285583496
feaf9f043,0.18698817491531372,2.3919677734375,1.3364733457565308,2.877332925796509,-0.6947809457778931,-0.4533633589744568,-0.721792459487915,0.40612271428108215,-2.5546109676361084,1.6091266870498657,-1.113706111907959,-0.3436952829360962,-0.4650726020336151,-1.229659914970398,0.3501985967159271,0.38315269351005554,-0.026340216398239136,-0.28561508655548096,1.1634230613708496,1.7516645193099976,0.49116796255111694,-0.5523043870925903,-1.3906773328781128,0.6580597758293152
febd0eaef,-4.639000415802002,1.9641491174697876,-3.3583498001098633,3.595107316970825,-3.496166229248047,-3.717897891998291,0.5699445605278015,-0.9827860593795776,-5.17341423034668,0.7289280891418457,-1.5774450302124023,0.08185210824012756,-3.354755401611328,-1.2715628147125244,-2.886122703552246,1.8096163272857666,4.673008918762207,1.6174947023391724,-3.7665398120880127,-2.7444186210632324,-0.11981012672185898,-3.458550453186035,-2.1804962158203125,-1.5861589908599854
fece28dd3,5.251382827758789,5.162447452545166,-3.836487293243408,4.427687168121338,-0.25966086983680725,-2.7986748218536377,-3.922044277191162,-0.5363173484802246,-2.098721504211426,1.1512459516525269,-1.1479408740997314,-2.862532377243042,3.17203688621521,-1.2473307847976685,0.08695366978645325,0.9038494229316711,-3.3308091163635254,-6.055351734161377,4.538730621337891,-4.473034858703613,-5.153131484985352,-0.7313516736030579,-1.864405870437622,1.038984775543213
ff067e3b6,-5.3794097900390625,-2.942453384399414,-1.1278306245803833,4.717104911804199,-1.5915073156356812,0.09847157448530197,-0.11105070263147354,-1.7111084461212158,-4.202816963195801,-1.0409915447235107,0.34446150064468384,-1.7034207582473755,0.022157792001962662,-4.369507312774658,-3.3337507247924805,-2.103775978088379,-2.3383255004882812,-1.2239221334457397,-0.16273409128189087,-1.7262113094329834,0.3565540909767151,-2.9067161083221436,-2.062061071395874,4.475879669189453
ff0b6944e,-1.3155879974365234,-0.26672792434692383,-2.3865537643432617,5.402726650238037,4.228506088256836,-1.1957311630249023,-3.555274486541748,-2.7825045585632324,1.0841578245162964,-1.1976791620254517,-3.8821895122528076,-2.4464609622955322,6.383744239807129,2.517451524734497,0.2830997705459595,0.533196210861206,-2.7942168712615967,-4.077725887298584,6.153205871582031,-2.831242322921753,-3.7523553371429443,3.69012451171875,-1.3410409688949585,-0.3324602544307709
ff523f7b4,-1.5578471422195435,-2.933799982070923,-1.269463062286377,1.6483076810836792,-2.397845983505249,-0.29418879747390747,-2.9260177612304688,0.5706522464752197,-2.3859851360321045,-1.912472128868103,-1.0470377206802368,-1.631288766860962,1.4884703159332275,-3.416477680206299,-1.7295312881469727,-1.1989338397979736,-2.8633060455322266,-4.0221710205078125,3.575270175933838,-0.6647197008132935,-1.0225263833999634,-3.4807682037353516,-1.7472323179244995,0.42459821701049805
ff6756879,-2.5330333709716797,-0.7032341957092285,-0.10035660862922668,2.6297078132629395,-3.157914161682129,-1.3484091758728027,0.775154709815979,3.0527796745300293,-3.7874410152435303,1.4755549430847168,0.07818056643009186,5.023351192474365,-1.595456838607788,-3.101285696029663,-0.8060948252677917,1.601946473121643,0.07675844430923462,2.2083992958068848,-0.9107404947280884,-0.2530243992805481,0.6086156964302063,-3.240511417388916,-1.1727598905563354,-0.9939197301864624
ff68f3ac3,-3.51416015625,-0.7487508058547974,-2.1930527687072754,5.938471794128418,1.4149940013885498,7.267571926116943,-3.0116164684295654,-1.412103533744812,-0.19810578227043152,-1.4531923532485962,-0.9283772110939026,-2.2746737003326416,4.991758346557617,2.4997737407684326,-1.048656702041626,3.331606388092041,-3.9668052196502686,-2.9971978664398193,4.679892063140869,-1.0190273523330688,-0.6571449637413025,-2.3698570728302,0.9979863166809082,3.629530906677246
ff973e852,-4.718170642852783,-1.9080638885498047,-2.34787917137146,1.1453717947006226,-4.993505001068115,-2.3919119834899902,1.091456651687622,4.567324638366699,-5.286193370819092,1.158617377281189,0.6400392651557922,2.494556427001953,-3.6783487796783447,-4.963117599487305,-1.7503092288970947,2.166461229324341,-0.6080682873725891,1.6915853023529053,-3.7062549591064453,1.0982059240341187,1.6218023300170898,-5.07234001159668,-1.7606515884399414,-1.4265713691711426
ffa5cf6d6,-2.2512803077697754,1.2236510515213013,1.44636869430542,3.229085922241211,-2.3144240379333496,-0.2716023623943329,1.0787273645401,0.4469802975654602,-4.064146041870117,2.1699466705322266,0.16453692317008972,0.3052009046077728,-1.3893303871154785,-2.2774362564086914,-0.46873167157173157,2.8608202934265137,-0.7924525737762451,1.717707872390747,-1.4930421113967896,-0.45447781682014465,1.273560643196106,-2.2939982414245605,-1.3665121793746948,0.023792371153831482
ffa88cbb8,-2.8913323879241943,2.086557149887085,0.320271372795105,4.668766498565674,-1.6972177028656006,-1.0693739652633667,-2.7878944873809814,0.6750447750091553,-3.706665515899658,0.4450036287307739,-1.1259765625,-2.508733034133911,-0.899997353553772,-0.6833298206329346,-1.0520610809326172,0.6359665989875793,0.32465291023254395,-2.327892303466797,-1.482325553894043,-2.387850046157837,-0.9222716093063354,-0.5058037042617798,-1.366171956062317,-0.17921629548072815
ffda5d7b3,-3.0046772956848145,-0.3915516138076782,5.184507846832275,2.47971248626709,-1.2803661823272705,0.5214976072311401,-2.9389073848724365,-1.2573503255844116,-1.5392401218414307,-0.9292914271354675,-1.988019347190857,-1.7004691362380981,2.56905460357666,-0.7414370775222778,-1.9862127304077148,-0.11431197822093964,-2.307995319366455,-2.200793981552124,1.355976939201355,0.6392002701759338,-0.07842013984918594,-1.899422526359558,0.7279396057128906,-0.9700132608413696
